16 1164
18 1164
19 1164
20 1164
22 1164
38 1164
38 20573
40 1164
40 7996
40 20619
41 1164
72 71
72 11390
74 17522
101 12207
117 15627
139 10592
140 13519
163 953
163 3909
163 9642
163 12616
163 15823
163 19152
163 22994
182 20573
182 24769
184 8495
184 16690
184 20254
184 20573
184 21008
184 21100
198 9483
203 16601
214 13215
215 9642
215 13215
217 13215
276 17847
292 13215
337 18038
343 10349
343 13215
359 20449
366 367
366 369
366 374
366 1108
366 1116
366 1117
366 10140
366 10619
366 19930
367 10619
368 4992
369 374
369 3321
369 4992
369 10619
370 4992
370 10619
372 4992
372 10619
373 4992
373 10619
374 10619
390 20254
409 2285
410 22316
425 5184
425 12737
425 15593
432 2205
432 7659
432 12207
432 22055
433 6280
433 7659
433 12207
433 13950
433 23127
434 2205
434 2928
434 5233
434 6280
434 7659
434 10629
434 12207
472 1942
472 2205
472 2928
472 6637
472 10740
472 11798
472 12207
472 15030
472 15032
472 15040
472 19519
472 21537
472 22348
474 12202
474 12207
475 10739
475 21352
475 21540
477 21551
479 7992
481 7992
503 425
532 17774
553 10300
646 21047
675 1119
676 4766
676 13485
676 13486
676 15333
676 23530
676 23967
681 23530
691 3974
704 21334
725 2352
725 3828
725 24330
725 24333
761 11918
777 16895
777 23436
812 9642
812 10349
812 24988
813 13215
818 16689
829 22437
843 13486
843 23530
844 13486
844 23530
861 15455
862 3122
862 5932
862 6496
862 20573
863 3122
863 5932
863 6496
863 23085
865 1164
893 13589
902 13215
912 1164
912 1798
912 12376
912 12379
912 13742
912 16562
912 16563
912 16988
912 24379
912 24382
920 7431
922 1012
924 15162
939 9505
939 9506
939 19334
945 5212
945 23430
952 955
957 950
957 952
966 686
966 16675
968 16675
971 10141
972 9544
972 14477
972 22297
973 9544
973 14477
1001 10307
1012 922
1036 20230
1042 21102
1043 12614
1048 20081
1055 14497
1070 16153
1094 12202
1094 12207
1111 12728
1111 20573
1116 13097
1119 20081
1119 21150
1126 21007
1129 10349
1140 2205
1140 9752
1140 12207
1140 14007
1141 12207
1142 475
1142 1942
1142 2205
1142 3376
1142 6637
1142 9752
1142 11798
1142 12207
1142 15029
1142 15030
1142 15040
1142 15042
1142 18989
1142 19519
1142 21345
1143 1942
1143 11798
1143 12202
1143 12207
1143 21540
1144 12207
1151 1999
1151 5555
1151 7039
1151 7788
1151 8102
1151 11621
1151 20566
1164 1165
1164 2285
1168 1164
1201 20368
1223 10349
1223 13215
1223 24988
1275 17028
1277 4767
1298 23848
1313 7599
1313 10839
1313 15858
1313 21257
1353 15976
1355 1142
1355 5233
1355 11700
1355 11702
1355 16906
1355 21032
1355 21540
1356 1942
1356 7659
1356 11798
1356 12207
1359 2276
1367 9383
1367 15994
1367 18488
1367 19056
1371 12207
1371 21540
1372 2205
1372 12207
1379 80
1379 8199
1379 15627
1379 18288
1379 23992
1380 80
1380 8199
1380 10511
1381 80
1381 8199
1381 15627
1382 3140
1382 4229
1382 4231
1382 17892
1385 3849
1390 21007
1397 999
1397 24114
1398 4229
1398 23697
1416 17207
1465 24133
1511 3478
1511 4637
1511 7721
1511 8281
1511 10940
1511 19152
1554 20573
1589 4992
1592 366
1592 4992
1592 5962
1599 3074
1600 7992
1601 7992
1612 3963
1622 19152
1625 23918
1661 3778
1661 11800
1661 13741
1661 14119
1662 10312
1666 4363
1694 9642
1694 13215
1720 6005
1722 23552
1744 15976
1745 9846
1746 15976
1746 23967
1752 4611
1754 18048
1772 1119
1772 20081
1798 12376
1798 12379
1843 24859
1858 4611
1872 1164
1891 1900
1897 9120
1904 1903
1907 14334
1907 18760
1930 11385
1935 5212
1938 3828
1940 5738
1940 24333
1941 1940
1941 3828
1942 4493
1942 13999
1942 21924
1942 21926
1961 15627
1974 6756
1974 15976
1996 12202
1996 12207
1996 16908
1996 21540
2000 1942
2000 2928
2000 6637
2000 7659
2000 11798
2000 12207
2000 14040
2000 18989
2000 21345
2001 16153
2002 1942
2002 2205
2002 2928
2002 7659
2002 11798
2002 12207
2002 15040
2002 18989
2002 22348
2003 2205
2003 7659
2003 12202
2003 12207
2060 13215
2073 9642
2073 10349
2073 13215
2073 24988
2079 2082
2079 9903
2082 2079
2082 24126
2101 17028
2101 19863
2141 10300
2203 24682
2204 1942
2204 10740
2204 12207
2205 4259
2205 7956
2205 10740
2205 12202
2205 12207
2205 12683
2205 23726
2208 8698
2242 7440
2251 16152
2264 9903
2264 15976
2276 1700
2276 1974
2276 5455
2276 15333
2276 15976
2276 21551
2276 21938
2276 23843
2279 2281
2281 12876
2282 24491
2289 2707
2289 5441
2289 11282
2289 11284
2289 11285
2289 11286
2289 11287
2289 11289
2289 11291
2289 12252
2289 12733
2289 17604
2289 21060
2289 22919
2290 20573
2301 1055
2302 15976
2341 1164
2341 20254
2378 2205
2378 12202
2378 12207
2381 7659
2383 9642
2384 7659
2384 12202
2385 2205
2424 24355
2450 13326
2453 20057
2461 21003
2461 21004
2469 2928
2469 5233
2469 12202
2469 12207
2469 16907
2469 21031
2469 22347
2547 182
2547 2285
2547 3074
2547 9719
2547 10253
2547 11576
2547 12490
2547 14651
2547 16689
2547 22994
2547 23085
2547 23438
2550 15458
2558 16675
2562 4635
2562 13486
2562 14453
2562 14455
2570 12373
2570 24376
2571 22188
2575 10274
2575 20667
2595 24682
2608 2604
2608 7529
2608 21867
2635 8977
2635 8983
2635 11739
2635 17990
2635 18227
2635 18229
2635 20057
2635 22919
2648 13583
2652 2653
2653 14574
2653 17185
2703 4689
2703 15526
2703 15529
2707 15529
2708 747
2708 12247
2708 15529
2717 1164
2718 1164
2741 372
2741 374
2741 3074
2741 19790
2748 23901
2779 8695
2804 4201
2806 13589
2826 337
2826 1164
2826 2054
2826 2285
2826 3122
2826 5932
2826 6496
2826 7555
2826 8495
2826 10459
2826 11859
2826 13106
2826 14399
2826 15616
2826 15918
2826 16684
2826 17727
2826 18038
2826 18775
2826 20573
2826 20619
2826 23085
2828 1164
2829 1164
2829 2054
2829 10459
2830 9060
2830 9061
2831 1164
2848 13928
2849 13928
2887 7571
2887 10347
2888 7571
2888 10347
2888 13483
2888 13485
2891 10351
2891 10352
2891 13209
2891 13483
2891 13484
2891 24987
2892 7568
2892 7569
2892 10349
2892 10352
2892 13209
2892 13483
2892 13484
2892 24987
2928 1942
2928 3376
2928 10740
2928 11798
2928 12202
2928 12207
2928 12259
2928 15029
2928 15030
2928 15032
2928 15040
2928 15883
2928 19519
2928 21540
2928 22348
2928 24212
2928 24225
2928 24230
2931 3909
2938 20573
2943 18697
2984 17141
2987 9612
2988 13486
2988 15489
2990 13486
3013 15860
3043 5189
3057 9314
3061 21375
3072 3121
3072 13326
3073 18707
3074 3904
3074 16689
3074 18707
3074 20985
3075 9314
3121 13326
3122 18038
3135 1973
3135 14494
3135 21441
3140 3136
3140 7337
3203 20985
3235 12975
3235 19850
3236 23967
3237 18336
3237 21102
3247 19001
3251 3463
3254 11798
3254 12202
3254 12207
3258 1942
3258 2928
3258 6637
3258 11798
3258 12207
3258 13950
3258 14040
3258 15030
3258 15552
3258 16186
3258 16188
3258 22055
3270 1942
3270 12207
3272 1942
3272 2928
3272 3316
3272 5233
3272 7659
3272 9752
3272 10740
3272 11798
3272 12202
3272 12207
3272 15029
3272 15032
3272 15040
3272 16908
3272 18979
3272 18989
3272 19519
3272 21030
3272 21031
3272 22348
3272 23317
3273 2205
3273 7659
3273 12202
3275 5233
3275 10740
3275 12202
3275 21031
3285 14453
3285 14455
3292 2205
3292 12207
3292 15040
3295 9752
3295 12202
3297 12207
3316 1942
3316 2928
3316 6637
3316 11798
3316 12207
3316 22347
3317 1942
3317 2928
3317 11798
3317 12207
3317 14040
3317 21345
3321 747
3321 4637
3321 8342
3321 10940
3321 11893
3321 13589
3321 13833
3383 2943
3383 20482
3383 21012
3383 23967
3387 4611
3387 9544
3388 22297
3389 14477
3389 22297
3390 14477
3390 22297
3457 1164
3478 4637
3478 10940
3478 19152
3523 13898
3523 16675
3523 21102
3528 19790
3528 20081
3540 12202
3595 1119
3609 9060
3609 9061
3609 22785
3611 14455
3619 1942
3619 6280
3619 12207
3619 15552
3619 22055
3621 1140
3621 1142
3621 1942
3621 2204
3621 2205
3621 2928
3621 3540
3621 4016
3621 5072
3621 5233
3621 7853
3621 9068
3621 10644
3621 11702
3621 12207
3621 13950
3621 14462
3621 15551
3621 15552
3621 16186
3621 16188
3621 21030
3621 21032
3621 21232
3621 22055
3621 22348
3621 23127
3621 24231
3625 1942
3625 2928
3625 7659
3625 11798
3625 15552
3625 16186
3625 23127
3634 20267
3670 2001
3670 2425
3670 6756
3670 8157
3670 9846
3670 12410
3670 24617
3670 24618
3670 24620
3671 5334
3671 8157
3671 18693
3671 24618
3671 24619
3671 24620
3686 9544
3686 22297
3688 9544
3688 22296
3690 4611
3690 18048
3747 5233
3747 7659
3747 9752
3747 10740
3747 11706
3747 11798
3747 12207
3747 14317
3747 15032
3747 15040
3747 16908
3747 18078
3747 18979
3747 21030
3747 21031
3747 21540
3747 23317
3747 23541
3762 12207
3778 3383
3778 3909
3778 14185
3793 8492
3793 15627
3798 3800
3803 9799
3808 3804
3808 5455
3808 12175
3808 19742
3808 19743
3814 4229
3814 4231
3814 6715
3814 14453
3814 14455
3840 20573
3841 2205
3841 12202
3841 12207
3842 2205
3846 12202
3856 9846
3858 1167
3858 2285
3858 2422
3858 2826
3858 5932
3858 10459
3858 13106
3858 18111
3858 20573
3858 23085
3890 15455
3890 15627
3891 1024
3891 10349
3891 13215
3902 3121
3902 8734
3902 14651
3902 18336
3902 18426
3903 14649
3903 18336
3904 3121
3908 8495
3909 163
3909 1043
3909 3121
3909 3778
3909 12488
3909 13326
3909 20985
3909 23122
3909 24158
3926 939
3926 8734
3926 16690
3926 17494
3926 21007
3926 21102
3927 15723
3927 21102
3938 13898
3978 10594
3996 14472
3997 14472
4004 16616
4004 23530
4013 16152
4013 21100
4016 2205
4016 3376
4016 11798
4016 15030
4016 19519
4017 1942
4017 9752
4019 12202
4019 12207
4021 1942
4021 2205
4021 12202
4021 12207
4044 14477
4092 13486
4092 16616
4092 21759
4092 23530
4123 13486
4142 19288
4142 20573
4142 22881
4175 3387
4175 4611
4175 4612
4175 4614
4175 12135
4175 14477
4175 17036
4175 17038
4175 19851
4175 19852
4175 22297
4176 4180
4177 972
4177 973
4177 1753
4177 3688
4177 4611
4177 4612
4177 12771
4177 14477
4177 17034
4177 17036
4177 17038
4177 18048
4177 19851
4177 20062
4177 20065
4177 22297
4178 14477
4178 22297
4179 1108
4179 1116
4180 972
4180 973
4180 1753
4180 3387
4180 3388
4180 3688
4180 4611
4180 4612
4180 4614
4180 8442
4180 11663
4180 12135
4180 12771
4180 14477
4180 14490
4180 17034
4180 17036
4180 17038
4180 18048
4180 18049
4180 19851
4180 19852
4180 19853
4180 20063
4180 20065
4180 22010
4180 22297
4181 14477
4181 17038
4181 19850
4181 22297
4182 18048
4182 22297
4201 11426
4201 21047
4202 8199
4202 11426
4202 11918
4202 13589
4202 15375
4202 21047
4203 11426
4203 15375
4203 21047
4204 21047
4205 9893
4205 11426
4205 15375
4205 21047
4206 11426
4206 15375
4206 21047
4211 9642
4211 13215
4229 9643
4229 19440
4229 19442
4231 5505
4231 9642
4231 19440
4231 19441
4232 9642
4252 4906
4279 20422
4312 2285
4312 12909
4319 15861
4423 971
4423 12054
4423 14520
4423 15333
4423 15764
4423 15766
4423 21918
4423 21919
4423 22953
4475 10594
4476 21926
4478 10594
4479 5272
4479 14334
4489 20985
4512 4514
4513 4514
4514 15846
4514 21375
4529 11638
4529 13770
4529 19226
4536 10978
4536 10979
4536 10984
4619 4611
4619 4612
4633 7567
4633 14453
4633 14455
4634 14453
4634 14455
4635 3814
4635 5505
4635 5805
4635 7565
4635 7567
4635 7568
4635 7571
4635 9642
4635 10347
4635 10348
4635 10349
4635 10352
4635 13209
4635 13483
4635 13485
4635 15185
4635 19441
4635 24987
4635 24988
4637 11918
4637 14385
4644 1048
4644 1119
4644 2990
4644 3422
4644 3638
4644 7565
4644 7571
4644 8171
4644 8173
4644 8174
4644 9253
4644 9642
4644 9643
4644 10349
4644 10352
4644 13485
4644 14886
4644 14891
4644 17756
4644 21925
4644 23957
4644 23961
4672 4674
4682 20573
4682 24937
4689 16675
4701 4707
4701 6296
4701 24530
4705 999
4705 21892
4706 13796
4707 16675
4739 1904
4761 9642
4828 163
4828 9903
4828 13828
4828 16505
4828 23967
4865 7488
4865 20256
4904 4906
4904 23848
4904 24978
4906 24980
4939 7569
4939 7571
4939 10347
4939 10348
4939 10349
4939 10352
4939 14293
4939 24988
4940 13486
4940 14453
4963 17028
4992 1351
5010 7992
5021 3808
5025 21047
5027 21047
5052 12884
5067 1942
5067 11798
5067 12202
5067 12207
5068 18078
5068 21540
5069 1142
5069 2928
5069 5227
5069 5233
5069 7659
5069 7956
5069 9752
5069 10740
5069 11700
5069 11702
5069 11798
5069 12261
5069 14317
5069 14462
5069 16907
5069 16908
5069 18078
5069 21030
5069 21031
5069 21032
5069 21540
5069 22348
5069 23317
5070 2928
5070 7659
5070 11798
5070 12202
5070 22347
5071 1142
5071 2205
5071 12207
5072 1942
5072 2205
5072 5233
5072 9752
5072 12207
5072 15040
5072 16908
5072 21031
5073 2205
5073 2928
5073 5233
5073 6637
5073 7659
5073 11798
5073 12207
5073 22347
5074 1942
5074 12202
5076 1942
5076 2205
5076 5233
5076 7659
5076 9752
5076 12207
5076 21031
5078 3523
5078 5077
5078 8839
5078 22841
5087 9642
5125 7992
5126 955
5126 7992
5127 7992
5140 1942
5140 2205
5140 2381
5140 2469
5140 3273
5140 3295
5140 4493
5140 5225
5140 6280
5140 7659
5140 7852
5140 7855
5140 7956
5140 8242
5140 9071
5140 9072
5140 9728
5140 9749
5140 11940
5140 12257
5140 13950
5140 18439
5140 18442
5140 18981
5140 19312
5140 19438
5140 19678
5140 20024
5140 21350
5140 23322
5158 15723
5159 18426
5210 5212
5211 5212
5212 23967
5212 24732
5220 11121
5225 2205
5225 7659
5226 1942
5226 12202
5227 1942
5227 7659
5227 11798
5227 15029
5227 15030
5227 15040
5227 18989
5227 19519
5230 7659
5232 2205
5232 12202
5232 12207
5233 472
5233 475
5233 1094
5233 1140
5233 1942
5233 2204
5233 2205
5233 2928
5233 3376
5233 3540
5233 3842
5233 4017
5233 4259
5233 6637
5233 6638
5233 7659
5233 7956
5233 8242
5233 9752
5233 10644
5233 10740
5233 11798
5233 12230
5233 12260
5233 12262
5233 14040
5233 15029
5233 15030
5233 15032
5233 15040
5233 15646
5233 16907
5233 16908
5233 18442
5233 18444
5233 18989
5233 19519
5233 21345
5233 21537
5233 22348
5233 23317
5239 827
5239 1032
5239 5220
5239 6004
5239 10072
5239 11068
5239 11385
5239 15976
5239 15977
5239 16689
5239 20092
5239 23967
5239 24380
5240 13589
5241 5239
5243 15455
5243 15976
5243 19873
5256 16675
5334 80
5334 16887
5337 15455
5342 5340
5374 15333
5412 10312
5412 19521
5413 10312
5420 2205
5420 2928
5420 13950
5423 1942
5423 11798
5423 13950
5426 12202
5426 12207
5427 2205
5427 5233
5427 6280
5427 7659
5427 10629
5427 10740
5427 12202
5427 13950
5427 22055
5430 19237
5441 14919
5441 15808
5441 18038
5441 18042
5441 20228
5441 20619
5444 19145
5455 8495
5455 11733
5455 14334
5455 20053
5489 24159
5491 13486
5496 24444
5500 7567
5500 13483
5500 13485
5505 23697
5555 1151
5555 8102
5562 13589
5592 6715
5593 24326
5598 18707
5616 9642
5666 6756
5666 8349
5666 23183
5701 5700
5741 1942
5741 11798
5763 10349
5763 13215
5763 24988
5764 10349
5764 13215
5764 24988
5767 9642
5767 10349
5767 24988
5768 10349
5805 4229
5805 9799
5805 17892
5832 14455
5836 24878
5848 11385
5864 15414
5864 16747
5871 337
5871 6496
5871 8993
5871 9086
5871 11649
5871 15038
5889 14096
5892 23085
5895 932
5901 14555
5930 2285
5930 4231
5932 2285
5932 19061
5957 366
5957 369
5957 4992
5957 5962
5957 10619
5957 16123
5962 367
5962 10619
6003 10523
6003 19484
6004 17577
6004 19595
6004 23844
6005 1720
6007 15976
6042 6041
6042 6043
6056 7992
6057 17627
6088 7052
6090 3433
6090 7555
6090 7556
6090 9150
6090 11216
6090 15182
6116 21375
6118 9642
6160 15410
6160 18017
6170 14453
6170 14455
6173 11574
6173 16689
6184 5805
6184 7565
6184 10352
6184 13483
6184 13486
6184 14293
6184 15896
6184 15898
6184 16320
6184 19441
6184 19442
6195 950
6196 7109
6196 7271
6208 13215
6212 7599
6267 9642
6267 10349
6267 13215
6267 24988
6270 13215
6271 10307
6280 1140
6280 1144
6280 1372
6280 1942
6280 2002
6280 2003
6280 2204
6280 2384
6280 3270
6280 3273
6280 3842
6280 4017
6280 4021
6280 5072
6280 5074
6280 5076
6280 6283
6280 6408
6280 7853
6280 7956
6280 9752
6280 10629
6280 10644
6280 10740
6280 11312
6280 11698
6280 12202
6280 12207
6280 12230
6280 13535
6280 14007
6280 14317
6280 14458
6280 14463
6280 15031
6280 15043
6280 15046
6280 15644
6280 15885
6280 15886
6280 16902
6280 16908
6280 17102
6280 17735
6280 18075
6280 18440
6280 18444
6280 18655
6280 18656
6280 18659
6280 18996
6280 21030
6280 21031
6280 21037
6280 21538
6280 22055
6280 22657
6280 22660
6280 22695
6280 23317
6280 23319
6280 23544
6280 23726
6280 24231
6280 24232
6281 11798
6281 12202
6281 12207
6281 13950
6281 18978
6281 21030
6281 23127
6283 1942
6283 10629
6283 22055
6284 1142
6284 5233
6284 7856
6284 11700
6284 11702
6284 12207
6284 14314
6284 14462
6284 16906
6284 21030
6284 21032
6284 21540
6294 7529
6294 7992
6295 10312
6297 13589
6297 15455
6307 13589
6324 12883
6327 2276
6333 6690
6334 10523
6334 11121
6335 6756
6335 10523
6335 11121
6366 2826
6366 2829
6366 12733
6408 1942
6408 2205
6408 5233
6408 12207
6458 7659
6459 12207
6460 2205
6460 12207
6462 1094
6462 1942
6462 2928
6462 6637
6462 7659
6462 11798
6462 12202
6462 13950
6462 14040
6462 15552
6462 21345
6462 21537
6462 22055
6494 18336
6495 18336
6496 337
6496 1164
6496 3122
6496 5700
6496 8030
6496 18038
6501 20573
6508 472
6508 1942
6508 5233
6508 12207
6508 13950
6508 15552
6508 16908
6508 21031
6508 22055
6508 23127
6563 11289
6563 11290
6564 80
6564 4701
6564 6296
6564 8199
6564 13724
6564 15627
6564 19488
6564 19490
6564 19491
6589 10349
6589 10639
6589 13215
6589 19070
6589 21826
6589 23504
6589 24712
6589 24988
6595 21102
6610 6611
6611 16894
6632 12202
6632 12207
6633 14746
6633 21499
6633 21924
6637 22348
6638 2205
6639 2205
6640 1942
6640 12202
6641 12202
6641 12207
6664 13589
6672 4229
6673 2943
6682 6681
6688 7754
6690 2001
6690 15333
6690 23967
6727 2826
6747 21918
6747 21919
6756 971
6756 3902
6756 6335
6756 8839
6756 11933
6756 12054
6756 12876
6756 15217
6756 15764
6756 15765
6756 15766
6756 15768
6756 19595
6756 20985
6756 21916
6756 21918
6756 21919
6756 22954
6789 12470
6935 17469
6937 19339
6946 4808
6946 6219
6946 21280
6949 7488
6951 6405
6951 6946
6972 472
6972 1938
6972 1942
6972 2002
6972 2928
6972 3272
6972 3316
6972 3376
6972 3621
6972 4019
6972 5069
6972 5227
6972 5233
6972 6637
6972 7659
6972 7956
6972 9072
6972 9749
6972 9752
6972 10740
6972 11706
6972 11798
6972 12202
6972 12207
6972 13950
6972 14007
6972 14313
6972 14317
6972 14466
6972 15029
6972 15030
6972 15032
6972 15040
6972 15551
6972 15552
6972 15553
6972 16188
6972 16907
6972 16908
6972 17102
6972 17108
6972 18078
6972 18975
6972 18979
6972 18989
6972 19519
6972 20892
6972 21030
6972 21031
6972 21231
6972 21232
6972 21537
6972 21540
6972 22347
6972 22348
6972 22655
6972 22660
6972 23127
6972 23317
6972 23542
6972 23544
6972 24212
6972 24799
6981 7487
6990 10594
6991 10594
6991 12338
6995 4177
6995 4180
6995 4611
6995 14477
6996 4177
6996 4180
6996 4611
6996 9544
6996 22297
6997 8442
6997 14477
6997 17036
6997 18048
6997 19851
6997 22297
6999 972
6999 973
6999 3387
6999 3688
6999 4612
6999 4614
6999 8442
6999 12135
6999 12771
6999 14477
6999 14490
6999 17034
6999 17036
6999 17038
6999 17042
6999 18048
6999 19851
6999 19852
6999 20063
7000 972
7000 973
7000 3387
7000 3688
7000 4611
7000 4612
7000 6995
7000 6996
7000 8442
7000 12771
7000 14477
7000 17034
7000 17036
7000 17038
7000 18048
7000 18051
7000 19851
7000 20062
7000 22297
7001 972
7001 973
7001 1753
7001 3387
7001 3686
7001 3688
7001 4182
7001 4610
7001 4612
7001 4613
7001 4614
7001 6995
7001 6996
7001 8442
7001 9544
7001 11663
7001 12135
7001 12771
7001 14477
7001 14490
7001 17034
7001 17036
7001 17038
7001 18048
7001 18051
7001 19851
7001 19852
7001 19853
7001 20062
7001 20063
7001 22010
7001 22297
7001 24866
7002 4611
7002 14477
7002 22296
7002 22297
7039 1151
7039 8477
7039 12598
7039 21441
7052 5272
7052 23099
7053 2703
7053 16152
7061 13589
7099 15948
7099 20602
7099 22357
7100 13928
7109 6196
7112 10983
7112 10984
7114 10978
7115 10670
7115 10978
7132 7134
7171 20573
7187 2826
7190 16155
7237 20573
7284 9642
7286 13215
7287 13215
7294 13326
7314 3808
7355 13215
7355 24988
7357 10349
7402 5505
7402 5805
7402 5832
7402 7567
7402 7568
7402 7571
7402 9631
7402 9642
7402 9643
7402 10347
7402 10352
7402 13215
7402 13483
7402 13484
7402 13485
7402 14891
7402 19440
7402 19926
7403 1382
7403 1398
7403 3803
7403 5505
7403 5805
7403 7565
7403 7567
7403 7569
7403 7571
7403 9631
7403 9632
7403 9643
7403 10347
7403 10351
7403 13215
7403 13483
7403 14886
7403 14891
7403 15634
7403 16169
7403 19441
7403 21826
7403 24987
7404 5805
7404 7565
7404 13215
7404 13486
7410 12596
7410 13511
7410 23100
7422 24338
7436 2635
7436 8981
7436 11733
7436 20053
7436 20057
7438 7688
7486 7487
7486 7488
7487 8839
7488 3602
7488 6946
7509 17028
7529 5125
7529 5126
7529 8849
7529 18048
7529 21867
7533 8787
7533 13215
7535 6589
7537 15455
7540 10307
7545 9642
7545 13215
7546 9642
7546 13215
7555 1164
7556 1164
7565 3140
7565 4229
7565 4231
7565 5616
7565 6715
7565 7567
7565 9799
7565 14453
7565 14455
7565 23504
7565 23697
7566 489
7566 4231
7566 14293
7566 14455
7566 23552
7567 489
7567 490
7567 3140
7567 4231
7567 4232
7567 5616
7567 6715
7567 8788
7567 14293
7567 14453
7567 23552
7567 23697
7568 13486
7568 14453
7568 23552
7569 4229
7569 13486
7569 14455
7569 15821
7571 3140
7571 4229
7571 4231
7571 6715
7571 13486
7571 14453
7571 14455
7571 23552
7571 23697
7576 23430
7594 22139
7598 7599
7599 850
7599 1032
7599 8981
7599 17026
7612 20671
7612 21119
7650 7594
7659 101
7659 472
7659 1094
7659 2204
7659 2928
7659 3292
7659 3297
7659 3316
7659 3376
7659 3762
7659 3841
7659 4016
7659 4017
7659 6460
7659 6632
7659 6638
7659 6639
7659 6641
7659 7664
7659 7666
7659 7956
7659 8242
7659 8511
7659 9754
7659 10314
7659 10443
7659 10644
7659 10739
7659 10740
7659 12060
7659 12062
7659 12257
7659 12260
7659 12261
7659 12683
7659 13165
7659 13537
7659 13539
7659 13913
7659 14007
7659 14040
7659 14076
7659 14495
7659 15028
7659 15029
7659 15031
7659 15032
7659 15040
7659 15042
7659 15043
7659 15044
7659 15642
7659 15643
7659 15883
7659 16906
7659 16907
7659 16908
7659 17735
7659 18438
7659 18441
7659 18442
7659 18655
7659 18656
7659 18659
7659 18989
7659 19519
7659 19677
7659 19679
7659 21347
7659 21350
7659 21535
7659 21536
7659 21538
7659 21699
7659 21864
7659 21865
7659 21866
7659 22347
7659 22697
7659 23317
7659 23319
7659 23322
7659 23726
7659 23855
7659 24225
7659 24226
7659 24227
7659 24230
7664 2205
7664 12207
7666 1942
7666 2205
7666 9752
7666 11798
7666 12207
7666 15032
7668 21008
7672 5812
7672 8538
7672 8539
7672 14879
7680 8981
7680 11733
7680 20053
7680 20057
7681 8981
7698 9642
7698 13215
7699 9642
7699 13215
7721 19152
7731 24988
7737 1043
7737 18707
7763 12202
7779 2985
7786 4828
7788 1151
7821 21102
7822 21102
7838 18461
7850 1942
7850 11798
7850 12202
7850 12207
7851 1942
7851 7659
7851 11798
7851 12207
7852 2205
7852 12207
7853 1942
7853 5233
7853 7659
7853 9752
7853 10740
7853 12207
7853 14007
7853 15030
7853 17108
7853 18979
7853 20892
7853 21031
7853 23544
7854 12202
7854 12207
7855 7659
7855 10644
7855 12202
7855 18989
7856 1942
7856 7659
7856 11798
7856 12202
7856 23542
7859 1942
7877 20422
7877 22953
7889 16690
7893 10523
7927 14046
7936 1381
7936 19488
7936 19493
7955 1164
7956 1942
7956 10740
7956 12207
7957 1164
7957 9306
7991 953
7995 17990
7995 19525
7995 19927
7995 20573
7996 40
7996 2635
7996 8984
7996 11733
7996 18227
7996 20053
7996 20254
8066 1055
8081 24688
8084 9642
8089 9642
8089 13215
8102 1151
8102 5555
8112 17541
8112 22440
8113 17535
8113 17541
8113 22440
8115 17589
8115 22440
8155 3383
8167 5496
8168 24158
8174 1050
8174 9544
8175 1119
8179 16675
8186 13215
8186 24988
8190 2604
8194 15976
8199 80
8199 3890
8199 4637
8199 5334
8199 8342
8199 10940
8199 11893
8199 11894
8199 11918
8199 11922
8199 13589
8199 13833
8199 15455
8199 15627
8199 23897
8242 9752
8242 10740
8242 12202
8242 15032
8242 21536
8342 4637
8342 10625
8342 10940
8342 11893
8342 11918
8342 15333
8342 16622
8342 20473
8344 9658
8349 811
8349 3203
8349 5666
8349 13426
8349 13869
8349 18138
8349 18920
8349 20601
8349 22953
8371 6673
8371 16684
8371 17990
8408 19224
8408 19226
8411 13215
8415 2282
8415 24428
8429 16675
8436 9642
8436 13215
8437 9642
8442 4611
8442 18048
8489 10500
8490 8797
8495 2826
8495 3118
8495 9622
8495 22919
8495 23697
8500 8839
8503 22922
8511 2205
8511 12202
8606 15976
8606 15977
8616 11662
8626 5091
8627 8628
8627 16689
8627 16690
8628 714
8628 7231
8628 9904
8628 24771
8650 13898
8654 24988
8656 2575
8656 8913
8717 8734
8717 16316
8731 13589
8734 1981
8734 19334
8738 1055
8763 10349
8763 13215
8763 24988
8764 9642
8764 10349
8764 24988
8765 13215
8765 24988
8783 18336
8784 18336
8797 2285
8797 6064
8797 8840
8797 11298
8797 15333
8797 17727
8798 13073
8799 13073
8826 16875
8839 2425
8839 6496
8839 12409
8839 13741
8839 18696
8839 24618
8839 24619
8839 24620
8852 12207
8887 21375
8889 23967
8955 15447
8955 18192
8976 8981
8977 8981
8982 8981
8983 8981
8993 9777
8994 17028
8994 18607
9009 9642
9009 13215
9021 7678
9050 1164
9060 2830
9061 2830
9066 9186
9067 9642
9067 13215
9068 3376
9068 5233
9068 6637
9068 11798
9068 12207
9068 15030
9068 17108
9068 18979
9068 20892
9068 23127
9069 12202
9069 12207
9069 13950
9069 21540
9069 23127
9071 2928
9071 5233
9071 12202
9071 13950
9072 472
9072 1142
9072 2205
9072 2928
9072 3272
9072 3747
9072 4017
9072 5069
9072 5233
9072 6637
9072 7665
9072 9752
9072 10644
9072 10740
9072 11798
9072 12202
9072 12207
9072 13950
9072 14317
9072 15040
9072 16908
9072 18979
9072 18989
9072 19519
9072 19678
9072 20024
9072 21031
9072 22347
9072 22348
9072 23317
9077 13215
9086 7992
9087 163
9087 2285
9087 5010
9087 5714
9087 11662
9087 14497
9087 15846
9087 21375
9088 7992
9120 163
9151 1164
9153 1164
9171 2000
9171 3316
9171 3317
9171 5233
9171 7659
9171 7850
9171 9752
9171 10740
9171 11706
9171 12202
9171 14317
9171 16908
9171 17102
9171 21031
9171 21540
9171 22658
9171 23317
9187 15627
9205 9903
9212 6756
9244 12728
9244 20573
9273 10594
9273 20985
9293 15823
9303 20254
9307 1164
9307 3808
9307 8734
9307 11290
9314 1509
9314 2487
9314 6226
9314 18041
9314 20110
9314 23630
9314 23632
9358 21102
9359 13326
9388 13589
9394 5740
9396 20573
9416 9420
9416 21045
9455 163
9455 2826
9455 16489
9455 19745
9455 19790
9455 20985
9455 22217
9455 23844
9456 2826
9456 16489
9483 23151
9489 9642
9489 10349
9489 13215
9513 8734
9544 4610
9544 4611
9544 4612
9544 8442
9544 18048
9612 16810
9620 24633
9622 8495
9622 11662
9622 21102
9623 20573
9631 4229
9631 4231
9631 23697
9632 4229
9632 9799
9632 23697
9642 5674
9642 9799
9642 18859
9642 19763
9643 9799
9643 23697
9650 4992
9650 10619
9651 4992
9652 4992
9653 4992
9653 10619
9654 4992
9654 10619
9655 4992
9658 9656
9676 16690
9700 9538
9724 7659
9724 12202
9724 12207
9724 13950
9724 23127
9728 2205
9728 12202
9728 12207
9728 13950
9728 22055
9746 10925
9747 2276
9751 2205
9751 12207
9752 472
9752 1942
9752 2204
9752 2928
9752 4259
9752 6637
9752 10740
9752 11798
9752 12207
9752 15030
9752 15040
9752 18444
9752 19519
9752 21540
9752 22347
9752 22348
9752 24231
9754 1942
9754 2928
9754 11798
9754 12202
9754 12207
9765 12007
9767 9765
9774 20602
9791 16775
9793 13097
9793 14497
9812 15414
9813 6159
9813 6161
9813 9814
9813 17327
9813 22706
9828 7992
9835 12292
9846 7990
9846 19214
9884 11426
9891 11426
9893 11426
9893 11427
9903 4828
9903 12338
9903 24126
9935 24988
9936 9642
9936 10349
9963 9962
9976 22296
9994 6072
9997 7992
9998 7992
9999 163
9999 6056
9999 12528
9999 14555
9999 15389
9999 16518
9999 21067
10011 21102
10030 1164
10031 13786
10034 80
10034 18288
10060 24751
10072 1612
10072 4828
10072 7996
10072 9840
10072 19805
10072 20057
10072 21375
10072 21551
10091 7992
10094 7992
10106 22429
10117 8784
10118 13589
10124 5334
10125 10124
10127 6496
10140 10619
10141 10144
10143 23967
10149 21047
10157 12376
10191 1164
10191 5932
10191 6496
10191 18111
10191 20573
10191 20619
10191 21007
10201 80
10201 5265
10201 8199
10203 18760
10216 1164
10216 2826
10225 2985
10226 2985
10231 10670
10253 3074
10253 16690
10269 80
10274 2575
10274 12882
10274 22867
10307 3902
10307 3903
10307 6671
10307 6672
10307 7540
10307 8219
10307 10331
10307 13209
10307 19926
10314 12202
10331 3814
10331 6672
10347 4229
10347 4231
10347 6715
10347 9799
10347 14453
10347 23697
10348 489
10348 4229
10348 4232
10348 14293
10348 14453
10348 14455
10348 23552
10349 489
10349 951
10349 953
10349 1725
10349 3122
10349 3140
10349 4231
10349 4232
10349 4872
10349 7810
10349 13215
10349 14293
10349 14453
10349 14455
10349 15821
10349 16624
10349 24712
10351 4229
10351 4231
10352 4229
10352 5616
10352 6715
10352 14453
10352 23697
10353 1972
10383 24878
10398 9642
10398 10349
10398 24988
10415 13215
10416 13215
10443 2205
10459 409
10459 1167
10459 11934
10459 15616
10507 23530
10508 1119
10508 13486
10508 23530
10511 21475
10517 4707
10517 10511
10523 12876
10533 11614
10560 4423
10560 15690
10592 139
10592 21926
10594 686
10594 16301
10594 16302
10594 16303
10594 18106
10594 22794
10607 24860
10608 3237
10608 3523
10608 21100
10619 1586
10619 16600
10619 16601
10619 22950
10629 2002
10629 2205
10629 4017
10629 5074
10629 6408
10629 6637
10629 8511
10629 9752
10629 11798
10629 12202
10629 12207
10629 14316
10629 14317
10629 15886
10629 16902
10629 16908
10629 17735
10629 18075
10629 18659
10629 18989
10629 21030
10629 21031
10629 21037
10629 21864
10629 22347
10629 23317
10629 23726
10630 2205
10630 12207
10630 16908
10639 7403
10644 1942
10644 2205
10644 2928
10644 3376
10644 6637
10644 7956
10644 9752
10644 10740
10644 11798
10644 15030
10644 15032
10644 15040
10644 19519
10666 10979
10670 7115
10670 15018
10710 10459
10739 1942
10739 12207
10740 1942
10740 12207
10813 19152
10830 21008
10839 14555
10839 17870
10841 22650
10872 19539
10916 727
10916 732
10916 2283
10916 13936
10916 16871
10916 20731
10921 10923
10921 13724
10923 13724
10940 3974
10940 11893
10940 11918
10940 19152
10950 13215
10950 24988
10978 10983
10978 10984
10986 13589
10988 8539
11027 9642
11028 9642
11068 23037
11079 6756
11079 10839
11080 6004
11080 23967
11080 24732
11081 4423
11121 1974
11121 11068
11121 20795
11123 10839
11127 4920
11140 14249
11215 22528
11253 10141
11254 17028
11257 10141
11258 23967
11259 2944
11259 2945
11276 7893
11282 6214
11284 428
11284 554
11284 6577
11284 7290
11284 8776
11284 9306
11284 11978
11284 14916
11284 14917
11284 14920
11284 15808
11284 17529
11284 18038
11284 18042
11284 19288
11284 19290
11284 20228
11284 20619
11284 20620
11284 20622
11284 20958
11284 21553
11284 22306
11284 22309
11285 11978
11285 17529
11285 18038
11285 20620
11286 4589
11286 11881
11286 11978
11286 13174
11286 18039
11286 20619
11287 7290
11287 8776
11287 14920
11287 15808
11287 19290
11287 20228
11288 11977
11288 14919
11288 20619
11289 18042
11289 20619
11290 1164
11290 1165
11290 9307
11290 12690
11290 13598
11290 16152
11290 16624
11290 16689
11290 18038
11290 18048
11290 20619
11290 24673
11291 12975
11291 14919
11291 20619
11292 20619
11293 15808
11298 1164
11310 14472
11311 4470
11311 14472
11311 15823
11311 21867
11312 2205
11312 2928
11314 12202
11315 1942
11315 11798
11315 12202
11315 12207
11316 15030
11326 20256
11327 12322
11331 20256
11353 17753
11365 9642
11365 13215
11383 15976
11385 5239
11399 10349
11399 13215
11409 10349
11426 18882
11426 18885
11426 19003
11426 20985
11510 2282
11517 23436
11538 13486
11540 954
11540 956
11540 1048
11540 6633
11540 10636
11540 11541
11540 13309
11540 14746
11540 19214
11540 19307
11540 20573
11540 21499
11540 21925
11541 950
11541 7529
11541 16487
11541 20573
11541 24237
11542 13215
11554 15846
11554 24978
11574 676
11574 6173
11574 15320
11576 16657
11576 16690
11585 13589
11621 1151
11621 5086
11621 8349
11621 20860
11638 19224
11654 24633
11661 11662
11662 8616
11662 11661
11662 15639
11663 18048
11663 22297
11664 14477
11664 17038
11664 19850
11664 22296
11664 22297
11665 17036
11665 19850
11665 22297
11668 7294
11698 2205
11698 7659
11698 12207
11699 16908
11700 475
11700 1094
11700 1371
11700 1942
11700 3376
11700 6637
11700 11701
11700 11703
11700 11798
11700 12207
11700 14040
11700 15028
11700 15029
11700 15030
11700 15040
11700 18989
11700 19519
11700 19680
11700 21345
11700 21537
11701 1142
11701 5233
11701 7659
11701 11702
11701 12207
11701 16907
11701 21540
11702 475
11702 1942
11702 2205
11702 3376
11702 5233
11702 6637
11702 7659
11702 9752
11702 10740
11702 11703
11702 11798
11702 15028
11702 15029
11702 15030
11702 15040
11702 15042
11702 18989
11702 19519
11702 21537
11702 24212
11703 12207
11704 11798
11705 1942
11705 11798
11705 12202
11705 12207
11705 21540
11706 1942
11706 2928
11706 7659
11706 11798
11706 14040
11706 15030
11707 13215
11726 21007
11732 2635
11732 8981
11732 11733
11732 20053
11732 20057
11733 2635
11733 8976
11733 8981
11733 11739
11733 11740
11733 17990
11733 18227
11733 18229
11733 20053
11733 20057
11733 22919
11739 8981
11744 10978
11745 8981
11745 18228
11745 20053
11745 20057
11760 337
11773 16887
11776 21047
11798 101
11798 1942
11798 4493
11798 6632
11798 6640
11798 10739
11798 10740
11798 12207
11798 13165
11798 15883
11798 18439
11798 22348
11822 13486
11822 14453
11822 14455
11824 21736
11827 4939
11827 14453
11827 14455
11866 2797
11866 20473
11878 11879
11878 11884
11879 11878
11879 11882
11879 11883
11879 20979
11879 22437
11881 2328
11881 12975
11882 11879
11882 11884
11882 22824
11883 8849
11883 11879
11883 11884
11883 20450
11884 11878
11884 11882
11884 11883
11906 17522
11907 17522
11911 18733
11918 11893
11918 11894
11918 11903
11918 14498
11922 80
11922 10312
11922 19520
11930 10312
11933 18753
11934 1164
11935 1942
11935 2928
11935 6280
11935 11798
11935 12207
11936 1942
11936 11798
11936 12202
11936 12207
11936 13950
11938 2205
11938 12207
11938 13950
11938 23127
11939 7659
11939 12207
11939 23127
11940 7659
11940 12202
11940 13950
12001 24111
12003 14748
12007 14250
12030 3542
12030 15823
12059 1942
12059 11798
12059 12207
12060 1942
12060 11798
12060 12202
12060 12207
12060 22347
12064 23967
12068 5239
12068 15401
12110 8695
12110 18697
12110 19658
12118 10978
12134 1753
12149 12148
12165 1973
12165 17026
12199 6004
12202 1942
12202 4493
12202 23726
12207 1942
12207 23855
12215 10979
12215 17207
12216 6756
12216 15455
12216 15976
12216 24732
12217 4964
12217 5239
12217 6562
12217 7423
12217 10979
12217 11452
12217 15866
12217 16296
12217 16297
12217 16689
12217 17207
12217 21938
12217 23740
12217 23742
12217 24462
12230 1942
12230 7659
12230 9752
12249 12839
12252 13965
12252 14651
12258 6459
12258 12207
12259 1942
12259 6637
12259 11798
12259 12207
12259 15030
12260 2205
12260 11798
12260 12207
12260 22347
12261 1942
12261 3376
12261 11798
12261 12202
12261 12207
12261 15030
12262 2205
12262 3377
12262 22347
12338 9903
12338 15727
12338 16684
12373 9332
12373 17727
12373 21265
12373 21268
12374 24379
12376 1164
12376 1165
12376 2285
12376 6496
12376 10157
12376 12379
12376 24379
12376 24383
12377 24379
12379 1164
12379 7394
12379 24213
12379 24379
12379 24382
12384 1134
12389 3663
12393 9642
12393 13215
12410 3778
12459 3122
12470 20573
12472 20573
12486 19477
12488 10349
12490 5932
12490 16690
12490 21008
12500 10349
12500 13215
12500 24988
12501 13486
12511 15333
12526 24988
12540 9642
12540 13215
12540 24988
12598 5239
12598 7039
12598 8495
12598 10925
12598 16802
12598 20513
12598 24682
12600 10925
12600 14644
12600 17028
12600 24682
12616 163
12629 13486
12683 12207
12689 784
12715 13215
12728 976
12728 1111
12728 5947
12728 9244
12728 9483
12728 9618
12728 16109
12728 18584
12728 19339
12728 20573
12731 1011
12731 2285
12731 4142
12731 11576
12731 11978
12731 12472
12731 12490
12731 12975
12731 13174
12731 14919
12731 18039
12731 20619
12732 12975
12733 1012
12733 2289
12733 3909
12733 6496
12733 9087
12733 9963
12733 10349
12733 11881
12733 12161
12733 15463
12733 15918
12733 17529
12733 18042
12733 18048
12733 20619
12733 23085
12734 18111
12742 9676
12744 6756
12744 11511
12745 4689
12771 17038
12771 22296
12779 5871
12806 12787
12813 24383
12814 2285
12817 2285
12876 2281
12876 6756
12876 8495
12876 10523
12876 11121
12876 19873
12881 20667
12882 10274
12883 5096
12883 7606
12883 20667
12886 10274
12904 17388
12905 17577
12907 5
12932 22954
12937 8199
12937 8342
12937 10940
12937 11918
12937 13589
12975 3235
12975 5125
12975 6294
12975 7529
12975 7992
12975 9777
12975 9959
12975 9962
12975 12039
12975 20573
12980 8219
12980 8734
12989 24783
13032 13215
13034 3808
13034 20573
13072 11298
13072 13356
13072 17728
13072 18047
13073 6414
13075 2285
13082 2285
13082 5732
13082 8840
13082 13356
13082 17728
13082 24213
13097 976
13097 1108
13097 9483
13097 17556
13097 19317
13097 20573
13106 2826
13106 13934
13106 15616
13108 1382
13108 5674
13108 7565
13108 8416
13108 10349
13108 12501
13108 13358
13108 13483
13108 19223
13108 19340
13108 23530
13108 24987
13130 10274
13149 11276
13150 11276
13164 1942
13164 2205
13164 12207
13165 1942
13165 12207
13184 9642
13184 10349
13184 24988
13205 3828
13205 4913
13209 984
13209 3140
13209 4229
13209 23552
13215 950
13215 953
13215 957
13215 984
13220 12884
13225 18706
13232 13196
13232 15976
13265 1903
13265 1904
13274 9642
13274 13215
13303 13299
13304 11773
13323 1569
13323 18175
13326 747
13389 13486
13389 16616
13389 23530
13410 22437
13426 20985
13428 10523
13456 13591
13456 17985
13456 22953
13483 3140
13483 4229
13483 4231
13483 5616
13483 14453
13483 14455
13483 23552
13483 23697
13484 3140
13484 4229
13484 4231
13484 9799
13484 14455
13484 23552
13485 5616
13485 6706
13485 14453
13485 23552
13486 488
13486 489
13486 490
13486 949
13486 956
13486 1722
13486 3136
13486 3803
13486 4232
13486 4872
13486 4873
13486 5592
13486 5616
13486 6002
13486 6421
13486 6673
13486 6706
13486 6713
13486 8074
13486 8171
13486 8173
13486 8175
13486 8787
13486 8788
13486 8791
13486 9777
13486 9797
13486 9798
13486 10347
13486 10349
13486 10352
13486 12934
13486 13483
13486 13484
13486 13485
13486 14293
13486 14708
13486 14713
13486 14886
13486 14891
13486 15634
13486 17008
13486 18579
13486 19926
13486 19927
13486 20397
13486 20835
13486 21821
13486 21826
13486 23232
13486 23504
13486 23696
13486 24712
13491 19462
13491 19463
13492 19462
13492 19463
13493 19462
13494 19462
13500 11798
13500 12207
13505 2205
13505 11798
13505 12202
13506 1942
13506 2205
13506 2928
13506 5233
13506 7659
13506 11798
13506 16907
13510 17985
13510 19591
13511 947
13519 140
13520 18228
13535 2205
13539 11798
13539 12207
13539 15030
13562 21047
13588 13589
13589 4637
13589 7279
13589 8342
13589 9869
13589 9947
13589 10939
13589 10940
13589 11893
13589 11894
13589 11897
13589 11899
13589 11900
13589 11917
13589 11918
13589 13151
13589 13587
13589 13596
13589 14498
13589 14761
13589 19232
13589 21127
13590 18607
13598 8342
13598 11903
13618 13619
13619 1096
13649 24005
13670 13598
13672 5490
13672 11649
13724 4707
13724 6296
13724 15010
13724 15627
13724 15727
13724 19512
13724 20567
13724 22429
13728 19413
13741 3603
13742 6496
13742 12379
13742 24377
13742 24379
13786 5272
13786 13928
13830 80
13833 4637
13833 8342
13833 10619
13833 10940
13833 11893
13833 11918
13875 13215
13898 2885
13898 3245
13898 3247
13898 16891
13913 2205
13913 12207
13916 2205
13916 15030
13927 9777
13927 18038
13934 24860
13950 101
13950 472
13950 474
13950 475
13950 1094
13950 1140
13950 1141
13950 1143
13950 1355
13950 1356
13950 1371
13950 1372
13950 1938
13950 1996
13950 2000
13950 2003
13950 2378
13950 2381
13950 2384
13950 2928
13950 3270
13950 3275
13950 3291
13950 3292
13950 3295
13950 3316
13950 3376
13950 3377
13950 3540
13950 3762
13950 3841
13950 3842
13950 4016
13950 4017
13950 4259
13950 4493
13950 5068
13950 5069
13950 5070
13950 5072
13950 5073
13950 5074
13950 5076
13950 5226
13950 5229
13950 5230
13950 5232
13950 5233
13950 5741
13950 6283
13950 6284
13950 6458
13950 6459
13950 6632
13950 6638
13950 7664
13950 7763
13950 7850
13950 7852
13950 7853
13950 7855
13950 7859
13950 8511
13950 9751
13950 9752
13950 9754
13950 10314
13950 10629
13950 10630
13950 10644
13950 10739
13950 11312
13950 11314
13950 11699
13950 11700
13950 11701
13950 11702
13950 11703
13950 11704
13950 12060
13950 12062
13950 12230
13950 12258
13950 12259
13950 12260
13950 12683
13950 13164
13950 13165
13950 13500
13950 13505
13950 13506
13950 13535
13950 13537
13950 13539
13950 13916
13950 14007
13950 14040
13950 14076
13950 14312
13950 14313
13950 14316
13950 14317
13950 14459
13950 14460
13950 14461
13950 14466
13950 14467
13950 15028
13950 15029
13950 15030
13950 15031
13950 15032
13950 15040
13950 15042
13950 15641
13950 15643
13950 15644
13950 15646
13950 15885
13950 15886
13950 16237
13950 16902
13950 16908
13950 17101
13950 17102
13950 17103
13950 17104
13950 17107
13950 17108
13950 17740
13950 18078
13950 18080
13950 18438
13950 18444
13950 18655
13950 18656
13950 18981
13950 18989
13950 19519
13950 19676
13950 19679
13950 19680
13950 19925
13950 20539
13950 21032
13950 21033
13950 21037
13950 21349
13950 21350
13950 21351
13950 21536
13950 21537
13950 21539
13950 21540
13950 21699
13950 21864
13950 21875
13950 22348
13950 22654
13950 22655
13950 22658
13950 22660
13950 22697
13950 23322
13950 23542
13950 23543
13950 23544
13950 23726
13950 23759
13950 23760
13950 23855
13950 24212
13950 24225
13950 24226
13950 24227
13950 24228
13950 24229
13950 24230
13950 24231
13950 24232
13950 24563
13950 24565
13950 24567
13954 9642
13954 13215
13964 8790
13965 12252
13987 2285
14007 1942
14007 2204
14007 2928
14007 3540
14007 24231
14037 1164
14037 10349
14037 12975
14037 16152
14039 6756
14039 19871
14040 5741
14040 6640
14040 9752
14040 10740
14040 12202
14040 13165
14040 21352
14040 21540
14042 2727
14043 11385
14043 23844
14053 9642
14053 13215
14054 9642
14076 12207
14094 1778
14094 7402
14096 13796
14096 14497
14096 23967
14112 23390
14119 13741
14185 3778
14193 24988
14197 9642
14197 10349
14198 9642
14198 24988
14236 1164
14236 12376
14236 24379
14237 6496
14237 12376
14239 1164
14239 24379
14248 14497
14248 21253
14248 22528
14248 22531
14249 12883
14249 21253
14249 22528
14249 24178
14250 23294
14260 24547
14262 21842
14272 14482
14272 21052
14272 23711
14293 950
14293 953
14293 957
14293 4231
14293 5616
14293 8790
14293 14704
14298 15723
14312 1942
14312 11798
14312 12202
14313 1142
14313 2205
14313 11700
14313 11702
14313 12207
14313 16906
14313 16907
14313 21030
14313 21032
14313 21540
14314 475
14314 1942
14314 3376
14314 6637
14314 7659
14314 11798
14314 12207
14314 15030
14314 15040
14314 19519
14314 23542
14315 7659
14316 1942
14316 5233
14316 7659
14316 12202
14316 16908
14316 21031
14316 21540
14317 1942
14317 2205
14317 2928
14317 3272
14317 3376
14317 5233
14317 6637
14317 7659
14317 7956
14317 9752
14317 10644
14317 11699
14317 11798
14317 14040
14317 15030
14317 15040
14317 16907
14317 16908
14317 18979
14317 18989
14317 19519
14317 19925
14317 21030
14317 21031
14317 21345
14317 21537
14317 21540
14317 22347
14317 22348
14317 22697
14317 23317
14328 13215
14328 24988
14329 10349
14330 9642
14330 10349
14330 13215
14331 9642
14331 13215
14331 24988
14334 13928
14380 7659
14380 12202
14380 16188
14380 22055
14380 23127
14385 4637
14393 11426
14453 488
14453 490
14453 5589
14453 5592
14453 5616
14453 6706
14453 8074
14453 8788
14453 10347
14453 11260
14453 14707
14453 15634
14453 18407
14453 19495
14453 20841
14453 21818
14453 21821
14453 21824
14453 21825
14453 23232
14453 24988
14455 488
14455 489
14455 490
14455 3611
14455 3924
14455 4230
14455 5440
14455 5589
14455 5594
14455 6421
14455 6710
14455 6713
14455 8788
14455 8790
14455 11260
14455 14293
14455 14703
14455 14707
14455 16170
14455 18410
14455 19495
14455 19926
14455 20835
14455 21819
14455 21820
14455 21821
14455 21823
14455 21826
14455 23503
14455 24987
14458 7659
14459 1942
14459 7659
14459 11798
14459 12202
14459 12207
14460 1942
14460 11798
14460 12207
14461 2205
14461 12207
14461 14007
14461 15030
14462 2205
14462 3376
14462 5233
14462 11798
14462 14007
14462 15029
14462 15030
14462 15040
14462 15042
14462 19519
14462 24212
14462 24225
14463 1942
14463 7659
14463 12202
14463 12207
14464 12202
14464 21540
14466 2205
14466 12202
14467 12202
14467 12207
14477 1752
14477 1753
14477 1754
14477 3687
14477 3688
14477 3690
14477 4613
14477 4616
14477 4617
14477 4618
14477 6065
14477 8442
14477 9545
14477 9976
14477 11298
14477 14490
14477 15333
14477 18043
14477 18047
14477 18048
14477 22010
14478 14477
14478 22297
14480 21047
14481 15375
14481 21047
14482 15375
14482 21047
14483 15375
14483 21047
14484 21047
14485 15375
14485 21047
14487 15375
14487 21047
14490 18048
14490 22297
14495 1942
14495 11798
14495 12207
14520 4423
14521 20985
14524 13215
14525 9642
14542 10027
14542 20573
14555 5901
14555 15823
14555 15827
14555 16689
14555 17028
14574 2653
14585 1011
14605 5239
14605 24978
14616 3778
14644 15846
14649 17627
14649 17628
14649 23845
14651 46
14651 5021
14651 8734
14651 12252
14651 12614
14651 17627
14651 18426
14651 20573
14651 21102
14660 5010
14660 15992
14660 15994
14660 19684
14664 13215
14664 24988
14670 1142
14670 5233
14670 6640
14670 11700
14670 11702
14670 12259
14670 13950
14670 14314
14670 15551
14670 16906
14670 16907
14670 16908
14670 17102
14670 18078
14670 18978
14670 21030
14670 21032
14670 21352
14670 21540
14671 1942
14671 6637
14671 11798
14671 12207
14672 2205
14672 12202
14672 12207
14672 13950
14673 1942
14673 2205
14673 6280
14673 10629
14673 12202
14673 12207
14673 13950
14673 15552
14673 22055
14674 12202
14674 12207
14674 13950
14691 20573
14698 8981
14698 18228
14698 20057
14699 2467
14700 2635
14700 11733
14700 18228
14701 20053
14702 8981
14702 11733
14702 20053
14762 17774
14763 5548
14833 17543
14863 13215
14878 10124
14886 2943
14891 2943
14891 6715
14909 9642
14941 9642
14941 13215
14941 24988
14965 18336
14985 13215
15010 4701
15010 15627
15015 24211
15023 5189
15028 12207
15029 2205
15029 12207
15029 22348
15030 10739
15030 12207
15030 22348
15031 1942
15032 2205
15032 6637
15032 11798
15032 12202
15032 12207
15032 22347
15040 1942
15040 4259
15040 6637
15040 7956
15040 10740
15040 11798
15040 12207
15040 15030
15040 22347
15040 22348
15040 24231
15042 2205
15042 12207
15043 2205
15044 1942
15044 2205
15044 10740
15044 12202
15044 19519
15046 1942
15046 12202
15074 504
15076 13410
15162 924
15163 2285
15217 6756
15217 23967
15234 13215
15235 9642
15235 13215
15250 1465
15267 24811
15269 24878
15276 425
15288 20259
15289 16684
15290 2264
15290 16689
15290 24806
15320 6173
15320 11574
15326 13486
15326 14453
15326 14455
15327 14455
15328 13486
15328 14455
15328 15895
15329 14453
15329 14455
15329 15895
15330 14455
15333 2276
15333 4423
15334 20573
15375 21047
15375 21052
15375 21053
15375 23709
15375 23710
15375 23711
15410 16747
15410 18650
15410 22706
15411 15410
15411 16747
15416 19225
15416 19227
15444 7566
15444 7567
15444 10348
15444 10349
15444 10352
15444 12110
15444 13486
15444 14293
15444 14453
15444 14455
15444 15891
15444 15896
15444 15898
15444 19927
15449 11068
15455 80
15455 1999
15455 4828
15455 12531
15455 23873
15458 12876
15463 12457
15484 9483
15502 9314
15502 20110
15502 20111
15503 1511
15503 9314
15503 13749
15503 13750
15503 15305
15503 17870
15503 20111
15504 9314
15505 8279
15505 9314
15505 20110
15518 21007
15526 2703
15529 747
15550 1942
15550 6637
15550 7659
15550 11798
15550 15030
15550 15552
15550 17108
15550 18979
15550 19519
15550 23127
15551 472
15551 475
15551 1094
15551 1942
15551 2928
15551 3272
15551 3376
15551 3747
15551 4017
15551 5068
15551 5069
15551 5233
15551 6284
15551 6637
15551 9752
15551 10644
15551 10740
15551 11701
15551 11798
15551 12202
15551 12207
15551 13950
15551 14040
15551 14313
15551 14316
15551 14317
15551 15029
15551 15030
15551 15040
15551 15642
15551 15646
15551 16908
15551 17108
15551 18979
15551 18989
15551 19519
15551 20892
15551 21031
15551 21345
15551 21875
15551 22055
15551 22660
15551 24225
15552 2000
15552 2205
15552 2928
15552 3272
15552 3316
15552 3317
15552 3376
15552 4016
15552 4017
15552 5070
15552 5073
15552 5076
15552 5233
15552 6280
15552 6408
15552 6637
15552 7956
15552 9752
15552 9754
15552 10629
15552 10644
15552 11698
15552 11699
15552 11798
15552 12202
15552 12207
15552 12230
15552 12259
15552 12260
15552 12683
15552 13539
15552 13913
15552 15030
15552 15032
15552 15040
15552 15046
15552 15551
15552 16902
15552 16906
15552 16907
15552 16908
15552 17108
15552 17740
15552 18444
15552 18659
15552 18979
15552 18989
15552 18996
15552 19519
15552 20892
15552 21030
15552 21031
15552 21037
15552 21352
15552 21536
15552 21537
15552 21538
15552 21540
15552 22055
15552 22347
15552 22654
15552 23127
15552 23317
15552 23726
15552 24230
15553 2928
15553 5233
15553 12202
15553 12207
15553 21030
15556 7659
15556 12202
15556 23127
15601 21119
15608 20482
15615 1164
15616 1164
15616 2285
15620 9642
15620 13215
15620 24988
15627 80
15627 2886
15627 4499
15627 4701
15627 4707
15627 11385
15627 20037
15641 12202
15641 12207
15641 21540
15642 12207
15642 21540
15643 2205
15643 12207
15643 15030
15644 2205
15646 7659
15646 12259
15646 16908
15646 21540
15646 23317
15655 1111
15655 1117
15655 9396
15723 2653
15723 5158
15723 11229
15723 12744
15723 14298
15742 562
15742 15919
15749 5932
15764 1070
15764 6756
15774 21047
15796 15795
15821 18607
15822 18607
15823 18607
15824 18607
15827 18607
15829 12484
15829 15727
15829 16657
15830 24380
15830 24381
15846 14644
15846 15546
15846 17522
15855 11276
15858 850
15858 3828
15858 11030
15858 13800
15859 13999
15859 15862
15859 20794
15859 21925
15859 21926
15860 850
15860 1939
15860 7612
15860 11510
15860 14555
15860 16871
15860 17028
15860 21243
15861 8194
15862 13205
15881 3848
15881 16684
15883 1942
15883 12202
15883 12207
15885 1942
15885 2205
15885 12202
15886 1942
15886 2205
15886 12207
15891 4229
15895 4228
15895 5718
15895 7565
15895 7566
15895 7568
15895 7571
15895 8790
15895 8791
15895 11379
15895 11381
15895 11384
15895 13358
15895 13483
15895 13485
15895 18164
15895 18170
15895 23146
15895 24988
15896 4232
15896 8788
15898 4229
15898 4231
15898 4232
15898 7565
15898 7566
15898 7569
15898 8787
15898 11382
15898 13483
15898 13485
15898 15895
15898 15896
15898 23146
15898 23504
15905 9642
15906 10349
15918 337
15918 3122
15918 6496
15918 18038
15968 17650
15976 1974
15976 2264
15976 6007
15976 13162
15976 13232
15976 15977
15976 16689
15976 18920
15976 21375
15977 18920
15981 20573
15994 2341
16013 1942
16013 5069
16013 7659
16013 12202
16013 12207
16013 13950
16013 15029
16013 15030
16013 15040
16013 18979
16013 18989
16013 20892
16085 10349
16085 13215
16085 24988
16087 9642
16087 10349
16087 13215
16087 24988
16100 1940
16101 1164
16109 20573
16118 369
16119 10619
16120 10619
16121 366
16121 10619
16121 24405
16123 367
16123 374
16123 8344
16123 16119
16123 20985
16152 15527
16152 15528
16152 15530
16152 18583
16152 20986
16155 515
16155 756
16155 1043
16155 2301
16155 3283
16155 3523
16155 3856
16155 6003
16155 6325
16155 8839
16155 9145
16155 9186
16155 11621
16155 12535
16155 13034
16155 13726
16155 15052
16155 15269
16155 15863
16155 16002
16155 16689
16155 16775
16155 17982
16155 17990
16155 18147
16155 19059
16155 19597
16155 19763
16155 19766
16155 21050
16155 21104
16155 22298
16155 22954
16155 23967
16175 10349
16175 13215
16176 9642
16176 10349
16176 24988
16186 472
16186 2000
16186 3316
16186 3317
16186 5233
16186 6283
16186 6462
16186 6632
16186 9072
16186 9752
16186 9754
16186 10740
16186 11706
16186 11935
16186 12207
16186 13950
16186 14007
16186 14317
16186 15040
16186 15551
16186 15552
16186 15883
16186 16188
16186 16908
16186 17101
16186 17102
16186 18656
16186 18805
16186 18978
16186 18979
16186 19678
16186 20892
16186 21030
16186 21031
16186 21231
16186 21232
16186 21540
16186 22348
16186 22660
16186 23317
16186 23544
16186 24799
16186 24920
16188 472
16188 1094
16188 1372
16188 1942
16188 2002
16188 2928
16188 3272
16188 3316
16188 3376
16188 3747
16188 4019
16188 5069
16188 5233
16188 5420
16188 6284
16188 6462
16188 6637
16188 7956
16188 9072
16188 9752
16188 10443
16188 10629
16188 10644
16188 10740
16188 11701
16188 11798
16188 12202
16188 12207
16188 13506
16188 14007
16188 14313
16188 14317
16188 14670
16188 15029
16188 15030
16188 15032
16188 15040
16188 15551
16188 15552
16188 15553
16188 16907
16188 16908
16188 17102
16188 17108
16188 18806
16188 18979
16188 18989
16188 19519
16188 20892
16188 21030
16188 21031
16188 21231
16188 21232
16188 21537
16188 21540
16188 22347
16188 22348
16188 22655
16188 22660
16188 22697
16188 23127
16188 23317
16188 23544
16188 24212
16188 24225
16188 24799
16188 24917
16194 4828
16229 7567
16237 2205
16237 12207
16247 11284
16248 11284
16297 23740
16297 23743
16302 17650
16320 9642
16320 13486
16320 14453
16320 14455
16320 15896
16320 15898
16354 11290
16415 10349
16415 13215
16416 10349
16416 13215
16416 24988
16417 9642
16417 10349
16417 24988
16418 13215
16418 24988
16419 9642
16419 24988
16484 23878
16487 22188
16489 163
16490 4689
16493 17028
16494 3808
16518 10274
16553 1778
16553 21007
16561 1164
16562 6496
16563 1164
16567 19339
16568 22246
16569 24350
16570 15827
16572 17990
16576 11276
16576 16675
16578 3140
16578 7709
16578 8735
16578 11276
16578 21100
16586 24988
16587 13215
16587 24988
16600 16601
16616 3595
16616 8171
16616 8173
16616 8174
16616 8175
16616 23957
16621 19104
16622 477
16622 4766
16622 6044
16622 12876
16622 16871
16622 19104
16622 20042
16622 20567
16622 21096
16622 24732
16636 1164
16637 21
16637 1164
16637 1167
16637 23086
16638 1164
16675 966
16675 968
16675 2558
16675 3237
16675 3523
16675 3778
16675 4689
16675 4707
16675 5256
16675 7700
16675 7788
16675 8179
16675 8429
16675 8837
16675 9145
16675 9764
16675 9793
16675 11171
16675 12891
16675 15846
16675 16689
16675 16775
16675 19228
16675 19763
16675 19766
16675 19790
16675 20422
16675 20566
16675 20797
16675 20997
16675 21104
16675 21375
16675 21440
16675 21672
16675 22953
16675 23075
16684 8371
16684 15336
16684 21006
16685 24862
16687 14758
16689 6173
16689 11290
16689 14555
16689 16675
16689 20671
16689 21008
16690 5901
16690 14555
16690 16689
16722 14555
16726 4179
16747 18650
16747 22706
16772 13215
16772 24988
16773 9642
16773 10349
16775 18693
16775 18696
16776 2425
16776 12410
16776 18696
16776 24617
16776 24618
16776 24620
16785 12216
16785 20172
16789 16675
16800 1164
16800 24379
16801 12379
16801 24379
16802 858
16802 15860
16802 20637
16823 20573
16824 17604
16871 21100
16887 4701
16902 1942
16902 2205
16902 12207
16906 475
16906 1094
16906 1371
16906 1942
16906 3376
16906 6637
16906 11798
16906 15030
16906 19519
16906 21345
16906 21537
16907 472
16907 1942
16907 3376
16907 9752
16907 10740
16907 11798
16907 12207
16907 15029
16907 15030
16907 15040
16907 18989
16907 19519
16907 21537
16907 23317
16908 472
16908 475
16908 1094
16908 1942
16908 2928
16908 3376
16908 3842
16908 4017
16908 6637
16908 7956
16908 9752
16908 10644
16908 10740
16908 11798
16908 12207
16908 14040
16908 15030
16908 15040
16908 16907
16908 18444
16908 18989
16908 19519
16908 21345
16908 21537
16908 22347
16908 22348
16908 22697
16908 23317
16912 3849
16915 7488
16941 13215
16960 23530
16965 5272
16965 13786
16965 23099
16987 24379
16988 1164
16990 1164
16990 12376
17026 17028
17028 1275
17028 10638
17028 14555
17028 16493
17028 16689
17028 17026
17028 18351
17028 21769
17028 22740
17034 9544
17034 14477
17034 18048
17035 4611
17035 19851
17035 22297
17036 4619
17036 9544
17036 12134
17036 22297
17037 14477
17037 22297
17038 1754
17038 1858
17038 3686
17038 3688
17038 3690
17038 4611
17038 4613
17038 4619
17038 6065
17038 8442
17038 9544
17038 9545
17038 12134
17038 15333
17038 18043
17038 18047
17038 18048
17038 19847
17038 22296
17039 4611
17039 14477
17039 17038
17039 22297
17040 4611
17040 18048
17040 19849
17040 19851
17040 22297
17041 14477
17042 18048
17042 19850
17043 477
17054 10349
17054 13486
17054 24682
17059 10349
17059 13215
17059 24988
17065 10349
17079 4828
17101 2928
17101 4017
17101 10629
17101 12207
17102 472
17102 1094
17102 1942
17102 2928
17102 3376
17102 3747
17102 5068
17102 5069
17102 5233
17102 6637
17102 11705
17102 11798
17102 12202
17102 12207
17102 14040
17102 14464
17102 15030
17102 15040
17102 15646
17102 17107
17102 18979
17102 18989
17102 19519
17102 21345
17102 21875
17102 23542
17103 3747
17103 7659
17106 2205
17106 2928
17106 7659
17106 12202
17106 12207
17107 12202
17108 472
17108 1140
17108 1142
17108 2205
17108 2928
17108 3540
17108 4016
17108 5233
17108 7659
17108 10644
17108 11700
17108 11702
17108 12207
17108 14317
17108 14461
17108 14462
17108 16907
17108 16908
17108 21030
17108 21032
17108 21540
17108 22348
17108 24231
17114 11426
17114 21047
17116 21047
17122 18084
17122 21047
17148 80
17148 8199
17152 5441
17152 11288
17152 11290
17152 11291
17152 12731
17163 17167
17164 17167
17165 17163
17222 7992
17250 14334
17253 13486
17327 15414
17327 16747
17334 17333
17349 5876
17349 21469
17349 24807
17388 12904
17414 13486
17414 14455
17418 80
17418 8199
17418 15455
17418 15627
17478 10349
17478 10352
17478 13486
17478 19442
17478 19927
17493 22919
17494 939
17514 18031
17522 15846
17522 21375
17529 17870
17530 13741
17575 9642
17575 21441
17577 6004
17577 6562
17577 7114
17577 7709
17577 11057
17577 11068
17577 11452
17577 12905
17577 15455
17577 15976
17577 15977
17577 16297
17577 21938
17577 22841
17577 23741
17577 23967
17579 13215
17580 15976
17583 10300
17589 7017
17589 13815
17589 14832
17589 14833
17589 17539
17589 17540
17589 17543
17598 9642
17598 13215
17598 24988
17600 24988
17603 9846
17603 10307
17603 10331
17604 3814
17604 9383
17604 9483
17604 15484
17604 16690
17604 20573
17623 18528
17627 5490
17627 19003
17650 18336
17650 20254
17650 21092
17675 10349
17675 13215
17676 10349
17676 13215
17684 5271
17700 13486
17700 13898
17700 14453
17700 14455
17709 12472
17709 20573
17735 1942
17735 2205
17735 12202
17740 11798
17740 12207
17741 4766
17774 8165
17774 14762
17838 12731
17847 276
17847 7431
17847 20259
17847 20260
17868 17985
17868 23967
17870 1012
17870 3346
17870 7992
17870 11866
17870 11881
17870 16690
17870 20451
17892 7566
17892 7571
17892 13485
17892 19440
17892 19442
17892 19927
17892 24988
17917 163
17917 1745
17917 3670
17917 3671
17917 7991
17917 17603
17917 19214
17917 21431
17917 21433
17917 21434
17917 21898
17918 7992
17954 13215
17954 24988
17985 1612
17985 1929
17985 3778
17985 4251
17985 4903
17985 4904
17985 4906
17985 5321
17985 7786
17985 9747
17985 10361
17985 11385
17985 12544
17985 12596
17985 13323
17985 13510
17985 13799
17985 16119
17985 17870
17985 20745
17985 20751
17985 20753
17985 20794
17985 22304
17985 23076
17985 23077
17985 23078
17985 23843
17985 23854
17985 23864
17990 24862
18000 3383
18000 17999
18017 3122
18038 15918
18043 18048
18048 24673
18075 2205
18075 12207
18078 1094
18078 1942
18078 7659
18078 7763
18078 11798
18078 14040
18078 15040
18078 15646
18078 18989
18078 21345
18080 1942
18080 2205
18080 12202
18084 14482
18084 19379
18084 21052
18084 23711
18085 8342
18111 17
18111 18
18111 21
18111 38
18111 40
18111 41
18111 42
18111 409
18111 1164
18111 1167
18111 1872
18111 2285
18111 2826
18111 2827
18111 2829
18111 3433
18111 3454
18111 5932
18111 9150
18111 10459
18111 11934
18111 15616
18111 19061
18111 19574
18111 20573
18111 22911
18124 20573
18150 13215
18165 13589
18175 13323
18175 16871
18188 1904
18228 8976
18228 8977
18228 8983
18228 11740
18228 18227
18228 22919
18228 23798
18250 20573
18285 7402
18285 13486
18292 20619
18293 20619
18309 8784
18325 2205
18325 12202
18325 12207
18325 13950
18328 9642
18328 13215
18336 3237
18336 3778
18351 17028
18400 14714
18407 14453
18410 14455
18438 2205
18439 1942
18440 1942
18440 2205
18440 12202
18440 12207
18441 12207
18444 2205
18444 12207
18461 3778
18461 21247
18461 23967
18488 1164
18519 13589
18520 10072
18520 15860
18520 20057
18521 15860
18528 8520
18528 9396
18528 18529
18532 23903
18539 5052
18542 2575
18542 5096
18542 13220
18542 16790
18542 20667
18550 13486
18562 19441
18603 15976
18611 11995
18612 1164
18628 3121
18628 3542
18628 15823
18628 15827
18628 18629
18629 614
18629 3121
18629 3542
18629 3547
18629 15820
18629 15822
18629 15823
18629 15826
18629 15827
18629 19144
18629 22246
18633 2727
18636 2728
18655 2205
18655 12207
18656 1942
18656 2205
18656 2928
18659 2205
18693 3778
18707 4638
18714 1379
18714 19491
18714 19493
18733 2285
18733 11911
18753 11933
18760 7225
18760 10203
18760 14660
18765 13486
18765 14453
18766 13486
18767 13486
18767 14455
18768 13486
18771 1164
18772 1164
18774 1164
18775 1164
18805 1942
18805 2928
18805 6637
18805 7659
18805 9171
18805 11798
18805 12202
18805 12207
18805 13950
18805 14040
18805 15552
18805 21345
18805 23127
18805 23542
18806 12202
18806 12207
18806 13950
18806 23127
18814 9642
18815 9642
18859 6673
18859 7565
18859 9642
18859 9792
18859 10349
18859 10351
18859 10352
18859 13209
18859 13484
18859 14886
18859 19926
18859 20450
18859 24987
18859 24988
18899 22155
18920 6004
18920 23967
18975 472
18975 1942
18975 2205
18975 5233
18975 7659
18975 12202
18975 16908
18976 1942
18976 2205
18976 5233
18976 11798
18976 12207
18978 1942
18978 2928
18978 6637
18978 11798
18978 12202
18978 14040
18978 15646
18978 18989
18978 22347
18979 472
18979 1140
18979 1142
18979 1942
18979 2204
18979 2928
18979 3292
18979 5227
18979 5233
18979 6637
18979 7659
18979 7666
18979 7956
18979 9752
18979 10644
18979 10740
18979 11700
18979 11702
18979 11798
18979 12207
18979 14461
18979 14462
18979 14466
18979 15040
18979 15643
18979 16907
18979 16908
18979 18078
18979 18989
18979 21030
18979 21031
18979 21032
18979 21540
18979 22347
18979 22348
18979 23317
18979 23760
18979 24231
18979 24232
18981 12202
18981 12207
18981 21031
18989 472
18989 1942
18989 2928
18989 4493
18989 5741
18989 9752
18989 10740
18989 11798
18989 12202
18989 12261
18989 15030
18989 15032
18989 15040
18989 21352
18989 21536
18989 21540
18989 22348
18996 1942
18996 2205
19001 21551
19008 18428
19009 18428
19057 18601
19058 20256
19058 23565
19065 9642
19065 13215
19104 15333
19104 23967
19124 15727
19126 18707
19139 1778
19166 3974
19213 1151
19213 7039
19224 14555
19227 19225
19228 13510
19228 16675
19228 23390
19228 24383
19237 19236
19292 19291
19304 17028
19308 1942
19308 7659
19308 11798
19308 12202
19310 2205
19310 13950
19310 23127
19311 9752
19311 12207
19311 13950
19311 23127
19311 23317
19312 1942
19312 12207
19312 13950
19312 15040
19312 18989
19313 1942
19313 2205
19313 6280
19313 6972
19313 9752
19313 12202
19313 13950
19313 15040
19313 18979
19313 21232
19313 22055
19313 23127
19317 13097
19317 24862
19318 21924
19320 13999
19320 21925
19333 20573
19334 1164
19337 3808
19337 8495
19337 8734
19337 21007
19339 5010
19339 8627
19339 16689
19339 16690
19339 18426
19339 20573
19339 21008
19339 21671
19360 6756
19361 11390
19379 15375
19379 21047
19396 5212
19396 23967
19413 14751
19438 7659
19438 12207
19438 13950
19439 1942
19439 3376
19439 11798
19439 12207
19439 13950
19439 15030
19440 9799
19440 20619
19440 23697
19441 9642
19441 9799
19441 23697
19442 20619
19466 20794
19487 9623
19488 80
19488 4701
19488 4706
19488 4707
19488 8199
19488 10511
19488 10517
19488 15627
19488 18288
19488 18415
19490 15627
19491 80
19491 4701
19491 8199
19491 10517
19491 13724
19491 15627
19491 18288
19493 80
19493 4707
19493 8199
19493 15627
19519 2205
19519 12207
19519 22348
19525 1971
19525 5455
19525 7957
19525 7995
19525 8627
19525 9303
19525 20403
19525 24405
19536 1026
19560 9642
19560 13215
19561 13215
19562 13215
19563 9642
19595 20985
19595 23967
19632 7440
19653 4701
19653 6564
19653 11922
19653 13724
19653 15627
19653 19488
19653 19489
19653 19491
19653 20745
19653 20751
19653 23989
19654 1379
19654 4828
19654 8199
19654 10034
19654 19488
19654 19490
19675 12207
19676 1942
19676 11798
19676 12202
19676 21540
19677 12202
19677 12207
19678 1942
19678 12202
19678 12207
19679 1942
19679 11798
19679 12202
19679 12207
19680 11798
19680 12207
19680 21540
19743 21102
19763 9642
19763 14045
19766 14045
19790 16489
19790 16690
19790 19152
19790 20035
19790 20081
19790 20985
19790 24159
19792 1119
19824 9813
19824 16747
19842 8628
19842 9306
19842 19525
19845 7957
19845 8627
19845 8628
19845 12733
19845 19525
19845 19842
19845 24159
19845 24405
19847 22296
19847 22297
19848 14477
19848 22297
19849 4611
19850 1752
19850 1753
19850 1754
19850 1857
19850 1858
19850 3389
19850 3390
19850 3686
19850 3690
19850 4611
19850 4613
19850 4616
19850 4617
19850 4618
19850 6064
19850 9545
19850 9976
19850 10634
19850 11770
19850 12134
19850 14490
19850 18046
19850 18049
19850 18050
19850 18051
19850 18052
19850 22010
19850 22296
19851 4611
19851 4619
19851 8442
19851 9544
19851 14478
19851 15333
19851 18048
19851 19848
19852 4611
19852 4619
19852 9544
19852 18048
19852 22297
19853 4611
19853 9544
19856 14477
19856 22296
19857 8442
19857 18048
19857 22297
19863 21280
19870 14555
19870 21257
19873 1625
19873 1972
19873 1974
19873 13402
19873 17028
19873 23967
19876 2001
19877 9642
19877 10349
19881 20573
19916 1382
19916 1398
19916 5505
19916 7565
19916 7566
19916 7571
19916 9631
19916 9643
19916 19440
19916 19442
19916 19927
19916 24988
19917 6672
19917 6673
19917 7571
19917 9631
19917 19440
19917 19441
19917 19442
19917 19926
19917 19927
19925 5233
19925 9752
19925 12207
19925 16908
19926 4231
19927 489
19927 955
19927 4229
19927 4231
19927 19305
19927 21926
19932 2779
19932 6184
19932 7567
19932 8358
19932 10348
19932 10349
19932 12110
19932 13486
19932 14453
19932 14455
19932 24682
19944 11426
19944 21047
19945 11426
19945 15375
19945 21047
19946 11426
19946 21047
19947 11426
19947 21047
19948 11426
19948 15375
19948 21047
19949 21047
19951 21047
19953 1999
19957 4611
19957 14477
19957 17038
19957 19850
19957 22297
19967 19968
19976 19487
19981 14649
19981 20573
19986 20573
20024 12202
20024 12207
20035 9891
20035 9893
20035 11426
20035 16679
20041 3236
20041 10523
20041 11080
20041 16622
20041 18267
20042 3236
20042 4766
20042 16622
20042 18267
20043 17028
20046 18267
20048 2635
20048 8981
20048 18228
20048 20053
20053 2635
20053 8977
20053 8981
20053 8982
20053 8983
20053 11739
20053 11740
20053 17990
20053 18227
20053 20057
20057 8977
20057 8982
20057 15333
20057 18229
20057 21280
20060 14477
20060 22297
20061 14477
20061 19850
20061 22296
20062 4611
20062 14477
20063 4619
20063 9544
20063 12134
20063 18048
20063 22297
20064 4611
20064 9544
20064 14477
20065 4611
20065 22297
20110 1509
20110 2486
20110 2487
20111 1511
20111 2486
20111 2487
20111 18872
20111 20110
20124 24462
20171 12410
20171 18695
20171 18696
20171 24617
20171 24618
20171 24619
20172 24732
20174 2285
20174 24732
20193 827
20224 23967
20254 184
20254 390
20254 2341
20254 17650
20254 19441
20254 20573
20254 22919
20254 23967
20254 24862
20256 18794
20260 16969
20260 17385
20319 1164
20319 3603
20332 9642
20332 13215
20333 9642
20333 13215
20357 9642
20357 13215
20360 15925
20401 1164
20401 3808
20401 8734
20401 21102
20402 7992
20403 21102
20404 14649
20404 16690
20428 10141
20456 4142
20489 15976
20502 3122
20502 6496
20502 15918
20504 11569
20504 12165
20504 20622
20504 23085
20509 16740
20511 4762
20511 16740
20539 1942
20539 12207
20542 24988
20565 23430
20566 1151
20566 16675
20567 2310
20567 12876
20573 184
20573 409
20573 1111
20573 1872
20573 2703
20573 2707
20573 2708
20573 2943
20573 3121
20573 3457
20573 4682
20573 7555
20573 7556
20573 9244
20573 9396
20573 10039
20573 11290
20573 11859
20573 12728
20573 12975
20573 13034
20573 13097
20573 15333
20573 15526
20573 15527
20573 15616
20573 15826
20573 19061
20573 19244
20573 19881
20573 20254
20573 20482
20573 20579
20573 20636
20573 24295
20573 24769
20581 13934
20592 10349
20592 13215
20593 9642
20593 10349
20593 13215
20594 9642
20594 10349
20594 24988
20595 9642
20595 10349
20595 13215
20601 8349
20614 20456
20619 6916
20622 2528
20671 7612
20671 16689
20728 20731
20729 11510
20731 1612
20731 11510
20734 9642
20734 13215
20734 24988
20735 9642
20735 13215
20735 24988
20737 9642
20737 10349
20737 13215
20738 10349
20738 13215
20738 24988
20744 15627
20745 4707
20745 10511
20745 11385
20745 15627
20751 11385
20757 13215
20758 1511
20758 15503
20758 22832
20795 13205
20798 10349
20798 24988
20837 5683
20856 3528
20856 20858
20858 3527
20858 21925
20889 23967
20890 9835
20890 16241
20890 21369
20892 472
20892 1140
20892 1142
20892 1942
20892 2204
20892 2205
20892 2928
20892 3272
20892 5076
20892 5233
20892 7659
20892 10644
20892 10740
20892 11700
20892 11702
20892 11798
20892 12207
20892 14317
20892 14462
20892 15040
20892 16907
20892 16908
20892 18989
20892 21030
20892 21031
20892 21540
20892 22348
20892 23317
20902 20573
20902 24774
20903 5548
20903 5910
20903 21375
20903 23390
20954 13215
20954 24988
20964 425
20970 4635
20972 13108
20979 11879
20984 11385
20985 11171
20985 11385
20985 16601
21003 10307
21003 12975
21004 10307
21004 10331
21005 950
21006 16684
21007 751
21007 1390
21007 1418
21007 1897
21007 2328
21007 2816
21007 2826
21007 2833
21007 4470
21007 6308
21007 7680
21007 8190
21007 10331
21007 10401
21007 10685
21007 12975
21007 13167
21007 13175
21007 13671
21007 14702
21007 17604
21007 17727
21007 20404
21007 21782
21007 22217
21007 22218
21007 22244
21007 22246
21007 24211
21007 24213
21008 184
21008 950
21008 6876
21008 7668
21008 7721
21008 10830
21008 12490
21008 14649
21008 16689
21008 17604
21008 20573
21008 21012
21012 197
21012 1111
21012 3383
21012 3909
21012 6173
21012 9247
21012 9483
21012 20573
21030 472
21030 475
21030 1094
21030 2928
21030 3376
21030 4017
21030 5233
21030 6637
21030 7659
21030 9752
21030 10740
21030 11701
21030 11798
21030 12202
21030 12207
21030 14040
21030 15029
21030 15030
21030 15040
21030 15642
21030 15646
21030 16908
21030 18989
21030 19519
21030 21345
21030 21537
21030 22347
21030 23317
21030 24212
21030 24225
21031 472
21031 1140
21031 1142
21031 1942
21031 2204
21031 2205
21031 2928
21031 3292
21031 3540
21031 4017
21031 4259
21031 5233
21031 6637
21031 6638
21031 8242
21031 9752
21031 10644
21031 11702
21031 11798
21031 12207
21031 12230
21031 14040
21031 14462
21031 15030
21031 15040
21031 15646
21031 16907
21031 16908
21031 18444
21031 18989
21031 19519
21031 19925
21031 21030
21031 21345
21031 22347
21031 22348
21031 23317
21031 24231
21032 475
21032 1094
21032 1371
21032 1942
21032 3376
21032 6637
21032 11701
21032 11798
21032 12207
21032 15029
21032 15030
21032 15040
21032 18989
21032 19519
21033 1942
21033 11798
21033 12202
21033 12207
21037 1942
21037 2205
21037 12207
21038 2205
21045 986
21047 9895
21047 19183
21047 21050
21047 21051
21047 21052
21047 21053
21057 21047
21060 6090
21060 12292
21060 20573
21068 7992
21096 15977
21096 16622
21096 20081
21096 22217
21100 4013
21100 22215
21101 16494
21102 1042
21102 3503
21102 3671
21102 3778
21102 5455
21102 6595
21102 7821
21102 7822
21102 8839
21102 9358
21102 9622
21102 10011
21102 14651
21102 19334
21102 19743
21102 22214
21102 22919
21102 23041
21104 3383
21104 17577
21109 13038
21119 7612
21119 11373
21119 15601
21122 16747
21150 21151
21151 5889
21175 16871
21231 1942
21231 2928
21231 5233
21231 6280
21231 7956
21231 11798
21231 13950
21232 472
21232 1142
21232 1942
21232 2205
21232 2928
21232 3272
21232 3275
21232 3292
21232 3376
21232 3747
21232 4259
21232 5069
21232 5227
21232 5233
21232 6637
21232 7659
21232 7956
21232 9072
21232 9171
21232 9752
21232 10644
21232 10740
21232 11700
21232 11702
21232 11798
21232 13950
21232 14040
21232 14317
21232 14462
21232 15030
21232 15040
21232 15551
21232 16907
21232 16908
21232 17102
21232 18976
21232 18979
21232 18989
21232 20892
21232 21030
21232 21031
21232 21032
21232 21236
21232 21536
21232 21540
21232 22055
21232 22347
21232 22348
21232 22697
21232 23127
21232 23317
21232 24231
21234 1942
21234 2205
21234 2928
21234 6280
21234 7659
21234 13950
21234 22055
21234 23127
21236 5233
21236 9752
21236 10740
21236 12202
21236 13950
21236 14317
21236 15551
21236 16907
21236 16908
21236 17102
21236 18078
21236 21030
21236 21031
21236 21540
21236 23317
21237 1942
21237 5069
21237 7659
21237 12202
21237 13950
21237 18979
21237 18989
21239 12202
21239 23127
21243 11887
21253 16790
21253 20667
21255 1308
21267 7930
21267 9332
21267 17727
21267 17728
21277 9642
21277 13215
21296 7992
21304 14751
21318 18876
21340 10517
21345 12202
21347 12207
21349 2205
21349 12202
21349 12207
21350 12207
21351 12202
21352 1094
21352 1942
21352 3376
21352 6637
21352 11798
21352 12202
21352 12207
21352 15030
21352 15040
21352 19519
21352 21345
21366 7672
21369 80
21369 13589
21375 948
21375 5548
21375 14763
21375 16689
21431 7957
21431 9846
21431 24633
21433 7992
21433 9846
21434 7992
21434 9846
21469 16690
21532 23552
21535 2205
21536 1942
21536 12202
21536 12207
21537 12207
21537 22348
21538 2205
21538 12207
21539 1942
21539 12202
21539 12207
21539 21540
21540 1094
21540 1942
21540 3376
21540 6637
21540 11798
21540 12202
21540 12207
21540 15029
21540 15030
21540 15040
21540 19519
21540 21345
21540 21537
21540 21699
21540 24227
21551 477
21551 2276
21551 19001
21552 2205
21552 12207
21553 12490
21572 10349
21572 13215
21572 24988
21573 13215
21575 9642
21575 10349
21575 13215
21576 22555
21590 23967
21590 24584
21590 24781
21640 19441
21679 15827
21699 1942
21699 12202
21699 12207
21705 13750
21705 15305
21706 9314
21706 20110
21706 20111
21714 23565
21767 12410
21767 18693
21767 24617
21767 24618
21767 24619
21767 24620
21768 2425
21768 18696
21768 24620
21789 15627
21795 18426
21818 3920
21818 6715
21820 3920
21822 20619
21824 6715
21839 14542
21839 22824
21845 23967
21851 1942
21851 2205
21851 2928
21851 4017
21851 6280
21851 6972
21851 11798
21851 13950
21851 16186
21851 16188
21851 22055
21865 12207
21866 12207
21871 12614
21875 12207
21875 21540
21879 19779
21895 9846
21895 18693
21895 24618
21895 24619
21898 9846
21898 18336
21916 6756
21924 1119
21926 1048
21926 10592
21926 12883
21952 9620
21952 15723
22017 10349
22017 13215
22017 24988
22044 8199
22044 15455
22055 472
22055 1372
22055 1942
22055 2002
22055 2204
22055 3270
22055 3272
22055 3297
22055 3540
22055 3841
22055 3842
22055 4017
22055 5072
22055 5073
22055 5074
22055 5076
22055 5233
22055 6408
22055 6459
22055 6460
22055 6638
22055 7664
22055 7852
22055 7853
22055 8511
22055 8852
22055 9751
22055 9752
22055 10443
22055 10629
22055 10740
22055 11702
22055 11706
22055 12202
22055 12207
22055 12258
22055 12260
22055 13535
22055 13913
22055 14316
22055 14317
22055 15040
22055 15043
22055 15046
22055 15644
22055 15885
22055 15886
22055 16237
22055 16902
22055 16908
22055 17101
22055 17102
22055 17735
22055 18078
22055 18080
22055 18656
22055 18659
22055 18975
22055 18979
22055 18996
22055 19519
22055 19675
22055 20539
22055 20892
22055 21030
22055 21031
22055 21037
22055 21538
22055 21540
22055 21865
22055 22348
22055 23317
22055 23726
22055 23759
22055 23760
22055 24229
22055 24231
22055 24232
22139 15727
22182 4267
22188 163
22188 1043
22188 6056
22188 12375
22188 12528
22188 16689
22188 16690
22188 18249
22188 20984
22188 20985
22188 22139
22189 7992
22189 11918
22189 16690
22189 22139
22195 2289
22210 11662
22212 17494
22213 9306
22213 20254
22214 11662
22214 21102
22215 21100
22217 16689
22217 16690
22217 20081
22217 22188
22218 1119
22218 9108
22244 163
22244 7992
22245 163
22245 17712
22246 7992
22246 20573
22268 2276
22296 1754
22296 3687
22296 4613
22296 8442
22296 9544
22296 9545
22296 10634
22296 11770
22296 18048
22297 1753
22297 4610
22297 4612
22297 4613
22297 4614
22297 4616
22297 4617
22297 4618
22297 6064
22297 6065
22297 9545
22297 12134
22297 12135
22297 14517
22297 15333
22297 18048
22297 18049
22297 18052
22297 22296
22298 20053
22347 10740
22347 22348
22348 1942
22348 2205
22348 3376
22348 10740
22348 12202
22348 12207
22355 19152
22375 10349
22375 24988
22376 9642
22376 10349
22376 24988
22389 22390
22429 9903
22429 15727
22429 19124
22430 24751
22440 19594
22444 13215
22459 912
22459 13742
22513 725
22527 5096
22528 7606
22528 11215
22528 16790
22528 16791
22528 20667
22529 2284
22529 2575
22529 7606
22529 7607
22529 16790
22529 22867
22529 24883
22531 20667
22533 1164
22545 9642
22545 13486
22545 16616
22608 8535
22610 8539
22654 12202
22654 12207
22655 1142
22655 7659
22655 11702
22655 12207
22657 1942
22657 2205
22657 5233
22657 12207
22657 21031
22657 22055
22658 1942
22658 2928
22658 11798
22658 12202
22658 12207
22658 14040
22658 21345
22660 1942
22660 2205
22660 2928
22660 3272
22660 5233
22660 6637
22660 7659
22660 7956
22660 9752
22660 11798
22662 4180
22662 14477
22662 19850
22662 22296
22662 22297
22663 17036
22664 4180
22664 6999
22664 7000
22664 7001
22664 8442
22664 9544
22664 17038
22664 19850
22664 22297
22674 13215
22674 24988
22678 7930
22695 1942
22695 12202
22697 12207
22697 22348
22708 13725
22740 17028
22745 1164
22778 10519
22779 10619
22785 163
22785 955
22785 7990
22786 9061
22794 827
22794 3759
22794 17650
22794 23950
22824 2285
22824 11882
22832 4637
22832 8279
22832 10940
22832 13598
22832 19152
22839 13741
22839 21102
22841 4904
22841 5593
22841 18336
22841 18644
22841 19873
22841 20057
22841 21102
22846 10349
22867 10274
22867 12883
22867 24178
22881 4142
22881 24633
22911 1164
22912 14455
22914 14453
22914 14455
22919 8495
22919 20254
22919 21102
22950 10619
22953 8349
22954 6004
22954 6756
22954 23967
22979 2635
22979 18228
22994 163
22994 16689
22994 16690
23006 1164
23035 9642
23035 10349
23035 24988
23037 6903
23049 16675
23056 10619
23056 11426
23056 21047
23085 337
23085 2285
23085 2826
23085 3122
23085 5932
23085 6496
23085 7555
23085 10459
23085 11859
23085 13106
23085 15616
23085 15749
23085 15918
23085 18038
23085 18775
23085 19061
23085 20482
23085 20573
23087 1164
23099 11231
23099 13326
23099 13786
23099 21551
23099 23094
23099 23097
23127 472
23127 1141
23127 1142
23127 1143
23127 1355
23127 1371
23127 1372
23127 1942
23127 1996
23127 2000
23127 2003
23127 2204
23127 2381
23127 2928
23127 3270
23127 3272
23127 3275
23127 3291
23127 3295
23127 3297
23127 3317
23127 3376
23127 3377
23127 3762
23127 3841
23127 4017
23127 4493
23127 5068
23127 5069
23127 5071
23127 5072
23127 5226
23127 5233
23127 6283
23127 6459
23127 6460
23127 6632
23127 6641
23127 7666
23127 7763
23127 7853
23127 7854
23127 7856
23127 8242
23127 8511
23127 8852
23127 9171
23127 9751
23127 9752
23127 10314
23127 10443
23127 10630
23127 10740
23127 11314
23127 11316
23127 11698
23127 11699
23127 11700
23127 11703
23127 11705
23127 11706
23127 11798
23127 12060
23127 12062
23127 12260
23127 12261
23127 13164
23127 13505
23127 13535
23127 13537
23127 13539
23127 14076
23127 14314
23127 14315
23127 14317
23127 14458
23127 14462
23127 14464
23127 15028
23127 15030
23127 15040
23127 15042
23127 15641
23127 15642
23127 15886
23127 16906
23127 16907
23127 16908
23127 17101
23127 17102
23127 17104
23127 17106
23127 17107
23127 17108
23127 17735
23127 18075
23127 18078
23127 18080
23127 18441
23127 18442
23127 18444
23127 18655
23127 18656
23127 18975
23127 18976
23127 18978
23127 18979
23127 18981
23127 18989
23127 19519
23127 19676
23127 19680
23127 19925
23127 20024
23127 20892
23127 21030
23127 21031
23127 21038
23127 21351
23127 21352
23127 21536
23127 21539
23127 21699
23127 21864
23127 21866
23127 22055
23127 22655
23127 22660
23127 23317
23127 23319
23127 23542
23127 23543
23127 23726
23127 23760
23127 24227
23127 24228
23127 24229
23127 24230
23127 24232
23127 24563
23146 21375
23176 19224
23183 5666
23220 13215
23222 13215
23227 17580
23228 2703
23261 9642
23261 13215
23261 24988
23284 9642
23284 13215
23285 9642
23317 472
23317 1144
23317 1942
23317 2928
23317 3376
23317 4017
23317 6637
23317 7956
23317 9752
23317 10644
23317 10740
23317 11798
23317 14040
23317 15030
23317 15040
23317 18989
23317 19519
23317 21345
23317 22347
23319 2205
23319 12207
23320 1942
23320 11798
23320 12202
23320 12207
23321 1942
23321 11798
23321 12207
23321 14040
23322 1942
23322 12202
23322 12207
23361 13215
23364 9642
23364 13215
23390 14763
23390 19228
23390 21375
23430 15614
23431 13486
23431 16616
23432 13486
23432 16616
23436 5496
23438 3133
23438 9946
23439 3000
23441 20497
23450 14046
23459 2985
23473 19228
23530 1048
23530 1050
23530 5674
23530 6405
23530 6953
23530 8171
23530 8174
23530 8175
23530 9642
23530 9643
23530 11124
23530 11125
23530 11763
23530 12513
23530 12514
23530 13108
23530 13988
23530 17008
23530 19790
23530 19792
23530 20081
23530 23961
23541 1942
23541 7659
23541 12207
23542 2000
23542 5233
23542 9752
23542 12202
23542 12207
23542 16908
23542 18978
23542 21030
23542 21540
23542 22348
23542 23317
23543 1942
23543 11700
23543 12207
23543 21032
23543 21540
23544 1140
23544 1142
23544 1942
23544 2928
23544 5233
23544 11702
23544 11798
23544 14462
23544 16907
23544 21030
23544 22348
23544 23759
23544 24231
23551 9642
23554 17028
23560 10031
23582 21047
23624 1503
23637 18693
23637 18695
23637 18696
23637 24618
23637 24619
23637 24620
23638 2425
23638 12410
23638 18695
23638 18696
23638 24617
23638 24619
23660 11426
23660 21047
23664 11426
23664 21047
23671 11426
23671 21047
23672 11426
23672 21047
23693 21047
23697 23696
23703 15375
23703 21047
23707 21047
23708 21047
23709 21047
23710 21047
23711 21047
23713 16256
23726 1942
23759 2205
23759 19519
23760 2205
23760 7659
23760 12207
23782 23967
23788 8734
23789 1907
23789 14037
23789 15333
23789 19337
23790 8734
23798 18228
23844 10349
23859 10274
23867 7529
23869 5683
23870 5683
23897 80
23897 15455
23901 21248
23905 23904
23955 23952
23956 23949
23956 23955
23961 9544
23967 18753
23967 22954
23989 10511
24051 425
24101 9642
24111 14751
24117 9642
24117 10349
24118 9642
24118 10349
24119 13215
24119 24988
24120 10349
24126 15727
24151 2001
24159 19152
24163 15976
24163 20985
24164 20985
24178 7606
24178 14497
24178 16790
24178 16791
24178 20667
24179 2284
24179 2575
24179 7606
24179 7607
24179 16790
24200 24673
24203 23552
24212 1942
24212 2205
24212 6638
24225 2205
24225 12207
24226 1942
24226 6637
24226 11798
24226 12207
24227 12202
24227 12207
24228 12207
24228 15030
24229 2205
24230 1942
24230 11798
24230 12202
24230 12207
24231 2205
24231 10740
24231 15030
24231 19519
24231 24212
24232 2205
24256 23698
24292 1398
24292 5805
24292 15718
24295 20573
24322 6496
24322 24379
24323 1164
24350 7978
24350 7980
24350 16566
24350 22246
24350 24129
24350 24233
24350 24234
24358 9305
24358 20401
24358 20403
24358 20415
24376 2285
24376 2570
24376 5732
24376 7930
24376 9332
24377 1164
24377 6496
24378 1438
24378 5732
24378 7929
24378 9332
24378 17727
24378 17728
24378 24211
24378 24213
24379 1165
24379 7929
24379 7930
24379 9332
24379 16562
24379 16563
24379 17728
24379 24211
24380 7930
24380 9332
24380 17727
24380 17728
24380 24211
24381 5732
24381 7930
24381 9332
24381 17728
24382 24379
24385 15764
24405 8627
24405 8628
24405 18048
24405 20450
24426 7440
24483 10349
24483 24988
24501 18622
24509 1164
24535 21047
24563 1942
24563 11798
24563 12207
24563 16906
24565 12207
24567 1942
24568 1942
24568 7659
24568 11798
24568 12202
24606 7810
24614 20573
24617 3778
24618 3778
24619 5471
24633 976
24633 1111
24633 9244
24633 9483
24633 9620
24633 20581
24633 22881
24661 1164
24661 18111
24682 1382
24682 5505
24682 5805
24682 6937
24682 7565
24682 9632
24682 9643
24682 10351
24682 10352
24682 13483
24682 13484
24682 14891
24682 15896
24682 15898
24682 16320
24682 19440
24682 19442
24682 19927
24692 1511
24692 3345
24692 3478
24692 10940
24692 11773
24692 19152
24692 22832
24694 10940
24694 19152
24699 4258
24725 12252
24725 20573
24769 182
24781 23967
24783 13215
24783 24988
24784 9642
24784 10349
24784 13215
24785 10349
24785 13215
24785 24988
24791 16689
24799 1942
24799 2205
24799 2928
24799 6280
24799 7659
24799 11798
24799 12207
24799 13950
24806 3778
24824 2285
24851 12054
24859 1843
24859 2838
24859 4142
24859 8627
24859 16690
24859 21007
24860 939
24860 1026
24860 7995
24860 16152
24860 17494
24860 23967
24861 17874
24862 939
24862 1026
24862 2708
24862 9087
24862 11216
24862 13726
24862 14096
24862 17990
24862 18695
24862 19742
24862 20254
24866 14477
24866 19850
24866 22297
24878 2848
24878 2849
24878 8074
24878 13928
24882 24178
24883 24178
24883 24179
24912 1164
24912 24379
24915 2205
24915 12207
24915 13950
24915 15551
24915 23127
24917 2928
24917 7659
24918 2205
24918 6280
24918 7659
24918 12207
24918 13950
24918 22055
24920 1942
24920 2928
24920 11798
24920 12207
24920 23127
24921 2928
24921 6280
24921 7659
24921 10629
24921 13950
24927 2470
24927 4231
24933 16601
24935 13299
24936 15973
24937 4682
24957 4142
24957 14497
24978 5848
24978 8735
24978 10274
24978 11934
24978 17028
24978 18859
24978 21100
24978 24980
24979 23967
24980 23967
24987 3140
24987 4231
24987 14453
24987 14455
24987 23697
24988 4229
24988 13486
24988 14453
24988 14455
24988 23697
24989 19873
