1 3917
1 3927
1 10146
1 10757
30 9998
30 12070
30 12073
30 12074
30 12075
30 12077
30 12084
51 11961
51 18130
56 11958
56 11961
57 11958
57 11961
58 11961
59 730
59 18141
68 11958
70 3734
71 1576
71 18141
78 13564
88 1754
89 1754
144 9670
150 7586
169 9680
175 11160
211 730
211 1576
211 4409
211 4695
211 8628
211 13314
211 18130
239 1232
239 3904
239 6568
239 8008
239 12366
239 13564
240 9012
241 1232
241 2619
241 8202
241 13564
509 505
509 506
509 512
509 5492
512 509
512 8436
512 18853
512 19148
518 17587
542 1556
569 3784
585 8260
588 585
592 588
592 590
596 592
601 585
601 589
601 592
601 596
601 599
601 1560
673 5272
679 9573
681 10695
705 7051
706 7051
719 13248
727 719
727 7787
727 17823
727 17827
728 17826
730 15177
730 17826
730 17828
733 17815
774 8219
793 16778
797 13314
816 3738
816 7079
816 14037
816 15155
870 869
919 16753
919 17714
921 17714
1065 1042
1094 11708
1101 13973
1104 9560
1104 13973
1104 18190
1110 1093
1110 7622
1113 13070
1152 9800
1160 2901
1160 9582
1160 13022
1160 16332
1212 1
1212 7281
1232 3496
1232 3940
1232 4141
1232 6259
1232 6680
1232 6682
1232 7122
1232 9998
1232 12380
1232 13924
1232 13982
1232 15491
1248 10114
1277 2929
1280 2929
1289 2929
1303 2929
1303 3498
1303 13070
1304 2929
1305 2929
1305 3498
1305 13070
1306 1303
1306 2929
1306 3503
1306 17855
1307 2929
1308 2929
1308 3498
1309 2929
1310 10158
1311 565
1311 640
1311 1277
1311 1303
1311 1305
1311 1307
1311 1739
1311 2929
1311 3496
1311 3497
1311 3503
1311 3504
1311 6170
1311 6423
1311 9007
1311 10159
1311 11349
1311 12400
1312 2929
1316 8687
1317 2929
1317 12368
1321 5272
1322 1311
1322 2929
1322 10158
1322 17855
1332 2929
1335 2929
1336 2929
1336 3498
1336 3503
1336 6422
1336 7944
1336 13070
1337 1311
1337 2929
1337 13070
1339 2929
1340 1100
1340 1103
1340 1310
1340 1311
1340 2929
1340 3498
1340 3503
1340 3504
1340 7944
1340 11349
1342 2929
1368 11250
1381 11405
1391 2349
1391 9560
1422 1778
1422 5787
1557 1556
1584 14242
1764 8628
1764 10009
1764 16512
1778 1764
1778 3034
1778 7122
1778 17953
1794 11750
1795 1576
1795 8628
1795 11750
1812 13306
1842 1764
1858 3734
1964 1956
1990 3784
1992 1991
1993 1991
2002 816
2002 7051
2002 8573
2003 12620
2004 8573
2004 20109
2006 8573
2006 12848
2006 16515
2077 2678
2077 3734
2077 3741
2077 3760
2077 3778
2077 3780
2077 6005
2077 13263
2077 15368
2077 17671
2078 3734
2079 3734
2178 749
2181 1042
2285 3783
2287 6408
2304 919
2304 12075
2304 12086
2304 12095
2304 12100
2304 12801
2304 15368
2304 15370
2349 1095
2349 1101
2349 1104
2349 3878
2349 5371
2349 5390
2349 6160
2349 7238
2349 9446
2349 9559
2349 9560
2349 9561
2349 10055
2349 12357
2349 13022
2349 14466
2349 16395
2349 16396
2349 16397
2349 18189
2349 18193
2403 11386
2403 11395
2403 11397
2403 11398
2403 11418
2403 11419
2403 11427
2403 12699
2403 16709
2454 2455
2454 2591
2454 7051
2454 8687
2454 12366
2454 12368
2454 12370
2454 18853
2454 19148
2454 20388
2455 2454
2455 16627
2455 19988
2458 16733
2460 12368
2460 12370
2522 8628
2563 3265
2577 8188
2579 2577
2591 2454
2591 11519
2591 12170
2591 12386
2591 12387
2591 18142
2591 19148
2591 19232
2598 6259
2598 8628
2619 6409
2620 2619
2621 2619
2622 2619
2634 2619
2637 2622
2638 2619
2638 2620
2638 2621
2638 2622
2638 2634
2641 2638
2657 10052
2669 2664
2880 2879
2889 1576
2895 9061
2900 9573
2900 10695
2901 9573
2901 10695
2929 565
2929 639
2929 640
2929 1735
2929 1739
2929 3974
2929 3976
2929 3977
2929 5048
2929 6170
2929 9663
2929 13060
2929 13061
2929 13075
2929 13076
2929 15352
2936 5961
2940 1754
2965 2951
2988 16817
2988 18475
3005 9608
3005 15548
3008 1576
3008 16571
3034 1778
3109 11879
3109 14051
3109 14053
3110 7123
3110 10556
3117 1535
3117 1556
3265 1879
3265 3972
3265 8519
3265 17912
3313 12368
3345 12086
3491 12368
3492 12368
3495 12368
3496 2929
3496 8357
3496 10492
3496 13070
3497 2929
3497 8357
3497 13070
3498 1739
3498 3491
3498 6423
3498 10158
3498 10159
3498 13418
3498 13420
3498 16558
3498 17850
3498 17853
3498 17855
3499 1739
3499 2929
3500 1560
3503 1739
3503 3495
3503 3977
3503 6417
3503 8355
3503 10158
3503 12368
3503 13418
3503 16558
3503 17852
3503 17855
3504 10158
3504 10159
3504 17855
3510 12368
3532 8628
3539 1232
3539 3475
3542 3470
3542 3478
3542 3539
3542 12416
3542 17152
3543 3542
3558 2403
3558 9634
3558 16766
3579 14702
3618 6770
3658 4084
3658 5728
3661 11368
3671 2929
3672 1307
3672 1332
3672 1336
3672 2929
3672 9105
3672 10007
3679 1311
3679 2929
3679 4054
3679 10158
3679 17282
3706 1395
3706 3670
3706 3705
3706 9164
3706 16114
3713 919
3713 4004
3713 5973
3713 12073
3713 12075
3713 12081
3713 12082
3713 12084
3713 12086
3713 12090
3713 12095
3713 12098
3713 12100
3713 12801
3713 15368
3713 15369
3713 15370
3734 1548
3734 1551
3734 1553
3734 1555
3734 1560
3734 1563
3734 1569
3734 1570
3734 2678
3734 2679
3734 2681
3735 3734
3736 3734
3737 1560
3737 3734
3738 3734
3738 3737
3739 3734
3741 3734
3743 3734
3745 3734
3745 3737
3760 3734
3778 3734
3780 3734
3917 7281
3918 7281
4028 509
4032 8436
4038 4029
4043 509
4045 2929
4050 4048
4055 4028
4056 507
4056 509
4056 4054
4056 4055
4059 11977
4074 16506
4084 8357
4155 8628
4218 4205
4218 4217
4225 4205
4225 4217
4377 5272
4379 1574
4379 1579
4379 2634
4379 4386
4379 5268
4379 15373
4384 5272
4386 4379
4387 12368
4396 2619
4409 15622
4429 4428
4585 2619
4608 6408
4608 8573
4608 12810
4615 18141
4635 2619
4635 2951
4638 7421
4639 2619
4639 6259
4639 8916
4639 12776
4656 55
4656 12075
4658 4647
4658 4655
4658 4657
4658 12073
4658 12075
4658 12077
4658 12078
4662 12073
4662 12075
4683 4862
4685 4862
4687 1144
4689 4862
4689 16733
4691 4862
4691 16733
4692 3752
4692 4862
4692 8979
4692 13092
4692 16733
4695 6602
4695 8977
4695 12384
4695 14491
4727 8557
4727 12810
4789 4608
4821 1556
4821 6297
4821 10263
4821 13314
4837 730
4837 4839
4837 13314
4837 19148
4839 211
4839 1764
4839 2454
4839 2965
4839 4837
4839 4838
4839 6259
4839 8916
4839 9998
4839 13329
4839 13632
4839 15622
4839 17111
4839 17920
4839 18197
4841 13314
4843 4839
4843 13314
4884 3734
4891 3737
5007 5006
5012 5006
5063 14822
5100 12368
5100 12370
5102 6497
5120 4996
5120 12801
5177 5176
5185 14047
5188 2929
5217 5216
5220 5216
5237 2929
5261 15616
5272 673
5272 2899
5272 2900
5272 2901
5272 2902
5272 2903
5272 2904
5272 19049
5281 4217
5307 5306
5315 5040
5315 6142
5315 6143
5315 15616
5315 16389
5315 17769
5371 9560
5413 5321
5413 5323
5413 10556
5500 13314
5501 2951
5516 10490
5539 5521
5539 9040
5539 10490
5694 3917
5694 9998
5694 17796
5726 1560
5726 15602
5728 2349
5728 5539
5728 9560
5728 13973
5728 15989
5728 16512
5731 5539
5731 16512
5740 3109
5740 7125
5749 16019
5762 12887
5763 5731
5881 15401
5944 6760
5945 5908
5945 5944
5945 8882
5945 8883
5950 8687
5950 8690
5950 14438
5953 7740
5964 5968
5968 5964
5973 3734
6006 3734
6119 1560
6119 3734
6144 1560
6184 5120
6227 8904
6227 8905
6227 8977
6259 1765
6259 1767
6259 1768
6259 1778
6259 13016
6269 16506
6273 10492
6297 653
6297 1557
6297 14014
6297 15370
6306 1556
6306 14014
6317 8628
6408 6407
6414 2929
6415 2929
6417 2929
6420 2929
6421 2929
6422 2929
6423 2929
6424 2929
6426 2929
6427 2929
6428 2929
6429 2929
6430 2929
6432 2929
6476 6259
6497 5102
6545 2929
6545 6544
6566 6120
6592 2951
6592 2965
6592 5025
6592 6591
6621 2057
6622 816
6623 816
6654 3936
6683 6680
6742 5176
6746 5727
6746 5728
6746 16779
6758 6760
6758 6769
6758 6770
6760 679
6760 2900
6760 2901
6760 6758
6760 6759
6760 6762
6760 7858
6760 8878
6760 9565
6760 9567
6760 9568
6760 9569
6760 9572
6760 9573
6760 9574
6760 9577
6760 9578
6760 9580
6760 9581
6760 9582
6760 9583
6760 9616
6760 9617
6760 9998
6760 10054
6760 10503
6760 10552
6760 10695
6760 11231
6760 12411
6760 12418
6760 13022
6760 13031
6760 15177
6760 15649
6760 16332
6760 16396
6761 6760
6762 6760
6769 6758
6769 7122
6769 11177
6770 1584
6770 2899
6770 2900
6770 2901
6770 2902
6770 2904
6770 3947
6770 6758
6770 6760
6770 6761
6770 16394
6770 16703
6770 16779
6771 6760
6772 6760
6772 6770
6773 4050
6773 6760
6774 6760
6777 15335
6778 5694
6780 5012
6780 5726
6780 6759
6780 6760
6785 6166
6786 2902
6786 2904
6786 5728
6786 12370
6955 7740
6955 12646
6955 16017
6958 16032
6959 7740
6961 7740
6961 12648
6965 6955
6973 239
6973 241
6973 1307
6973 3456
6973 3695
6973 3947
6973 5228
6973 6259
6973 6409
6973 7734
6973 9007
6973 10508
6973 11382
6973 12380
6973 12416
7051 2002
7051 13924
7123 2638
7281 707
7281 1212
7281 3917
7281 3918
7281 4107
7281 6163
7281 6164
7281 13924
7281 13925
7281 14466
7281 18933
7306 6245
7306 6246
7342 3734
7342 3737
7343 3734
7467 4837
7486 3734
7517 5176
7537 9683
7539 7550
7592 7581
7592 8387
7609 714
7609 719
7609 721
7609 730
7609 4155
7609 15622
7609 17823
7609 17828
7616 12368
7641 509
7678 1422
7678 5492
7678 6568
7684 5365
7684 9743
7696 19148
7737 807
7740 3734
7740 13225
7772 8357
7787 727
7858 9573
7907 13314
7920 6683
7928 1765
7928 1767
7928 1768
7928 6760
7928 9573
7928 10695
7929 1767
7931 816
7944 1248
7944 10158
7944 17855
7952 8979
7956 5539
8006 1852
8006 1858
8006 1860
8006 7995
8006 7997
8006 7998
8006 12087
8008 8006
8008 8007
8033 12362
8083 241
8083 1234
8083 1850
8083 2002
8083 2003
8083 2384
8083 6654
8083 7734
8083 9668
8083 16521
8084 9933
8087 11289
8104 4695
8111 6304
8111 6418
8120 1556
8120 6297
8120 14014
8252 2619
8263 8256
8263 8257
8263 8260
8263 8262
8266 8263
8267 8263
8357 3939
8357 8355
8386 7269
8436 512
8436 13982
8496 1820
8496 6230
8496 8495
8506 1778
8507 2643
8507 6259
8507 10698
8522 10492
8531 14822
8544 8541
8590 16370
8597 16370
8598 16370
8599 8372
8599 10515
8599 10516
8599 10517
8599 10518
8599 14051
8599 14053
8599 16370
8602 8628
8602 16370
8621 7467
8628 211
8628 1764
8628 1795
8628 2522
8628 2598
8628 4155
8628 6317
8628 7928
8628 8602
8628 8907
8628 9037
8628 11750
8628 13591
8628 15623
8628 15694
8628 16606
8628 16610
8628 16611
8633 3734
8687 2966
8687 8675
8687 8680
8687 8684
8687 11706
8687 14438
8690 1553
8690 8687
8691 8687
8691 16506
8693 10009
8701 8690
8705 8687
8705 11497
8749 8687
8821 7051
8835 2929
8847 14734
8849 14734
8860 8854
8874 7138
8874 7140
8878 13314
8882 9973
8897 2929
8904 6227
8905 2077
8905 3734
8905 6227
8907 8628
8915 10492
8915 11497
8916 6606
8916 17855
8921 13416
8971 8567
8977 6227
8977 9933
8977 11750
8978 9998
8978 15843
8979 4860
8979 8883
8979 9791
8979 9933
8979 9934
8979 14269
8979 15616
8981 9933
9007 2929
9013 9012
9031 16512
9037 30
9037 730
9037 8628
9037 9933
9037 16733
9038 30
9038 16733
9041 13314
9045 5315
9047 6760
9075 8687
9104 2929
9109 8006
9114 6654
9125 15397
9127 8006
9128 816
9128 8006
9128 15463
9128 16764
9132 8006
9135 8006
9137 8006
9137 8007
9143 8006
9144 8006
9150 8006
9151 8006
9151 9125
9152 8006
9153 8006
9154 2384
9154 3936
9154 8006
9154 9110
9155 8006
9155 8007
9158 8006
9161 8006
9162 8006
9163 8006
9166 4590
9179 8006
9179 8007
9180 7998
9180 9154
9181 8008
9181 9109
9181 9151
9181 16764
9182 4063
9182 8006
9182 8007
9182 9180
9183 4063
9183 8006
9278 13022
9300 1232
9306 3503
9313 3503
9391 3737
9391 9389
9414 9410
9560 3878
9560 7238
9560 9546
9560 16397
9573 9565
9573 9568
9573 9572
9573 10552
9573 16332
9574 9573
9577 9573
9578 9573
9580 9573
9582 9573
9616 9573
9617 10695
9670 2643
9678 9679
9743 3734
9743 8634
9841 1556
9841 3734
9841 14295
9841 17587
9933 506
9933 510
9933 4860
9933 4861
9933 5091
9933 5263
9933 7367
9933 8428
9933 9791
9933 10490
9933 11883
9933 16569
9933 16571
9933 16572
9933 16576
9933 16579
9933 16828
9933 16831
9933 16840
9933 17627
9933 17640
9933 17650
9934 16571
9936 16571
9937 11746
9937 16571
9937 17627
9938 16571
9940 16571
9941 9935
9943 16571
9944 9941
9945 16571
9964 6304
9972 644
9973 8882
9973 16792
9973 19148
9975 3109
9991 661
9995 10009
9996 16512
9998 730
9998 8436
10003 4379
10008 19540
10009 1764
10009 7125
10009 7285
10009 8355
10009 8693
10009 9971
10009 9994
10009 9995
10009 9998
10009 10001
10009 10002
10009 15177
10014 3134
10052 1579
10052 2657
10052 4373
10052 4379
10052 4383
10052 4384
10052 6115
10052 10593
10052 11367
10052 11369
10052 16703
10052 16838
10059 12387
10075 8496
10082 10070
10082 10071
10082 10072
10082 10073
10082 10074
10082 10075
10082 10076
10082 10080
10082 10081
10089 10070
10089 10072
10089 10073
10089 10075
10089 10082
10092 8496
10092 10074
10092 10076
10092 10082
10092 10089
10092 10090
10093 10082
10094 10074
10094 10076
10094 10082
10094 10089
10094 10090
10095 10070
10095 10072
10095 10074
10095 10076
10095 10082
10095 10089
10095 10090
10095 10093
10096 10074
10096 10076
10096 10078
10096 10082
10096 10089
10096 10090
10096 10095
10097 10076
10097 10082
10097 10089
10098 10076
10098 10082
10098 10089
10098 10090
10100 10096
10102 10082
10102 10095
10104 589
10104 10074
10104 10076
10104 10082
10104 10089
10104 10090
10105 10089
10123 16571
10141 5176
10158 2929
10159 2929
10159 13070
10167 7242
10170 2929
10172 2929
10177 10176
10178 10177
10179 10177
10250 8006
10252 8006
10257 8006
10258 4063
10258 8006
10258 8007
10259 8006
10260 4063
10260 8006
10260 10256
10263 2454
10263 8364
10263 8365
10263 11386
10263 11397
10263 11418
10263 11419
10263 11424
10263 15622
10263 17438
10265 1101
10265 2349
10265 4027
10265 14466
10265 18189
10265 18193
10267 8008
10267 16764
10271 8006
10273 1852
10273 1860
10273 4032
10273 4044
10273 4046
10273 7995
10273 7998
10273 8008
10273 9109
10273 9125
10273 9127
10273 9128
10273 9143
10273 9150
10273 9151
10273 9155
10273 9179
10273 9181
10273 9182
10273 9183
10273 10258
10273 10263
10273 10265
10273 10267
10279 4050
10280 816
10280 4050
10280 6259
10282 653
10282 4054
10282 4055
10282 6760
10282 8978
10282 8979
10282 10286
10282 11250
10282 11408
10282 11750
10282 15835
10283 6760
10286 4063
10286 6654
10286 8006
10286 10273
10288 4044
10288 4063
10288 8006
10288 8007
10288 9124
10288 9180
10288 10273
10288 16764
10289 4040
10289 4063
10289 8006
10289 9110
10289 9180
10289 10275
10293 4063
10293 8006
10293 9933
10293 10273
10364 12503
10392 7955
10402 2349
10402 13973
10404 8882
10406 13576
10417 7047
10516 14047
10556 1553
10695 9565
10695 9568
10695 9569
10695 9572
10695 9580
10695 9582
10695 16332
10698 2619
10769 12366
10771 1795
10988 8388
11038 13307
11058 15620
11080 2619
11080 2634
11080 17953
11121 1990
11121 6121
11122 13314
11138 8687
11144 14171
11146 16370
11154 6304
11218 10082
11218 10089
11220 2178
11220 10082
11220 10089
11220 10090
11221 10082
11221 10095
11231 9573
11231 10695
11250 5163
11250 5356
11250 8355
11250 8893
11250 12302
11250 15519
11253 11250
11284 10167
11289 4020
11289 7242
11289 7248
11289 7249
11289 7253
11289 7256
11289 7262
11289 9598
11289 9599
11289 10164
11289 10166
11289 10169
11289 11284
11289 11288
11290 11289
11291 11289
11300 11289
11305 11289
11306 11289
11308 11289
11309 11289
11312 11289
11314 11289
11317 11289
11319 11289
11320 11289
11322 11289
11326 11289
11327 11289
11329 10167
11329 11289
11330 11289
11331 11289
11332 11289
11333 11289
11334 11289
11335 11289
11336 11289
11338 11289
11338 11293
11338 11337
11338 15539
11339 11289
11341 11289
11342 11289
11343 11289
11345 11289
11349 2929
11349 10158
11367 10052
11367 11369
11367 14734
11368 7396
11368 13477
11368 14730
11368 14732
11369 4373
11369 4379
11369 4383
11369 4384
11369 6115
11369 10052
11369 11367
11369 14730
11369 14732
11369 14734
11369 16703
11382 5694
11386 1136
11386 3921
11386 3926
11386 5100
11386 5105
11386 6158
11386 6160
11386 6161
11386 6166
11386 6679
11386 7693
11386 8364
11386 8365
11386 9445
11386 9446
11386 10988
11386 11385
11386 16395
11386 16397
11386 16697
11386 17438
11386 17439
11386 17441
11387 11386
11388 11386
11389 11386
11390 11386
11391 9445
11391 10988
11394 11385
11394 11386
11394 11388
11394 11389
11394 11390
11394 11395
11395 5964
11395 6158
11395 6160
11395 6679
11395 7693
11395 10508
11395 10988
11395 11385
11395 11388
11395 16395
11395 16397
11395 16697
11395 17438
11395 17439
11395 17441
11397 1136
11397 2631
11397 3921
11397 5100
11397 6158
11397 6160
11397 6162
11397 6166
11397 6679
11397 7285
11397 7693
11397 8364
11397 8365
11397 9445
11397 9446
11397 10075
11397 10988
11397 11385
11397 11386
11397 11387
11397 11388
11397 11389
11397 11390
11397 11393
11397 11394
11397 14438
11397 16395
11397 16397
11397 16697
11397 17438
11397 17439
11397 17441
11398 1136
11398 1137
11398 2631
11398 3921
11398 5100
11398 6119
11398 6158
11398 6160
11398 6166
11398 6679
11398 8364
11398 8365
11398 9445
11398 9446
11398 10988
11398 11385
11398 11386
11398 11388
11398 11389
11398 11390
11398 11394
11398 11397
11398 16395
11398 16397
11398 16697
11398 17438
11398 17439
11398 17441
11400 11397
11400 11398
11401 6158
11401 10988
11401 11394
11401 16397
11401 16697
11401 17438
11402 11386
11402 11397
11402 11398
11403 11386
11403 11397
11403 11398
11405 2899
11405 3921
11405 5100
11405 5105
11405 5275
11405 6158
11405 6161
11405 6166
11405 6679
11405 7622
11405 8364
11405 10988
11405 11385
11405 11388
11405 11389
11405 11394
11405 16395
11405 16397
11405 16697
11405 16779
11405 17438
11405 17439
11405 17441
11405 17852
11407 11386
11407 11397
11407 11398
11408 1136
11408 5100
11408 6166
11408 6679
11408 8347
11408 8365
11408 10988
11408 11388
11408 11389
11408 11407
11408 17438
11408 17441
11409 11386
11409 11397
11409 11398
11409 11408
11410 11386
11410 11394
11410 11397
11410 11398
11413 11386
11413 11395
11413 11397
11413 11405
11414 11395
11414 11397
11414 11398
11415 11386
11415 11395
11415 11397
11415 11398
11415 11405
11416 11386
11416 11395
11416 11397
11416 11398
11416 11405
11417 2899
11417 5105
11417 5275
11417 6161
11417 6166
11417 8364
11417 11389
11417 11413
11417 16397
11417 16779
11417 17438
11417 17441
11418 1136
11418 1137
11418 1138
11418 1157
11418 1584
11418 2631
11418 3921
11418 4022
11418 5100
11418 5105
11418 6158
11418 6160
11418 6161
11418 6162
11418 6166
11418 6679
11418 7229
11418 7285
11418 7693
11418 8364
11418 8365
11418 9445
11418 9446
11418 10988
11418 11385
11418 11386
11418 11388
11418 11389
11418 11395
11418 11397
11418 11398
11418 11405
11418 11407
11418 11408
11418 11409
11418 11410
11418 11413
11418 11415
11418 11416
11418 16394
11418 16395
11418 16397
11418 16697
11418 16779
11418 17437
11418 17438
11418 17439
11418 17441
11418 19232
11419 1136
11419 1584
11419 2899
11419 3737
11419 5100
11419 5105
11419 5275
11419 6158
11419 6160
11419 6161
11419 6166
11419 6679
11419 7693
11419 8364
11419 8365
11419 9445
11419 9876
11419 10988
11419 11385
11419 11386
11419 11388
11419 11389
11419 11390
11419 11397
11419 11398
11419 11407
11419 11409
11419 11410
11419 11413
11419 11414
11419 11415
11419 11416
11419 11418
11419 13029
11419 16395
11419 16397
11419 16697
11419 16779
11419 17437
11419 17438
11419 17439
11419 17441
11420 11418
11421 11386
11421 11395
11421 11397
11421 11398
11421 11405
11421 11417
11421 11418
11421 11419
11422 1136
11422 1584
11422 2899
11422 3921
11422 5105
11422 5275
11422 6158
11422 6161
11422 6166
11422 6679
11422 7285
11422 8364
11422 8365
11422 10988
11422 11385
11422 11388
11422 11389
11422 11413
11422 11415
11422 11416
11422 11418
11422 11421
11422 16395
11422 16397
11422 16697
11422 16779
11422 17438
11422 17439
11422 17441
11422 19232
11423 749
11424 6158
11424 11386
11424 11395
11424 11397
11424 11398
11424 11401
11424 11405
11424 11408
11424 11417
11424 11418
11424 11419
11424 11422
11424 17438
11425 11397
11425 11398
11426 11386
11426 11397
11426 11398
11427 1136
11427 1137
11427 1157
11427 1212
11427 1584
11427 2899
11427 5100
11427 5105
11427 5275
11427 6158
11427 6160
11427 6161
11427 6162
11427 6166
11427 6679
11427 7285
11427 7693
11427 8364
11427 8365
11427 9445
11427 9446
11427 10988
11427 11385
11427 11386
11427 11388
11427 11389
11427 11390
11427 11397
11427 11398
11427 11402
11427 11407
11427 11409
11427 11410
11427 11413
11427 11416
11427 11418
11427 11419
11427 11421
11427 11424
11427 11426
11427 16394
11427 16395
11427 16397
11427 16697
11427 16779
11427 17437
11427 17438
11427 17439
11427 17441
11429 11397
11429 11398
11429 11418
11429 11419
11429 11427
11468 14455
11469 11468
11481 16032
11497 14265
11497 17965
11514 5705
11516 2951
11519 16512
11534 6623
11534 7421
11536 3498
11536 10492
11536 15684
11536 15687
11541 2929
11541 11250
11563 1311
11568 13314
11598 6770
11616 10929
11616 10930
11616 10931
11622 7928
11622 8977
11622 9052
11622 10543
11622 12070
11622 12074
11622 12801
11622 15487
11626 5515
11626 5520
11626 14269
11651 10533
11651 11643
11666 11648
11706 13991
11750 1576
11750 1794
11750 1795
11750 8628
11750 8977
11750 10282
11859 11858
11958 8386
11961 8386
12073 2615
12073 17714
12074 11622
12075 2615
12075 3890
12075 17714
12077 3890
12081 15401
12081 17714
12082 3890
12082 17714
12084 3890
12086 2615
12086 5272
12090 3890
12090 5272
12090 9678
12090 17714
12094 9678
12095 3890
12095 5272
12095 17714
12097 5272
12098 3890
12098 9678
12100 3890
12100 17714
12101 3890
12102 9678
12102 17714
12103 17714
12111 13959
12125 7281
12170 2591
12170 19545
12175 13314
12179 5315
12273 17796
12276 17769
12301 9782
12320 3980
12320 9885
12321 4379
12338 3920
12340 12338
12341 12338
12351 1778
12357 5255
12357 12359
12366 2454
12366 6259
12366 10769
12366 12367
12366 17921
12366 19988
12367 12366
12367 12368
12368 2454
12368 2460
12368 3313
12368 3491
12368 3492
12368 3495
12368 3503
12368 4387
12368 5100
12368 7616
12368 12170
12368 12367
12370 2454
12370 2460
12370 5100
12370 6786
12370 12170
12370 12367
12370 12368
12386 2591
12387 2591
12387 10059
12416 704
12418 9573
12430 14734
12432 14734
12433 14730
12433 14732
12433 14734
12434 8687
12457 1764
12475 15401
12489 2929
12494 13248
12503 14242
12515 6138
12528 9933
12528 13314
12529 12503
12551 2622
12555 7808
12557 16733
12559 12558
12564 17594
12620 2003
12646 7740
12674 8687
12699 2403
12699 3496
12699 3500
12699 3501
12699 3510
12699 3930
12699 4084
12699 6024
12699 6731
12699 10075
12699 11385
12699 11386
12699 11390
12699 11395
12699 11397
12699 11398
12699 11405
12699 11407
12699 11408
12699 11409
12699 11417
12699 11418
12699 11419
12699 11421
12699 11422
12699 11424
12699 11426
12699 11427
12699 11429
12699 12087
12699 13427
12699 16558
12699 17010
12699 17332
12699 17855
12700 12699
12713 10396
12715 12810
12715 16294
12715 17003
12762 8916
12848 2006
12848 13314
12887 5762
12887 19232
12985 12936
12985 12984
13022 9278
13022 9560
13022 9573
13022 13973
13031 9573
13031 10695
13070 640
13070 1739
13070 6170
13070 10772
13070 13061
13073 10784
13075 13061
13080 8910
13222 7281
13225 3734
13248 719
13248 12494
13263 3734
13306 1812
13306 13329
13312 13314
13313 13314
13314 211
13314 535
13314 569
13314 1794
13314 1990
13314 4843
13314 5040
13314 5049
13314 6109
13314 6111
13314 6112
13314 6118
13314 6120
13314 6143
13314 6144
13314 7367
13314 9866
13314 10556
13314 12175
13314 12184
13314 12185
13314 12186
13314 12191
13314 12192
13314 12193
13314 12528
13314 12845
13314 12848
13314 13296
13314 13297
13314 13312
13314 13313
13314 13636
13314 15599
13314 15622
13314 16607
13314 17330
13314 17332
13314 17920
13314 17922
13321 15622
13329 13306
13331 13314
13332 13314
13334 13314
13358 9933
13358 16571
13358 17627
13369 14242
13408 509
13409 509
13416 3920
13416 6259
13416 12341
13416 12345
13416 12348
13420 13416
13429 16512
13432 16512
13440 16571
13440 17627
13509 16506
13564 4178
13564 7554
13564 11058
13567 17826
13572 13123
13572 13570
13572 14236
13573 14236
13576 16506
13584 13123
13591 8628
13621 730
13621 5413
13621 11750
13621 13564
13621 18141
13626 1576
13636 13314
13637 13314
13640 17032
13666 11386
13666 11395
13666 11397
13666 11398
13666 11418
13666 11419
13666 11427
13686 3734
13686 3737
13914 1754
13914 12835
13924 1232
13924 7051
13928 15835
13936 17003
14014 1556
14014 17424
14015 14014
14046 16370
14047 7123
14047 10515
14047 10516
14047 10517
14047 10518
14047 14053
14047 16370
14049 16370
14051 14047
14053 14047
14236 8465
14236 11763
14236 13123
14242 1584
14242 5063
14256 14734
14257 14236
14265 10492
14295 9617
14295 9621
14466 816
14466 7281
14466 9551
14472 10492
14477 16370
14480 16370
14621 12807
14621 16831
14680 13314
14717 2929
14728 4035
14730 10052
14730 11369
14732 10052
14732 11369
14734 673
14734 1771
14734 5100
14734 5236
14734 8847
14734 8848
14734 8849
14734 10052
14734 10527
14734 10531
14734 11367
14734 11369
14734 12228
14734 12345
14734 14254
14734 14256
14734 14730
14734 14732
14734 14733
14734 15802
14734 16708
14734 17755
14776 3734
14784 527
14784 1098
14784 1820
14784 9367
14784 13972
14784 14770
14784 14775
14784 14776
14786 14784
14822 5037
14822 5063
14838 9941
14840 504
14840 512
14840 12845
14840 13433
14840 13530
14840 13534
14840 13539
14962 2622
15075 16370
15075 16758
15077 3005
15077 16370
15079 8599
15079 11250
15079 16512
15110 6300
15110 12365
15125 2929
15125 17282
15132 1764
15132 2003
15132 4608
15132 6259
15132 8916
15132 8921
15132 12348
15132 15913
15132 17676
15176 15177
15200 7053
15221 10492
15368 3734
15370 1549
15370 1556
15370 3734
15373 12985
15373 19330
15401 12081
15401 12475
15478 10490
15487 14014
15488 1553
15488 3734
15491 1232
15514 15516
15516 15514
15524 15162
15568 14443
15616 5261
15620 11058
15622 730
15622 1556
15622 1576
15622 6297
15622 8628
15622 11750
15622 14014
15622 15178
15623 8628
15632 16512
15633 16512
15634 15632
15634 15633
15684 17852
15685 13314
15687 6259
15694 8628
15835 1767
15835 1768
15835 10282
15858 12073
15858 12075
15858 12081
15858 12086
15858 12089
15858 12090
15858 12091
15858 12095
15858 12100
15903 15902
15906 8924
15978 2929
15991 7281
16017 16000
16019 16017
16032 14879
16032 14881
16034 16032
16037 16032
16037 16036
16048 16032
16053 16032
16056 14889
16056 15991
16056 16042
16061 3734
16061 9933
16066 6760
16066 9567
16066 9568
16066 9572
16066 9577
16066 9578
16066 9580
16066 9582
16066 12411
16066 16332
16077 16076
16078 16077
16106 5969
16107 5969
16108 5969
16112 9164
16117 3734
16117 3737
16121 2349
16229 2929
16233 2929
16233 3498
16233 16766
16235 1303
16235 1305
16235 1308
16235 1332
16235 1336
16235 1340
16235 1739
16235 3647
16235 6417
16235 6423
16235 10158
16235 10159
16235 16233
16235 17855
16236 2929
16237 2929
16242 5763
16293 4727
16293 4867
16293 12715
16294 4727
16294 12715
16295 4727
16300 16370
16302 16571
16305 6592
16308 6592
16309 5501
16309 6592
16309 15677
16309 15678
16309 16304
16309 16305
16309 16307
16309 16308
16395 7281
16396 7281
16506 5998
16506 11732
16512 11691
16512 15079
16515 16512
16519 12776
16558 8357
16561 16560
16562 16561
16563 16560
16566 16560
16571 6115
16571 10490
16602 6233
16606 8628
16607 13314
16610 8628
16611 8628
16627 2455
16635 16634
16636 16635
16666 5100
16697 7281
16703 10052
16703 11369
16723 15634
16728 15634
16733 2458
16733 14243
16733 14245
16733 15632
16733 15633
16733 16497
16733 16513
16733 16728
16733 16729
16733 16731
16735 16733
16736 16733
16747 17714
16779 1768
16779 6770
16783 14236
16787 16786
16816 16571
16816 17632
16817 2988
16817 16571
16818 16571
16821 16571
16824 16571
16826 16571
16831 14621
16831 16571
16831 17627
16832 16571
16840 11750
16841 16571
16845 16571
16987 4373
16987 4379
16987 4383
16987 4384
16987 6115
16987 10490
16992 10490
17003 8507
17010 8357
17017 16506
17032 11144
17116 1556
17117 15634
17125 16635
17126 13235
17131 16635
17132 16635
17132 17125
17139 17128
17148 13314
17178 6760
17178 6770
17178 8978
17178 13314
17186 3734
17187 2077
17187 3734
17187 3737
17202 1110
17203 2349
17203 13973
17210 1110
17210 1126
17210 6785
17210 20109
17211 1576
17211 8628
17211 14014
17211 18141
17217 13229
17282 1094
17282 1095
17282 1101
17282 1102
17282 1303
17282 1304
17282 1305
17282 1306
17282 1308
17282 1311
17282 1312
17282 1335
17282 1336
17282 1340
17282 1342
17282 1739
17282 2929
17282 3496
17282 3500
17282 3647
17282 3977
17282 6414
17282 6417
17282 6421
17282 6423
17282 7033
17282 9070
17282 10158
17282 10159
17282 11349
17282 15350
17282 15352
17282 16233
17282 16237
17282 17855
17282 18193
17282 18195
17284 1094
17284 1306
17284 1311
17284 1336
17284 1340
17284 3977
17284 9007
17284 15350
17284 16238
17285 2929
17285 12454
17285 17282
17285 17284
17286 2929
17287 2929
17296 10492
17296 14734
17330 2879
17330 13314
17332 13314
17332 13321
17348 6592
17348 16309
17349 6592
17349 16309
17350 6592
17350 16309
17395 3734
17397 3734
17559 12776
17587 17579
17623 19148
17670 3734
17671 3734
17672 3734
17673 1560
17673 3734
17673 3737
17675 3734
17684 2681
17684 3734
17684 3739
17684 17670
17684 17671
17684 17672
17684 17674
17684 17675
17714 12801
17714 15368
17714 15369
17714 15370
17769 6119
17769 10556
17815 8411
17816 1576
17826 2940
17835 16792
17835 16794
17840 16792
17855 2929
17855 8357
17857 8357
17861 8357
17862 8357
17920 4839
17920 13314
17920 16512
17921 13314
17922 13314
17953 1778
17953 5176
17965 11497
18130 1764
18130 7554
18130 8881
18130 15622
18130 18141
18141 8907
18141 11698
18141 11699
18141 12386
18141 12387
18141 15622
18141 16610
18141 18130
18142 18141
18172 2929
18188 1556
18188 14734
18189 13070
18189 13973
18190 6170
18193 9560
18193 10014
18193 13973
18193 18190
18197 730
18198 9933
18200 13314
18200 13321
18201 13321
18203 8628
18203 18130
18203 18141
18216 11250
18222 14493
18224 3734
18273 2638
18273 6259
18273 10586
18273 15556
18279 3734
18337 20198
18338 19905
18338 20023
18338 20198
18340 19882
18340 19905
18340 20023
18340 20198
18341 19905
18341 20198
18348 19882
18348 20198
18349 19882
18349 19905
18349 20023
18349 20180
18349 20198
18350 19585
18350 19882
18350 19905
18350 20023
18350 20180
18350 20198
18351 19761
18351 19882
18351 19905
18351 20023
18351 20180
18351 20198
18351 20345
18354 20023
18354 20198
18355 19882
18355 20023
18355 20198
18356 20198
18357 20198
18361 20198
18363 19882
18363 20452
18365 20023
18365 20180
18365 20198
18370 20198
18371 19905
18371 20023
18371 20198
18375 20198
18376 19882
18376 19905
18376 20023
18376 20198
18378 20198
18379 20198
18381 20192
18383 12535
18384 20198
18386 19882
18386 19905
18386 20020
18386 20023
18386 20198
18386 20315
18389 19882
18389 19905
18389 20023
18389 20198
18389 20315
18391 20198
18392 19882
18392 19905
18392 20023
18392 20180
18392 20198
18392 20478
18392 20481
18393 19882
18393 19905
18393 20198
18394 19882
18394 19905
18394 20198
18396 20198
18399 19585
18399 19882
18399 19905
18399 20023
18399 20180
18399 20198
18401 19882
18401 20023
18401 20198
18401 20345
18401 20452
18402 20198
18403 18365
18403 18392
18403 19749
18403 19753
18403 19758
18403 19858
18403 19871
18403 19882
18403 19898
18403 20009
18403 20048
18403 20167
18403 20196
18403 20204
18403 20319
18403 20331
18403 20332
18403 20348
18403 20445
18403 20483
18403 20484
18404 5302
18404 18403
18404 19585
18404 19761
18404 19880
18404 19882
18404 19905
18404 20020
18404 20023
18404 20180
18404 20198
18404 20315
18404 20345
18404 20452
18405 20198
18406 20304
18407 20198
18408 20198
18409 20198
18413 20198
18414 19905
18414 20198
18425 8979
18425 9933
18433 7615
18436 6955
18437 6955
18439 15468
18440 3734
18453 3784
18453 8906
18453 8979
18459 6227
18459 12366
18460 14621
18461 16571
18475 2988
18490 20198
18491 19882
18491 20020
18491 20023
18491 20198
18494 19905
18494 20198
18495 19882
18495 19905
18495 20023
18495 20198
18497 19882
18497 19888
18497 19905
18497 20023
18497 20180
18497 20198
18505 19585
18505 19882
18505 20141
18505 20345
18506 19905
18506 20023
18506 20198
18507 19749
18507 19882
18507 20023
18509 20198
18510 20198
18512 18403
18512 19585
18512 19761
18512 19882
18512 19905
18512 20023
18512 20144
18512 20175
18512 20180
18512 20198
18512 20345
18512 20452
18513 19905
18513 20198
18514 19882
18514 20198
18515 19905
18515 20023
18515 20198
18517 19882
18517 20023
18517 20198
18517 20345
18518 19882
18518 20198
18518 20452
18525 20198
18527 19882
18527 19905
18527 20023
18527 20025
18527 20180
18527 20198
18529 20198
18530 19882
18530 20023
18530 20198
18530 20452
18531 19882
18531 20198
18550 1330
18556 20168
18561 19882
18561 19905
18561 20020
18561 20198
18564 19882
18564 20023
18564 20198
18598 12678
18601 3737
18605 17307
18605 18599
18605 18602
18614 11860
18647 2349
18648 2349
18648 10014
18762 10490
18762 10508
18851 13314
18853 512
18853 2454
18853 6259
18853 9980
18853 15622
18853 17623
18856 8436
18859 239
18859 6114
18859 15538
18859 18853
18860 13314
18871 18859
18896 16766
18897 16766
18933 7281
18933 11250
18963 11626
18968 5694
18968 11405
19035 3672
19040 5272
19049 5272
19050 1321
19050 2899
19050 2900
19050 2902
19050 5272
19051 672
19051 673
19051 1318
19051 1319
19051 1320
19051 1321
19051 2900
19051 2901
19051 2902
19051 2903
19051 2904
19051 4159
19051 4384
19051 5266
19051 5268
19051 5272
19051 5273
19051 5274
19051 5972
19051 5973
19051 10929
19051 10930
19051 10931
19051 12086
19051 12090
19051 12097
19051 12098
19051 12101
19051 12102
19051 12353
19057 5272
19074 20118
19112 15182
19148 512
19148 2454
19148 2591
19148 4837
19148 7696
19148 9973
19148 12170
19148 15531
19148 17623
19175 2349
19175 6973
19175 9560
19175 11405
19175 13973
19199 2929
19199 11349
19199 17282
19224 18859
19225 18859
19229 12366
19229 18859
19230 10282
19231 18859
19232 2591
19232 6592
19232 10052
19232 10263
19232 11369
19232 11418
19232 11422
19232 12887
19232 16506
19232 19148
19233 19232
19251 19249
19303 6760
19303 8687
19303 9933
19304 6760
19304 9933
19305 6760
19306 2900
19306 2903
19306 6772
19306 15177
19306 15622
19307 2461
19307 6760
19307 6770
19307 9933
19308 8687
19310 816
19310 8083
19358 242
19438 1307
19438 18307
19513 19511
19540 5216
19540 15176
19540 19545
19545 10282
19545 11536
19545 12170
19545 19540
19551 6532
19551 10263
19599 19585
19609 3109
19612 16032
19641 19642
19659 6138
19738 19585
19746 19585
19748 19585
19749 5302
19749 19585
19755 3503
19755 3515
19757 4839
19758 19585
19761 19736
19761 19749
19764 19585
19769 19585
19815 5516
19818 2396
19848 5006
19848 11594
19849 11594
19853 10695
19858 5302
19866 19585
19867 19585
19880 19599
19880 19749
19880 19858
19880 19879
19882 1233
19882 7891
19882 12266
19882 19582
19882 19584
19882 19585
19882 19592
19882 19596
19882 19598
19882 19599
19882 19631
19882 19632
19882 19735
19882 19736
19882 19737
19882 19738
19882 19743
19882 19746
19882 19747
19882 19748
19882 19749
19882 19751
19882 19753
19882 19758
19882 19759
19882 19764
19882 19765
19882 19766
19882 19768
19882 19770
19882 19771
19882 19772
19882 19774
19882 19858
19882 19859
19882 19866
19882 19867
19882 19868
19882 19871
19882 19876
19882 19879
19884 19882
19887 19882
19888 19749
19888 19867
19893 19882
19895 19882
19896 19882
19898 19882
19899 19585
19899 19882
19900 19758
19903 19585
19903 19882
19905 1233
19905 13724
19905 19582
19905 19596
19905 19599
19905 19735
19905 19736
19905 19738
19905 19743
19905 19746
19905 19749
19905 19751
19905 19752
19905 19758
19905 19762
19905 19765
19905 19766
19905 19768
19905 19770
19905 19772
19905 19774
19905 19858
19905 19859
19905 19867
19905 19871
19905 19875
19905 19879
19905 19882
19905 19887
19905 19893
19905 19896
19905 19898
19905 19899
19905 19903
19905 19910
19905 20005
19907 19905
19911 19585
19911 19882
19911 19905
19912 19882
19912 19905
19923 19882
19923 19905
19924 19880
19924 19882
19924 19905
19935 6760
19935 9573
19938 2900
19938 13022
19938 19848
19938 19935
19940 6760
19941 6760
19941 10695
19942 6760
19942 9573
19942 19938
19944 6760
19944 9573
19944 10695
19944 16066
19982 2929
19987 13576
19987 19148
19988 2455
19988 2879
19988 12366
19988 13314
19998 19882
19998 19905
20000 19585
20000 19882
20006 19882
20007 19905
20009 19882
20009 19905
20011 19882
20011 19905
20014 19905
20015 19882
20016 19585
20016 19882
20016 19905
20016 20023
20020 1233
20020 19599
20020 19749
20020 19766
20020 19770
20020 19771
20020 19858
20020 19859
20020 19998
20020 20011
20022 19758
20023 1233
20023 19582
20023 19584
20023 19591
20023 19596
20023 19599
20023 19632
20023 19638
20023 19735
20023 19736
20023 19737
20023 19738
20023 19743
20023 19746
20023 19749
20023 19751
20023 19752
20023 19753
20023 19758
20023 19764
20023 19765
20023 19766
20023 19768
20023 19769
20023 19770
20023 19772
20023 19773
20023 19774
20023 19858
20023 19859
20023 19860
20023 19866
20023 19867
20023 19875
20023 19879
20023 19882
20023 19893
20023 19895
20023 19896
20023 19898
20023 19899
20023 19903
20023 19905
20023 19910
20023 19911
20023 19912
20023 19924
20023 19998
20023 20000
20023 20005
20023 20007
20023 20009
20023 20011
20023 20064
20025 19858
20025 19882
20025 20023
20026 19585
20026 19761
20026 19882
20026 19905
20026 20023
20027 19882
20029 19585
20029 19882
20029 19905
20029 20023
20033 19585
20033 19882
20033 19905
20033 20023
20036 19882
20037 20023
20039 20023
20040 19905
20040 20023
20043 19905
20043 20023
20048 19882
20048 19888
20048 19905
20048 20023
20050 19882
20051 19905
20057 20023
20071 2929
20072 1302
20072 1305
20072 1317
20072 1336
20072 1340
20072 1342
20072 1739
20072 6423
20072 10158
20072 10159
20072 15352
20072 16233
20072 17855
20096 11397
20096 11398
20096 11408
20096 11418
20097 11405
20102 11397
20102 11398
20102 11418
20102 11419
20102 11427
20109 2004
20109 7122
20109 10982
20109 17210
20114 20092
20116 5100
20116 19232
20118 10263
20118 17599
20141 19631
20141 19866
20144 20000
20146 19882
20146 19905
20146 20020
20149 19585
20149 19882
20149 19905
20149 20023
20150 19585
20150 19882
20150 20023
20154 19882
20154 20023
20156 19585
20156 19882
20156 19905
20156 20023
20156 20144
20158 19585
20158 19761
20158 19880
20158 19882
20158 19905
20158 20023
20158 20144
20160 19761
20160 19882
20160 20023
20162 19882
20162 19905
20162 20023
20163 19585
20163 19882
20163 19905
20163 20023
20164 20023
20165 20023
20167 19585
20167 19761
20167 19882
20167 19905
20167 20020
20167 20023
20168 19894
20170 19880
20170 19882
20170 19888
20170 19905
20170 20023
20172 19585
20172 19882
20172 20023
20172 20141
20173 19905
20174 19882
20174 19905
20174 20020
20174 20023
20175 19749
20175 19758
20175 20029
20175 20170
20180 1233
20180 19586
20180 19596
20180 19599
20180 19735
20180 19736
20180 19738
20180 19749
20180 19753
20180 19758
20180 19766
20180 19858
20180 19859
20180 19867
20180 19882
20180 19898
20180 19899
20180 19907
20180 19911
20180 19924
20180 19998
20180 20005
20180 20009
20180 20011
20180 20016
20180 20026
20180 20039
20180 20040
20180 20043
20180 20048
20180 20156
20180 20158
20180 20167
20181 20158
20184 20180
20187 19882
20187 19905
20187 20023
20188 20023
20192 19882
20192 19905
20192 20023
20193 19882
20193 19905
20193 20020
20193 20023
20193 20180
20194 19585
20194 19882
20194 19905
20194 20023
20194 20180
20195 19882
20196 19882
20196 19905
20196 20023
20196 20180
20197 20168
20198 1233
20198 7889
20198 19581
20198 19582
20198 19584
20198 19585
20198 19586
20198 19587
20198 19591
20198 19596
20198 19598
20198 19599
20198 19638
20198 19735
20198 19736
20198 19737
20198 19738
20198 19741
20198 19742
20198 19743
20198 19746
20198 19748
20198 19749
20198 19750
20198 19751
20198 19752
20198 19753
20198 19756
20198 19758
20198 19759
20198 19762
20198 19764
20198 19765
20198 19766
20198 19768
20198 19769
20198 19770
20198 19771
20198 19772
20198 19773
20198 19774
20198 19777
20198 19858
20198 19859
20198 19860
20198 19867
20198 19868
20198 19871
20198 19875
20198 19876
20198 19877
20198 19878
20198 19879
20198 19881
20198 19882
20198 19884
20198 19887
20198 19891
20198 19892
20198 19893
20198 19895
20198 19896
20198 19897
20198 19898
20198 19899
20198 19903
20198 19904
20198 19906
20198 19907
20198 19908
20198 19909
20198 19910
20198 19911
20198 19912
20198 19914
20198 19923
20198 19924
20198 19998
20198 20000
20198 20001
20198 20005
20198 20006
20198 20007
20198 20008
20198 20009
20198 20011
20198 20014
20198 20015
20198 20016
20198 20019
20198 20023
20198 20025
20198 20026
20198 20029
20198 20030
20198 20031
20198 20033
20198 20036
20198 20037
20198 20038
20198 20039
20198 20040
20198 20041
20198 20043
20198 20048
20198 20050
20198 20051
20198 20057
20198 20064
20198 20141
20198 20143
20198 20145
20198 20146
20198 20147
20198 20149
20198 20150
20198 20152
20198 20153
20198 20154
20198 20155
20198 20156
20198 20158
20198 20160
20198 20162
20198 20163
20198 20164
20198 20165
20198 20167
20198 20170
20198 20173
20198 20174
20198 20178
20198 20182
20198 20184
20198 20185
20198 20187
20198 20188
20198 20189
20198 20192
20198 20193
20198 20194
20198 20195
20198 20196
20201 19585
20201 19882
20201 19905
20201 20023
20201 20180
20201 20198
20202 19882
20202 20023
20202 20198
20204 19585
20204 19882
20204 19905
20204 20023
20204 20180
20204 20198
20206 19882
20206 19905
20206 20023
20206 20180
20206 20198
20224 4821
20224 17478
20266 13314
20273 20272
20287 20023
20287 20198
20289 20023
20289 20198
20292 19882
20292 20023
20292 20198
20295 19905
20295 20198
20297 19905
20297 20198
20299 20198
20300 19766
20304 19585
20304 19882
20304 20023
20304 20144
20304 20198
20306 19585
20306 19882
20306 20023
20306 20141
20306 20144
20306 20198
20307 19882
20307 19905
20307 20020
20307 20198
20308 20198
20309 20198
20310 19882
20310 20198
20311 20198
20312 20198
20313 20198
20314 19905
20314 20198
20315 1233
20315 19596
20315 19743
20315 19749
20315 19766
20315 19770
20315 19771
20315 19858
20315 19859
20315 19867
20315 19923
20315 20167
20315 20193
20316 19585
20316 19761
20316 19882
20316 19905
20316 20023
20316 20198
20317 19585
20317 19882
20317 19905
20317 20023
20317 20180
20317 20198
20318 19882
20318 20198
20319 19880
20319 19882
20319 19905
20319 20020
20319 20023
20319 20180
20319 20198
20320 19585
20320 19882
20320 19905
20320 20020
20320 20023
20320 20180
20320 20198
20320 20315
20321 19882
20321 20198
20323 19880
20323 19882
20323 19905
20323 20023
20323 20180
20323 20198
20323 20315
20324 19882
20324 19905
20324 20023
20324 20180
20324 20198
20326 19880
20326 19882
20326 19888
20326 19905
20326 20020
20326 20023
20326 20175
20326 20180
20326 20198
20326 20315
20327 20198
20328 19905
20328 20023
20328 20198
20329 19905
20329 20198
20331 20023
20331 20180
20331 20198
20332 20180
20332 20198
20333 20198
20335 19882
20335 19905
20335 20023
20335 20198
20340 20180
20340 20198
20342 19882
20342 19905
20342 20023
20342 20198
20345 19598
20345 19599
20345 19631
20345 19632
20345 19736
20345 19748
20345 19749
20345 19758
20345 19759
20345 19764
20345 19766
20345 19859
20345 19866
20345 19882
20345 19903
20345 19911
20345 20000
20345 20023
20345 20025
20345 20026
20345 20050
20345 20156
20345 20158
20345 20160
20345 20163
20345 20167
20345 20172
20345 20194
20345 20198
20345 20201
20345 20204
20345 20304
20345 20306
20345 20316
20345 20317
20345 20319
20345 20326
20348 20023
20348 20198
20349 20198
20351 20198
20352 19585
20352 19882
20352 19905
20352 20023
20352 20198
20355 20198
20388 2454
20401 10107
20418 8496
20423 8496
20423 10075
20423 10092
20423 10094
20428 20198
20431 20198
20432 19882
20432 19905
20432 20023
20432 20198
20433 20198
20435 20198
20439 19882
20439 19905
20439 20023
20439 20180
20439 20198
20440 20198
20441 19898
20441 19998
20442 19882
20442 20023
20442 20180
20442 20198
20443 19882
20443 19905
20443 20023
20443 20180
20443 20198
20445 19882
20445 19905
20445 20020
20445 20023
20445 20180
20445 20198
20445 20315
20445 20345
20446 19882
20446 19905
20446 20023
20446 20198
20447 19882
20447 19905
20447 20023
20447 20180
20447 20198
20447 20315
20449 19905
20449 20023
20449 20198
20450 19882
20450 19888
20450 19905
20450 20023
20450 20198
20450 20315
20451 19882
20451 20144
20451 20198
20451 20345
20452 19598
20452 19631
20452 19736
20452 19737
20452 19738
20452 19748
20452 19749
20452 19759
20452 19858
20452 19866
20452 19899
20452 19924
20452 20000
20452 20023
20452 20026
20452 20156
20452 20158
20452 20160
20452 20163
20452 20170
20452 20196
20452 20198
20452 20201
20452 20204
20452 20304
20452 20306
20452 20319
20452 20451
20453 19585
20453 19882
20453 19888
20453 19905
20453 20023
20453 20180
20453 20198
20453 20315
20454 20198
20455 20198
20456 20198
20460 20198
20461 20023
20461 20180
20461 20198
20471 20447
20472 19761
20472 19882
20472 20198
20472 20345
20472 20452
20473 19585
20473 19882
20473 20144
20473 20198
20473 20345
20473 20452
20474 19882
20474 19905
20474 20023
20474 20198
20475 20198
20476 19585
20476 19882
20476 20144
20476 20198
20476 20345
20477 20198
20478 19766
20478 19774
20478 19858
20478 19898
20478 20009
20479 20198
20480 20345
20481 19599
20481 19749
20481 19766
20481 19871
20481 19882
20481 20033
20481 20192
20481 20445
20481 20453
20483 19585
20483 19882
20483 19888
20483 19905
20483 20020
20483 20023
20483 20025
20483 20175
20483 20180
20483 20198
20483 20315
20483 20345
20483 20452
20484 19882
20484 19905
20484 20023
20484 20180
20484 20198
20485 19882
20485 20198
20485 20345
20485 20452
20486 19585
20486 19761
20486 19882
20486 20023
20486 20141
20486 20144
20486 20181
20486 20198
20486 20345
20486 20452
20487 19905
20487 20198
20488 7889
20489 19882
20489 20023
20489 20198
20490 19882
20490 20023
20491 20452
20493 19882
20493 20198
20496 19882
20496 19905
20496 20023
20496 20198
20496 20481
20500 19905
20500 20023
20500 20198
