3 10527
32 7858
45 16837
54 11958
54 11961
57 11958
57 11959
57 11961
58 11958
58 11961
58 18204
59 1989
59 11076
71 16829
71 16837
88 10207
110 1024
111 71
111 15459
123 17148
175 45
175 4967
175 4968
175 7029
175 9673
175 14692
211 13312
239 8647
239 15165
239 15680
241 8373
241 8647
241 11038
241 15680
507 503
510 797
569 5062
569 6118
569 6120
599 590
679 9578
686 9618
736 2922
736 5127
736 6278
796 9495
796 12186
796 12187
797 510
797 12186
797 12187
797 13312
797 14018
799 796
799 798
816 7080
816 9447
918 12786
919 12104
1045 15354
1092 639
1092 640
1092 2010
1092 6170
1092 8570
1092 8897
1092 18189
1092 18191
1092 18192
1092 18195
1093 1092
1096 1092
1102 1092
1102 8609
1113 1092
1138 9749
1202 2880
1223 3945
1232 6679
1232 8388
1232 12300
1237 2003
1243 4114
1244 4071
1248 14717
1280 6170
1289 3976
1289 6420
1289 6424
1289 14717
1309 639
1309 3510
1309 6170
1309 6423
1309 6429
1309 6430
1309 6432
1309 8897
1309 9007
1309 13070
1309 13076
1309 18172
1310 3508
1310 6430
1311 3508
1311 6424
1312 565
1312 639
1312 1289
1312 1303
1312 1304
1312 1305
1312 1308
1312 1311
1312 1739
1312 3498
1312 3500
1312 3503
1312 3504
1312 3508
1312 3510
1312 3974
1312 3976
1312 5048
1312 5237
1312 6170
1312 6417
1312 6423
1312 6424
1312 6429
1312 6430
1312 8897
1312 9007
1312 10159
1312 10170
1312 10171
1312 11349
1312 13076
1312 15470
1312 17855
1312 17856
1317 8522
1317 14717
1332 1092
1332 1309
1332 1312
1332 3976
1332 6420
1332 6424
1332 14717
1337 1092
1337 1309
1337 1312
1337 3503
1337 3976
1337 6424
1337 14717
1339 1312
1340 1312
1342 1092
1391 13022
1420 12186
1420 12187
1422 1778
1422 1880
1422 2351
1422 2987
1422 3910
1422 4608
1422 4609
1422 4843
1422 5021
1422 5081
1422 8413
1422 8414
1422 8502
1422 9373
1422 9866
1422 10763
1422 11605
1422 12152
1422 12185
1422 12365
1422 13322
1422 13568
1422 14717
1422 15277
1422 16718
1422 16837
1422 17001
1422 17012
1422 17805
1741 10473
1752 10637
1771 2454
1844 1818
1844 4994
1844 4996
1880 6121
1962 3733
1989 1844
1989 2917
1989 2922
1989 3909
1989 4994
1989 5127
1989 5973
1989 6278
1989 6282
1989 6318
1989 6461
1989 11750
1989 13328
1989 13968
1989 15487
1989 15618
1989 16606
1989 16721
1989 16837
2002 12860
2002 17208
2003 1237
2003 2454
2003 3288
2003 6160
2003 9070
2003 15177
2003 15491
2006 12860
2009 4004
2009 4022
2025 924
2215 6121
2226 10757
2226 11713
2226 15212
2228 2226
2228 2227
2228 14268
2228 16951
2228 16952
2241 9866
2241 16837
2248 9866
2249 9495
2249 9866
2305 12104
2333 17048
2334 17805
2351 2003
2384 10998
2386 12104
2426 3508
2426 11724
2446 7858
2446 18251
2454 1771
2454 2003
2454 2460
2454 2598
2454 2940
2454 3733
2454 3907
2454 3910
2454 4074
2454 4996
2454 5126
2454 6114
2454 7369
2454 8365
2454 9037
2454 9040
2454 9044
2454 9705
2454 9866
2454 9995
2454 9999
2454 12186
2454 12206
2454 12843
2454 13312
2454 14730
2454 15165
2454 15680
2454 15686
2454 17040
2454 17148
2454 19175
2454 20388
2460 2454
2460 9866
2460 11038
2460 13312
2464 5074
2469 13312
2471 5390
2471 14466
2471 17208
2472 5371
2472 5390
2472 17208
2485 16852
2487 2598
2487 18473
2500 5040
2500 5317
2500 6109
2526 13312
2527 12869
2535 2241
2535 5263
2535 9866
2545 4608
2545 8502
2545 11144
2545 13563
2545 14963
2545 16843
2586 2584
2598 736
2598 2454
2598 2877
2598 2878
2598 3909
2598 5303
2598 5304
2598 6164
2598 7918
2598 9045
2598 11076
2598 12087
2598 12869
2598 13322
2598 13625
2598 13636
2598 14759
2598 15177
2598 15531
2598 15622
2598 16714
2598 16843
2598 17805
2598 18459
2609 797
2609 3907
2656 3288
2877 1422
2877 2878
2877 11750
2877 13626
2877 16839
2878 2877
2878 11750
2940 3733
2940 9045
2940 15165
2971 2970
3034 9045
3096 8216
3270 7518
3270 12263
3287 2003
3287 5336
3288 2003
3288 2656
3289 3287
3433 5000
3433 5974
3433 11887
3433 12086
3433 12786
3433 12867
3433 14440
3469 6680
3470 6679
3470 12300
3470 17796
3478 12300
3503 3976
3503 6110
3503 6417
3503 6424
3503 6545
3503 9007
3503 17854
3503 17860
3503 17873
3508 3501
3508 3503
3508 3737
3508 3976
3508 6412
3508 6424
3508 6545
3508 8357
3508 12400
3508 15352
3509 3503
3509 6424
3510 3503
3510 3508
3510 3509
3510 3976
3510 6424
3510 17857
3540 7920
3540 9845
3543 7920
3630 3623
3632 3630
3646 2009
3646 11038
3646 15680
3671 10278
3679 1092
3706 3674
3706 16112
3711 576
3711 921
3711 2520
3711 4004
3711 5973
3711 12071
3711 12073
3711 12076
3711 12080
3711 12089
3711 12091
3711 12093
3711 12094
3711 12095
3711 12101
3711 12102
3711 12104
3711 12802
3711 13636
3711 16747
3712 3711
3712 12104
3716 10774
3783 8977
3891 4843
3902 5974
3907 1667
3907 3892
3907 12184
3907 12186
3907 12187
3909 3907
3909 5973
3909 12186
3909 12187
3910 3907
3910 11177
3912 1667
3930 3917
3945 3890
3945 3892
3945 3902
3945 3907
3945 3910
3945 3912
3945 9496
3945 10678
3976 565
3976 639
3976 6170
4014 16837
4017 6142
4022 10865
4022 11599
4022 16843
4027 2966
4027 2971
4032 4027
4033 4027
4033 4032
4034 4032
4035 4034
4036 4027
4036 4032
4044 4027
4056 505
4061 11977
4061 16605
4067 1422
4114 8412
4114 11177
4114 11518
4114 15177
4158 3935
4178 5188
4178 6634
4263 9328
4377 10637
4377 16837
4384 9385
4384 19046
4445 2009
4523 5974
4547 5974
4547 12076
4579 12094
4597 9344
4608 735
4608 4996
4608 12351
4609 4996
4657 12074
4689 110
4689 3755
4689 3780
4689 3791
4689 4862
4689 5553
4689 8886
4689 8977
4689 9027
4689 11870
4689 12288
4689 16737
4689 17148
4689 18204
4690 17148
4693 3791
4695 3791
4729 2471
4729 2472
4729 9551
4729 13022
4741 5317
4741 5318
4741 12187
4741 13293
4741 13297
4824 13312
4837 59
4837 101
4837 211
4837 212
4837 729
4837 730
4837 1771
4837 2598
4837 2878
4837 2965
4837 3726
4837 3945
4837 4841
4837 4996
4837 6177
4837 6259
4837 6317
4837 6461
4837 7367
4837 7907
4837 7940
4837 8978
4837 9037
4837 9040
4837 9044
4837 9866
4837 9995
4837 9999
4837 10567
4837 11038
4837 11177
4837 11403
4837 12087
4837 12186
4837 12187
4837 12529
4837 13298
4837 13306
4837 13307
4837 13312
4837 13313
4837 13567
4837 13621
4837 13632
4837 13636
4837 14609
4837 15680
4837 15690
4837 16514
4837 16718
4837 17767
4837 17920
4837 17953
4837 18111
4837 18197
4837 18198
4837 18854
4837 19148
4838 4837
4841 2598
4841 4837
4841 4842
4841 6114
4841 6318
4841 6461
4841 7367
4841 7907
4841 8977
4841 9037
4841 9042
4841 9045
4841 9999
4841 12186
4841 12187
4841 13312
4841 13313
4841 13321
4841 13322
4841 13567
4841 13626
4841 13881
4841 14509
4841 14680
4841 15179
4841 15690
4841 17331
4841 17334
4841 18111
4842 4841
4842 13312
4843 95
4843 1422
4843 4837
4843 4841
4843 8412
4843 12186
4843 12187
4843 12365
4843 13324
4843 13636
4843 15177
4843 15622
4843 15680
4843 15690
4843 17805
4951 4949
4952 4949
4952 4951
4968 4949
4968 4951
4968 4952
4968 4967
4993 3912
4994 3889
4994 3895
4994 3901
4994 3902
4994 3903
4994 3907
4994 3909
4994 3910
4994 3912
4994 3945
4994 4993
4994 5974
4994 13968
4995 3902
4995 3907
4996 3890
4996 3895
4996 3902
4996 3905
4996 3907
4996 3909
4996 3912
4996 5973
4996 12185
4996 12187
4996 12206
4996 12207
4996 12208
4996 12802
4999 3891
4999 3902
5001 3910
5001 3912
5001 4993
5026 10637
5028 5027
5029 5028
5031 5028
5040 2500
5040 19316
5081 10533
5102 14019
5102 14466
5120 3944
5120 3945
5120 4994
5120 4995
5120 4996
5120 4997
5120 4999
5120 5974
5125 3912
5125 4994
5125 5973
5125 6181
5125 12074
5125 15487
5126 3912
5126 4994
5126 5125
5126 6181
5126 12074
5127 3891
5127 4996
5127 6119
5132 3907
5188 4178
5188 11177
5263 2877
5263 6119
5265 19053
5300 5298
5301 5300
5303 6142
5303 6143
5303 6147
5304 6147
5305 6147
5306 5040
5306 6119
5306 6133
5307 5306
5307 6133
5307 6143
5307 17769
5308 5307
5310 5306
5310 5307
5310 6142
5310 6143
5311 5310
5311 6133
5314 5306
5314 5307
5315 3910
5315 5040
5315 5303
5315 5306
5315 5307
5315 5310
5315 6133
5315 6142
5315 6143
5315 9776
5315 17769
5317 2500
5317 4741
5317 5306
5317 5307
5317 5308
5317 5311
5317 5313
5317 5314
5317 5315
5317 6133
5317 6137
5317 6142
5317 6143
5317 7367
5317 8462
5317 11615
5317 13003
5317 19316
5318 4741
5318 5303
5318 5306
5318 5307
5318 5315
5318 6137
5318 6142
5318 6143
5318 11615
5319 6119
5321 5307
5321 5315
5321 5317
5321 5318
5321 6147
5322 5303
5322 5304
5322 5305
5322 5321
5324 6143
5336 2003
5339 16837
5370 743
5371 9551
5371 13022
5371 16396
5390 9551
5390 13022
5390 16396
5403 13022
5410 5321
5411 5303
5411 5304
5411 5305
5411 5321
5412 5303
5412 5304
5412 5305
5412 5321
5412 11177
5492 8414
5492 11982
5498 11177
5501 2965
5501 5017
5501 6592
5501 15675
5501 15676
5508 10491
5553 16714
5590 5974
5612 5974
5661 5974
5670 5974
5694 2631
5694 17796
5727 15985
5744 5727
5761 2899
5761 9040
5761 9044
5761 9705
5761 9973
5761 9982
5761 9995
5762 512
5762 5501
5762 6114
5762 9044
5762 9051
5762 9995
5762 12186
5762 12187
5790 8904
5790 16837
5918 6137
5918 6142
5918 9045
5939 7931
5950 700
5950 8684
5950 9031
5954 5951
5973 12786
6109 2500
6109 19316
6115 16843
6116 10637
6119 5263
6138 10637
6139 6119
6139 6121
6142 5050
6143 5028
6143 5303
6143 6142
6147 6122
6150 6139
6177 3910
6177 4994
6177 5125
6177 5126
6177 5127
6177 6181
6177 12185
6177 12186
6181 3945
6181 4994
6181 5125
6181 5126
6181 5973
6181 6177
6181 15487
6182 4995
6184 3902
6228 8904
6232 590
6232 599
6232 11706
6258 5303
6258 6112
6258 12185
6258 12187
6262 2938
6290 1794
6290 2922
6290 2924
6290 6119
6290 8188
6318 6142
6318 13312
6318 16607
6417 3976
6420 6417
6423 3976
6424 565
6424 639
6424 640
6424 6170
6424 6417
6424 6423
6424 13076
6426 3976
6426 6424
6429 3976
6429 6424
6430 6424
6432 3976
6432 6424
6461 1989
6461 4837
6461 4841
6461 11170
6461 15616
6545 6424
6549 6547
6552 6182
6556 3968
6556 5050
6566 569
6566 6558
6591 16837
6592 15675
6623 816
6679 6460
6679 7231
6679 8365
6679 8456
6679 9427
6679 9995
6679 12294
6679 12303
6679 13924
6679 15363
6680 3917
6680 6679
6680 8388
6680 12295
6680 12298
6680 12300
6680 12301
6680 15212
6755 2003
6771 15177
6776 5744
6777 5744
6777 8489
6803 2351
6923 6232
6923 6911
6963 5958
6963 8348
6963 10017
6964 6955
6964 12646
7001 1092
7001 2007
7001 2351
7001 6420
7001 6803
7001 8446
7001 10598
7001 17165
7001 17208
7003 7001
7003 12593
7003 17244
7015 11177
7248 7244
7258 7248
7259 7248
7306 6246
7336 16837
7339 1844
7359 2940
7367 6137
7367 6142
7367 12869
7376 10590
7376 13022
7376 17739
7416 10637
7448 5188
7448 11177
7448 14075
7467 4837
7467 8501
7467 17953
7470 5182
7518 7517
7518 14051
7518 14262
7537 9683
7543 7541
7546 8502
7561 5973
7561 5974
7561 12073
7561 12074
7561 12080
7561 12090
7561 12093
7561 12094
7561 12095
7561 12098
7561 12100
7561 12102
7561 12103
7561 12104
7561 16747
7561 16748
7562 10597
7562 11768
7562 12843
7562 12844
7562 17953
7606 16714
7614 5371
7678 1422
7817 12078
7817 15567
7822 7815
7822 7820
7858 32
7893 7448
7907 796
7907 5303
7907 6258
7907 13312
7907 13313
7918 1795
7918 8188
7920 6679
7920 12295
7920 12298
7920 12300
7920 12301
7920 17796
7928 5744
7934 9385
7956 2241
7977 2226
7978 3474
7978 3539
7978 3541
7978 3930
7978 3938
7978 6679
7978 6680
7978 6681
7978 6683
7978 7231
7978 7371
7978 7372
7978 7375
7978 7920
7978 9051
7978 9427
7978 9634
7978 9845
7978 12299
7978 12300
7978 12303
7978 14287
7978 17166
7978 17860
7978 17862
7997 4062
7997 12087
7998 2351
7999 7997
8078 195
8078 704
8078 2002
8078 2003
8078 2009
8078 15492
8087 7248
8087 11322
8087 11332
8087 11333
8087 11335
8087 11339
8123 11937
8259 8254
8365 11038
8365 15680
8373 9427
8388 8365
8412 3907
8412 4843
8413 10637
8413 11177
8413 16338
8414 8413
8414 16338
8443 3891
8462 5317
8462 6119
8465 11763
8502 5021
8514 6121
8516 14466
8541 13099
8560 4884
8621 7467
8621 15492
8691 4061
8705 7448
8707 17642
8878 9999
8878 13312
8886 11038
8897 3976
8897 6424
8904 5553
8904 6228
8904 8905
8904 8977
8904 9999
8904 16714
8904 16837
8904 17001
8905 2077
8905 2078
8905 8904
8905 8977
8905 9995
8905 15368
8905 16061
8905 17001
8905 17670
8906 8904
8916 15686
8977 3783
8977 4689
8977 8878
8977 8904
8977 8905
8977 10797
8977 11076
8977 11122
8977 16607
8977 18453
9007 3976
9007 6424
9007 10527
9011 10637
9027 2598
9027 13393
9027 15871
9028 9027
9036 2257
9037 3127
9038 16837
9040 736
9040 16837
9041 13312
9042 9027
9042 16843
9044 15675
9045 2940
9045 3034
9045 5263
9045 5303
9045 5306
9045 5307
9045 5308
9045 5310
9045 5315
9045 5317
9045 5318
9045 5918
9045 6112
9045 6142
9045 8843
9045 8878
9045 9671
9045 9991
9045 9995
9045 9999
9045 10007
9045 11750
9045 12170
9045 12354
9045 13013
9045 13594
9045 15177
9045 15277
9045 16852
9045 17926
9045 17927
9045 17953
9045 19316
9052 9045
9057 5744
9070 2003
9095 10141
9109 7997
9109 12087
9114 4062
9114 7997
9116 7997
9124 7997
9132 4062
9132 7997
9132 7999
9132 8007
9132 9109
9132 9114
9132 9124
9132 9129
9132 12087
9137 9132
9138 9132
9139 1854
9139 4033
9139 4062
9139 7997
9139 7999
9139 8006
9139 8007
9139 9109
9139 9114
9139 9116
9139 9124
9139 9128
9139 9132
9139 9133
9139 9135
9139 9138
9142 4062
9142 7997
9142 8004
9142 8008
9142 8494
9142 9110
9142 9114
9142 9128
9142 9130
9142 9132
9142 9137
9142 9139
9142 9143
9142 9150
9142 15463
9142 15544
9143 7997
9143 8007
9143 9109
9143 9114
9144 7999
9144 9142
9145 9132
9145 9139
9146 9142
9148 4062
9148 9142
9149 1860
9149 4062
9149 7997
9149 7998
9149 8004
9149 8008
9149 9110
9149 9112
9149 9114
9149 9128
9149 9130
9149 9132
9149 9139
9149 9142
9149 9143
9149 9144
9149 9146
9149 9148
9149 9150
9149 15544
9151 7997
9151 9109
9151 9114
9151 9132
9151 9139
9151 9142
9151 9148
9151 9149
9153 7997
9153 9132
9154 7999
9154 9114
9154 9142
9154 9149
9154 13464
9155 7997
9155 9132
9155 9139
9157 7997
9157 9142
9158 9149
9159 7997
9159 9114
9159 9132
9159 9139
9161 9149
9162 7997
9162 9132
9162 9139
9162 9143
9162 9154
9163 9132
9163 9139
9163 9143
9179 9139
9180 7997
9180 9110
9180 9132
9180 9139
9180 9154
9182 9132
9182 9139
9183 9142
9183 9149
9185 7997
9185 9132
9185 9139
9255 6963
9261 16000
9263 5958
9273 15675
9284 12068
9284 12071
9284 12078
9296 17857
9304 1309
9306 3510
9306 9301
9306 9304
9310 239
9310 4056
9310 9007
9310 9301
9310 9304
9310 12553
9310 12782
9344 4597
9385 4384
9385 19046
9413 9411
9495 4949
9495 4951
9495 4952
9495 4968
9496 10637
9542 7248
9608 17642
9670 9495
9671 14166
9705 2454
9705 8446
9712 5062
9785 12869
9820 12104
9823 12074
9823 12104
9824 12090
9824 12104
9832 12104
9845 13105
9866 1778
9866 2248
9866 2249
9866 2454
9866 16837
9886 9884
9934 16837
9934 17642
9936 16837
9936 17642
9937 16843
9938 16837
9938 16843
9938 17642
9941 16819
9942 16837
9942 16843
9943 13927
9943 16837
9955 5317
9972 644
9973 5761
9973 12180
9973 15531
9981 12172
9981 15675
9995 644
9995 5761
9995 8373
9995 12187
9995 13312
9998 15647
9999 668
9999 816
9999 3909
9999 4027
9999 4114
9999 7467
9999 8373
9999 8878
9999 8879
9999 10276
9999 13312
9999 13313
9999 15177
9999 16722
10006 644
10006 668
10006 15675
10007 13312
10017 2641
10017 8188
10017 8353
10017 8870
10017 9999
10017 16512
10017 16513
10017 16515
10075 10073
10076 10073
10089 10073
10089 10082
10090 10073
10090 10075
10090 10076
10090 10078
10090 10079
10090 10082
10090 10089
10092 10089
10092 10090
10095 10090
10095 10092
10097 10073
10097 10090
10101 10073
10101 10090
10101 10092
10105 10090
10106 10073
10106 10089
10106 10090
10106 10092
10124 16837
10124 16839
10124 16843
10143 9878
10143 17807
10151 8510
10159 6424
10164 7248
10166 7248
10169 7248
10175 10176
10177 10176
10241 7538
10250 1856
10250 4027
10250 4034
10250 7997
10250 9109
10250 9142
10250 9149
10252 9142
10252 9149
10253 7997
10253 9132
10253 9139
10256 9149
10257 7997
10257 9132
10257 9139
10257 9143
10257 9144
10257 9154
10257 10269
10258 9149
10259 7997
10259 9132
10259 9139
10259 9143
10259 9154
10259 10269
10262 4027
10262 4032
10262 4034
10262 7997
10262 9109
10262 9114
10262 9132
10262 9139
10262 9142
10262 9149
10263 7997
10263 9114
10263 9132
10263 9139
10263 9142
10263 9143
10263 9149
10263 10269
10263 11426
10265 7997
10265 9114
10265 9132
10265 9139
10265 9143
10265 9149
10265 9151
10265 10250
10265 10262
10265 10269
10267 9149
10269 4027
10269 4034
10269 4036
10269 7997
10269 9109
10269 9114
10269 9142
10269 9149
10269 9163
10269 9180
10270 7997
10271 9149
10272 4027
10272 4032
10272 4033
10272 4034
10272 4036
10272 4062
10272 7997
10272 9109
10272 9114
10272 9124
10272 9132
10272 9139
10272 9142
10272 9143
10272 9149
10272 9151
10272 9180
10272 10257
10272 10262
10272 10265
10273 9132
10275 9149
10276 9999
10278 2904
10278 10001
10286 4033
10286 4036
10286 9149
10287 7997
10287 9132
10287 9139
10288 4036
10288 7999
10288 9142
10288 9149
10288 10263
10289 4034
10289 9142
10289 9149
10293 9149
10313 6679
10313 12300
10350 9201
10363 3909
10396 2280
10396 7467
10396 9876
10405 5322
10405 5324
10406 5305
10406 7076
10406 10405
10408 5310
10408 5315
10408 5324
10408 17671
10412 1289
10412 1317
10412 1332
10412 1337
10412 6417
10412 6425
10412 6429
10473 10472
10548 10865
10637 4968
10637 9495
10638 9495
10699 10637
10702 10637
10712 15531
10715 3909
10985 569
11011 11009
11013 10637
11038 2003
11038 2940
11038 5317
11038 5318
11038 6119
11038 6258
11038 7367
11038 8365
11038 10007
11038 11615
11038 12186
11038 12187
11038 12206
11038 12207
11038 12208
11038 13306
11038 13307
11038 13567
11038 15680
11038 16497
11038 16514
11038 17330
11038 17953
11076 59
11076 1989
11076 5039
11076 5306
11076 5308
11076 16714
11076 16721
11130 11177
11144 4996
11160 9495
11160 10637
11170 6461
11177 4114
11177 6262
11177 7015
11177 9846
11177 11038
11190 9495
11217 10090
11222 10089
11222 10090
11225 5517
11238 10017
11286 7248
11288 7248
11289 7248
11290 7248
11291 7248
11300 7248
11312 7244
11312 7247
11312 7248
11312 7258
11312 7260
11312 7262
11312 10164
11312 10166
11312 10169
11312 11284
11312 11285
11312 11291
11312 11305
11314 7248
11314 11306
11314 11312
11317 11312
11319 7248
11319 11312
11322 4020
11322 4022
11322 7242
11322 7244
11322 7248
11322 7249
11322 7251
11322 7253
11322 7254
11322 7256
11322 7258
11322 7259
11322 7260
11322 7262
11322 9542
11322 9598
11322 9599
11322 10164
11322 10166
11322 10167
11322 10169
11322 11284
11322 11285
11322 11286
11322 11288
11322 11289
11322 11290
11322 11291
11322 11305
11322 11306
11322 11308
11322 11311
11322 11312
11322 11313
11322 11314
11322 11317
11322 11319
11322 11320
11324 7248
11324 7258
11324 10169
11324 11286
11324 11291
11324 11312
11324 11313
11324 11314
11324 11322
11326 11322
11327 11322
11329 11312
11329 11322
11330 10164
11330 10169
11330 11291
11330 11314
11330 11319
11331 7256
11332 4020
11332 7242
11332 7244
11332 7248
11332 7251
11332 7258
11332 7259
11332 7260
11332 9598
11332 10164
11332 10166
11332 10167
11332 10169
11332 11284
11332 11286
11332 11288
11332 11289
11332 11290
11332 11291
11332 11311
11332 11312
11332 11313
11332 11314
11332 11319
11332 11320
11332 11322
11332 11324
11332 11327
11332 11329
11333 7244
11333 7247
11333 7248
11333 7251
11333 7259
11333 7260
11333 9598
11333 10164
11333 10166
11333 10167
11333 10169
11333 11284
11333 11286
11333 11288
11333 11291
11333 11311
11333 11312
11333 11313
11333 11314
11333 11319
11333 11322
11333 11324
11333 11327
11333 11329
11333 11332
11333 15539
11334 7248
11334 7251
11334 9542
11334 10169
11334 11312
11334 11314
11334 11322
11334 11324
11334 11332
11334 11333
11335 4020
11335 7241
11335 7244
11335 7248
11335 7251
11335 7258
11335 7259
11335 7260
11335 7262
11335 9542
11335 9598
11335 9599
11335 10165
11335 10166
11335 10169
11335 11284
11335 11286
11335 11288
11335 11291
11335 11296
11335 11297
11335 11300
11335 11301
11335 11305
11335 11312
11335 11313
11335 11314
11335 11319
11335 11320
11335 11322
11335 11324
11335 11331
11335 11332
11335 11333
11335 11334
11336 11322
11336 11332
11336 11333
11337 4022
11337 7244
11337 7247
11337 7248
11337 7250
11337 7254
11337 7256
11337 7258
11337 7259
11337 7260
11337 9542
11337 10166
11337 10169
11337 11284
11337 11286
11337 11291
11337 11301
11337 11311
11337 11312
11337 11313
11337 11314
11337 11317
11337 11319
11337 11322
11337 11324
11337 11332
11337 11333
11337 11334
11337 11335
11337 11336
11337 15539
11339 4020
11339 4021
11339 4022
11339 7242
11339 7244
11339 7247
11339 7248
11339 7250
11339 7251
11339 7254
11339 7256
11339 7258
11339 7259
11339 7260
11339 7262
11339 9598
11339 9599
11339 10164
11339 10166
11339 10167
11339 10169
11339 11284
11339 11285
11339 11286
11339 11288
11339 11291
11339 11297
11339 11299
11339 11300
11339 11301
11339 11303
11339 11305
11339 11306
11339 11307
11339 11308
11339 11309
11339 11311
11339 11312
11339 11313
11339 11314
11339 11317
11339 11319
11339 11320
11339 11321
11339 11322
11339 11324
11339 11326
11339 11327
11339 11329
11339 11334
11339 11335
11339 11336
11339 11337
11339 15539
11340 11335
11341 11322
11341 11332
11341 11333
11341 11335
11341 11339
11342 11322
11342 11332
11342 11339
11343 7248
11343 11312
11343 11322
11343 11330
11343 11332
11343 11333
11343 11335
11343 11339
11345 7248
11345 11312
11345 11322
11345 11330
11345 11332
11345 11333
11345 11335
11345 11339
11382 1092
11382 2631
11385 1138
11385 2631
11385 3926
11385 6119
11385 17437
11385 17439
11385 17441
11386 1138
11386 2631
11387 1138
11388 1138
11389 1138
11389 17441
11393 1138
11393 2631
11393 6119
11393 6679
11393 11038
11393 11385
11393 17441
11396 1138
11396 1157
11396 2631
11396 4022
11396 6119
11396 11393
11396 13029
11396 16779
11396 17437
11396 17441
11397 1138
11397 2631
11397 4064
11397 6679
11397 11385
11397 11393
11398 1138
11398 2631
11398 6679
11398 11385
11398 11393
11399 1138
11399 2631
11400 1138
11400 1157
11400 2631
11400 6119
11400 6679
11400 8365
11400 11385
11400 11393
11400 11396
11400 11398
11400 17434
11400 17441
11402 1138
11402 2631
11402 5322
11402 6679
11402 11396
11402 11400
11402 17441
11403 1138
11403 2631
11403 5315
11403 5318
11403 5322
11403 6119
11403 6679
11403 9445
11403 11385
11403 11393
11403 11396
11403 11397
11403 11398
11403 11399
11403 11400
11403 13318
11403 17441
11404 1138
11404 2631
11404 6119
11404 6679
11404 11385
11404 11393
11404 11396
11404 11397
11404 11398
11404 11400
11404 11403
11404 17441
11409 1138
11409 2631
11409 6119
11409 6679
11409 11385
11409 11393
11409 11396
11409 11397
11409 11398
11409 11400
11409 11402
11409 11403
11409 11404
11409 17441
11410 2631
11411 1138
11411 4022
11411 11393
11411 11400
11411 11409
11411 16779
11411 17441
11413 6679
11413 11385
11413 11396
11415 1138
11415 2631
11415 6679
11415 11385
11415 11396
11415 11400
11424 1138
11424 2631
11424 4022
11424 6119
11424 11385
11424 11393
11424 11396
11424 11397
11424 11398
11424 11400
11424 11402
11424 11403
11424 11404
11424 11409
11424 17441
11425 1138
11425 2631
11425 6119
11425 6679
11425 11385
11425 11386
11425 11393
11425 11396
11425 11397
11425 11398
11425 11400
11425 11403
11425 11404
11425 11409
11425 11411
11425 11424
11425 17441
11426 1136
11426 1137
11426 1138
11426 2631
11426 6119
11426 6679
11426 11385
11426 11386
11426 11393
11426 11396
11426 11397
11426 11398
11426 11400
11426 11402
11426 11403
11426 11404
11426 11409
11426 11411
11426 11424
11426 11425
11426 17439
11426 17441
11493 2003
11493 2006
11518 4114
11519 15165
11522 1093
11522 7518
11522 11038
11530 2454
11530 15680
11535 15680
11535 15686
11536 15680
11536 15686
11541 1332
11541 1337
11541 1340
11541 2226
11541 3503
11541 3508
11541 3510
11541 6170
11541 6417
11541 6423
11541 6424
11541 6430
11541 9007
11541 10159
11541 13076
11561 1092
11561 6539
11561 6545
11561 6547
11561 9070
11568 13312
11568 15531
11596 5761
11599 572
11599 2006
11599 4022
11599 6770
11599 6771
11599 6786
11599 12713
11599 12715
11605 1422
11605 3508
11615 4837
11615 5317
11615 5318
11615 6142
11615 12185
11615 12186
11615 12187
11615 13315
11618 11617
11618 14734
11639 3503
11639 11386
11639 11396
11639 11400
11706 1572
11750 2877
11750 2878
11757 11177
11795 9495
11795 10637
11856 17455
12068 3945
12068 4994
12068 4996
12068 7339
12069 5017
12073 6177
12073 12786
12074 1847
12074 2614
12074 3902
12074 4994
12074 5120
12074 5125
12074 5126
12074 10929
12077 12786
12078 3909
12078 4996
12078 7339
12080 3909
12080 4994
12080 4996
12081 5125
12088 5126
12089 3945
12089 4996
12089 5125
12089 5126
12089 6177
12089 6181
12089 12104
12091 4994
12091 6177
12093 3902
12093 3910
12093 3945
12093 4994
12093 4996
12093 5125
12093 5126
12093 6181
12093 12786
12094 3945
12094 4996
12094 6181
12094 12074
12095 3902
12095 3910
12095 3945
12095 4993
12095 4994
12095 4996
12095 4999
12095 5125
12095 5126
12095 6177
12095 6181
12095 11887
12095 12080
12095 12093
12095 12094
12095 12786
12095 17715
12099 6177
12100 4994
12100 5125
12100 6177
12101 4996
12101 12786
12102 3945
12102 4996
12102 12786
12103 4996
12103 5126
12104 2614
12104 3890
12104 3896
12104 3902
12104 3945
12104 4994
12104 4996
12104 4997
12104 4999
12104 5125
12104 5126
12104 5127
12104 5207
12104 6177
12104 6181
12104 6182
12104 9678
12104 11887
12104 12080
12104 12089
12104 12093
12104 12094
12104 12095
12104 12101
12104 12102
12104 12783
12104 12785
12104 12786
12104 12792
12104 12867
12104 13968
12104 17715
12119 5974
12119 12071
12119 12078
12119 12080
12119 12091
12119 12095
12119 12100
12119 12103
12119 12104
12180 535
12180 7367
12180 12181
12185 5040
12185 5317
12185 12186
12186 536
12186 1420
12186 5317
12186 5318
12186 6143
12186 7367
12186 11038
12186 12185
12186 12187
12186 13307
12186 17330
12187 535
12187 536
12187 1420
12187 4837
12187 5303
12187 5317
12187 5318
12187 6143
12187 7367
12187 11038
12187 12186
12187 13307
12187 17330
12191 535
12191 536
12193 569
12193 1990
12193 6121
12205 12208
12206 12186
12206 12187
12207 12186
12207 12187
12208 12187
12276 5050
12276 6142
12300 7231
12300 8365
12303 8388
12351 7467
12357 3127
12365 3907
12365 16837
12365 20099
12366 12171
12366 12843
12400 3976
12400 6424
12418 2257
12418 9574
12418 9578
12418 13022
12446 12447
12447 5043
12453 15531
12508 3909
12517 12104
12526 15076
12528 9045
12528 13312
12528 16837
12528 16843
12529 797
12529 16843
12544 54
12550 2351
12550 2454
12550 9999
12550 10143
12550 10473
12550 15908
12551 10143
12575 10017
12580 736
12580 1989
12580 12581
12581 9999
12581 12068
12581 12071
12581 12077
12581 12078
12581 12580
12581 12582
12582 12581
12676 5304
12691 10982
12699 2631
12713 11599
12715 2009
12715 11599
12716 14019
12746 7003
12761 11177
12802 12786
12843 4837
12843 11706
12843 13313
12848 12860
12855 10527
12860 2006
12860 12848
12861 15177
12869 9785
12869 17002
12869 19913
12983 10637
13022 3878
13022 6160
13022 9583
13022 14019
13076 3976
13105 9845
13229 16837
13244 8522
13285 12187
13289 12206
13293 12186
13293 12187
13296 536
13296 13315
13297 13293
13307 12186
13307 12187
13312 211
13312 535
13312 536
13312 2526
13312 3034
13312 4072
13312 5303
13312 6143
13312 6318
13312 7367
13312 9866
13312 10556
13312 12184
13312 12185
13312 12187
13312 12190
13312 12208
13312 12528
13312 13297
13312 13313
13312 16607
13312 17330
13312 17920
13312 17953
13312 18198
13312 18203
13313 535
13313 536
13313 2940
13313 7367
13313 12186
13313 12187
13313 12191
13313 13293
13313 13312
13313 17331
13315 5040
13315 6109
13315 11615
13315 16607
13321 13322
13322 3034
13322 4608
13322 7367
13322 8412
13322 12861
13322 15622
13322 17953
13324 4843
13325 16607
13326 12187
13328 1989
13329 13312
13333 5125
13333 6177
13333 12104
13333 12187
13334 535
13334 536
13345 5303
13345 5304
13345 16718
13430 16513
13539 17605
13548 12078
13548 12091
13548 12095
13548 12104
13567 11038
13568 1989
13568 12074
13594 9045
13621 4837
13621 17767
13623 1989
13626 2877
13626 16721
13635 9991
13636 5038
13636 5412
13636 7907
13636 9040
13636 12180
13636 12187
13636 12191
13636 13293
13636 13347
13637 9999
13637 13322
13641 9712
13642 6121
13642 16829
13666 11393
13666 11396
13666 11400
13666 11403
13666 11409
13666 11415
13666 11424
13666 11425
13666 17439
13666 17441
13669 10637
13881 4841
13881 16607
13914 8647
13925 1237
13925 2004
13925 2009
13934 1317
14018 19229
14019 5102
14019 11177
14166 9671
14181 5029
14206 5036
14255 10527
14463 14166
14466 4022
14466 5102
14466 8516
14466 9551
14466 13022
14680 7367
14680 11003
14680 13312
14680 13313
14706 8414
14717 6417
14717 6429
14748 1989
14751 12453
14759 2598
14799 9999
14846 15985
14846 15986
14848 786
14850 10746
14931 11232
14963 17642
15076 87
15076 1764
15076 2657
15076 4014
15076 6262
15076 6561
15076 6563
15076 7131
15076 9608
15076 9995
15076 10514
15076 10516
15076 10517
15076 11146
15076 11521
15076 11522
15076 12494
15076 14042
15076 14051
15076 14052
15076 14053
15076 14477
15076 14479
15077 15076
15080 1422
15080 15076
15088 2454
15088 4061
15088 9841
15088 12793
15097 2426
15113 16843
15125 1102
15125 6423
15144 16837
15165 15162
15177 2598
15177 13312
15177 16497
15177 16837
15487 3909
15492 8621
15515 15518
15518 9427
15518 15515
15531 510
15531 2598
15531 4114
15531 6114
15531 9045
15531 9705
15531 9973
15531 10712
15531 12186
15531 12187
15531 14018
15531 15177
15531 15179
15544 4034
15605 15602
15622 12869
15675 2964
15675 5017
15675 5501
15675 9273
15680 2003
15680 3034
15680 4837
15680 4863
15680 8365
15680 11038
15680 17853
15684 5125
15684 5126
15686 4863
15686 15684
15686 17853
15686 17870
15687 15686
15701 15699
15802 14255
15810 1999
15811 1999
15812 15813
15814 15813
15843 10001
15871 9027
15906 14717
15919 15680
15928 17048
15930 4178
15930 5188
15930 6262
15930 7448
15948 15908
15954 1093
15954 1102
15989 15986
16003 7448
16020 15177
16029 5521
16029 14879
16029 15991
16029 15998
16035 16011
16035 16029
16037 16011
16061 3765
16061 3791
16061 5501
16061 8905
16061 10797
16061 13289
16076 9884
16229 1309
16229 1312
16229 14717
16235 1312
16237 1289
16237 3508
16237 6417
16237 6423
16238 3503
16238 3510
16238 12400
16248 2877
16272 2940
16272 4837
16272 12365
16272 17001
16272 17952
16272 17953
16282 5017
16286 13052
16286 13054
16286 14166
16299 7080
16306 15675
16307 5017
16307 5501
16307 15675
16307 15684
16308 5017
16497 11038
16497 15177
16519 15177
16561 16560
16562 16560
16606 1989
16607 8977
16607 13312
16607 13315
16607 13325
16607 13881
16607 16606
16607 17444
16639 11683
16714 5050
16714 7606
16737 14245
16737 16732
16747 3902
16747 4994
16747 12119
16748 12119
16819 16577
16819 17647
16828 16843
16829 9866
16829 17635
16837 45
16837 1989
16837 4014
16837 4377
16837 5017
16837 5263
16837 5339
16837 5961
16837 6395
16837 7336
16837 8417
16837 9671
16837 9866
16837 10501
16837 10985
16837 11750
16837 12179
16837 13229
16837 13333
16837 15144
16837 15177
16837 16338
16837 16372
16837 16569
16837 16570
16837 16572
16837 16574
16837 16575
16837 16576
16837 16579
16837 16580
16837 16581
16837 16816
16837 16817
16837 16819
16837 16827
16837 16832
16837 17001
16837 17627
16837 17631
16837 17632
16837 17633
16837 17635
16837 17636
16837 17639
16837 17640
16837 17643
16837 17644
16837 17648
16837 17926
16837 18459
16837 18740
16839 2877
16842 529
16842 16819
16843 530
16843 4022
16843 6115
16843 10501
16843 11750
16843 16570
16843 16576
16843 16584
16843 16827
16843 16828
16843 16830
16843 17627
16843 17635
16843 17642
16843 17646
16843 18459
16984 4018
16984 4022
16984 7250
16984 10488
16984 17953
16997 4022
16997 17001
17001 16837
17001 17642
17002 12869
17003 15531
17028 13312
17040 9998
17048 8501
17048 17832
17049 17048
17134 17126
17148 3791
17148 3910
17148 4862
17148 5062
17148 5310
17148 5315
17148 6118
17148 6120
17148 6182
17148 8192
17148 8905
17148 8918
17148 8977
17148 9027
17148 9712
17148 12193
17148 15177
17148 16338
17148 16737
17148 16837
17148 18204
17165 2226
17165 15515
17167 17165
17173 1092
17203 1092
17203 5371
17203 14466
17208 1092
17208 1093
17208 2002
17208 7614
17208 9551
17208 9552
17208 9558
17208 10014
17208 10590
17208 13022
17208 13031
17210 15647
17213 569
17213 6121
17213 17148
17216 2241
17216 17148
17222 17048
17283 1312
17283 12400
17286 1092
17286 3503
17286 3976
17286 6424
17330 2877
17330 2878
17330 2879
17330 2880
17330 4837
17330 11038
17330 12180
17330 12186
17330 12187
17330 12191
17330 13293
17330 13296
17330 13312
17330 14680
17330 15680
17330 18111
17331 12187
17331 12191
17331 13296
17331 13312
17331 13313
17334 12187
17334 12191
17334 13312
17338 4114
17338 9999
17347 15675
17349 5501
17349 15675
17349 16308
17642 16581
17642 17629
17642 17632
17642 17633
17642 17639
17643 17642
17644 17642
17648 17642
17767 5040
17767 7367
17767 16714
17767 16718
17792 5961
17792 15181
17805 4843
17805 11750
17857 3940
17857 7375
17899 17887
17909 15177
17920 3945
17920 4837
17920 13312
17922 13293
17926 16837
17952 13322
17953 7467
17953 7518
17953 9045
17953 9866
17953 11038
17953 15205
17953 15680
17953 15686
17957 16737
17962 6304
17962 7453
18113 12186
18113 16837
18136 16843
18138 5459
18178 7508
18197 6137
18197 6142
18198 13312
18198 17767
18203 736
18203 1989
18203 2877
18203 6142
18203 11038
18203 13312
18203 17767
18204 1989
18204 1999
18204 2877
18204 4993
18204 6137
18204 6142
18207 2987
18207 13567
18225 18204
18267 4178
18267 7448
18267 10029
18269 17792
18272 5521
18272 6246
18272 7508
18272 10763
18272 11038
18272 13322
18272 15076
18337 19599
18337 19602
18337 19914
18337 20202
18338 19735
18338 19738
18338 19752
18338 19860
18338 19910
18338 20333
18338 20440
18340 19599
18340 20202
18340 20320
18341 19599
18341 19602
18341 19750
18341 20039
18341 20175
18341 20202
18341 20295
18341 20320
18348 19599
18348 19602
18348 19914
18348 20039
18348 20142
18348 20149
18348 20202
18349 18338
18349 19586
18349 19592
18349 19599
18349 19602
18349 19736
18349 19909
18349 19914
18349 20000
18349 20009
18349 20011
18349 20039
18349 20142
18349 20149
18349 20175
18349 20201
18349 20202
18349 20314
18349 20319
18349 20320
18349 20443
18349 20483
18350 19599
18350 20039
18350 20320
18351 19586
18351 19592
18351 19599
18351 19602
18351 19900
18351 19914
18351 20000
18351 20039
18351 20149
18351 20175
18351 20202
18351 20319
18351 20320
18354 19599
18354 19602
18354 20202
18355 20039
18355 20202
18357 19599
18357 19602
18357 20039
18357 20202
18357 20320
18358 12262
18358 18349
18358 18351
18358 19592
18358 19599
18358 19602
18358 19735
18358 19738
18358 19743
18358 19751
18358 19752
18358 19760
18358 19858
18358 19860
18358 19868
18358 19877
18358 19892
18358 19900
18358 19910
18358 19924
18358 20030
18358 20039
18358 20064
18358 20147
18358 20175
18358 20196
18358 20202
18358 20309
18358 20322
18358 20327
18358 20333
18358 20335
18358 20351
18358 20355
18358 20435
18358 20440
18358 20456
18358 20470
18359 19602
18363 18340
18363 18349
18363 18351
18363 18358
18363 19592
18363 19596
18363 19599
18363 19602
18363 19735
18363 19738
18363 19751
18363 19752
18363 19759
18363 19760
18363 19761
18363 19858
18363 19860
18363 19864
18363 19866
18363 19868
18363 19876
18363 19877
18363 19891
18363 19899
18363 19900
18363 19901
18363 19904
18363 19910
18363 19914
18363 19924
18363 20006
18363 20015
18363 20029
18363 20030
18363 20039
18363 20057
18363 20065
18363 20141
18363 20142
18363 20152
18363 20156
18363 20160
18363 20161
18363 20162
18363 20175
18363 20189
18363 20192
18363 20195
18363 20196
18363 20202
18363 20287
18363 20299
18363 20304
18363 20315
18363 20317
18363 20322
18363 20330
18363 20333
18363 20335
18363 20345
18363 20351
18363 20356
18363 20431
18363 20433
18363 20435
18363 20440
18363 20451
18363 20452
18363 20456
18363 20472
18363 20473
18363 20476
18363 20484
18363 20490
18363 20491
18365 19586
18365 19599
18365 19602
18365 20039
18365 20202
18370 19752
18375 20039
18375 20202
18376 18363
18376 19592
18376 19599
18376 19602
18376 20039
18376 20175
18376 20202
18376 20320
18378 19599
18378 20039
18378 20202
18378 20320
18379 19599
18379 19602
18379 19914
18379 20142
18385 18351
18385 18357
18385 18376
18385 19602
18385 19738
18385 19751
18385 19752
18385 19759
18385 19760
18385 19777
18385 19860
18385 19868
18385 19876
18385 19877
18385 19899
18385 19904
18385 19924
18385 20037
18385 20039
18385 20057
18385 20147
18385 20152
18385 20196
18385 20299
18385 20315
18385 20322
18385 20327
18385 20328
18385 20330
18385 20333
18385 20334
18385 20335
18385 20351
18385 20433
18385 20440
18385 20453
18385 20456
18385 20484
18386 20440
18389 19599
18389 19914
18389 20039
18389 20142
18389 20202
18389 20320
18393 18358
18393 18363
18393 18385
18393 19599
18393 19602
18393 19914
18393 20009
18393 20039
18393 20142
18393 20149
18393 20175
18393 20202
18393 20320
18393 20483
18394 18358
18394 18363
18394 18385
18394 19586
18394 19592
18394 19599
18394 19602
18394 19736
18394 19758
18394 19879
18394 19900
18394 19914
18394 20000
18394 20007
18394 20009
18394 20019
18394 20039
18394 20050
18394 20051
18394 20142
18394 20149
18394 20175
18394 20202
18394 20314
18394 20319
18394 20320
18394 20329
18394 20431
18394 20483
18396 19599
18396 20202
18399 19602
18399 20202
18401 18348
18401 18349
18401 18351
18401 18357
18401 18358
18401 18363
18401 18376
18401 18393
18401 18394
18401 19585
18401 19586
18401 19592
18401 19598
18401 19599
18401 19602
18401 19631
18401 19632
18401 19735
18401 19738
18401 19748
18401 19751
18401 19752
18401 19753
18401 19759
18401 19760
18401 19761
18401 19764
18401 19770
18401 19858
18401 19860
18401 19864
18401 19866
18401 19868
18401 19876
18401 19877
18401 19891
18401 19895
18401 19899
18401 19900
18401 19903
18401 19904
18401 19910
18401 19914
18401 19924
18401 20006
18401 20025
18401 20030
18401 20034
18401 20037
18401 20039
18401 20041
18401 20057
18401 20065
18401 20141
18401 20142
18401 20144
18401 20147
18401 20149
18401 20152
18401 20156
18401 20160
18401 20161
18401 20181
18401 20189
18401 20195
18401 20196
18401 20202
18401 20299
18401 20304
18401 20306
18401 20315
18401 20317
18401 20322
18401 20327
18401 20328
18401 20330
18401 20333
18401 20334
18401 20335
18401 20345
18401 20346
18401 20351
18401 20355
18401 20356
18401 20433
18401 20435
18401 20440
18401 20451
18401 20452
18401 20453
18401 20456
18401 20460
18401 20472
18401 20473
18401 20476
18401 20480
18401 20484
18401 20486
18401 20490
18401 20491
18403 18401
18403 19586
18403 19599
18403 19602
18403 19900
18403 20000
18403 20039
18403 20202
18403 20339
18403 20431
18404 19599
18404 20039
18404 20202
18404 20320
18405 19914
18406 19900
18406 20000
18406 20175
18406 20202
18407 18363
18407 18401
18407 19586
18407 19599
18407 19602
18407 19914
18407 20039
18407 20175
18407 20202
18407 20319
18407 20320
18407 20483
18408 18348
18408 18349
18408 18351
18408 18363
18408 18379
18408 18393
18408 18394
18408 19582
18408 19602
18408 19735
18408 19738
18408 19743
18408 19751
18408 19752
18408 19760
18408 19770
18408 19860
18408 19868
18408 19876
18408 19877
18408 19892
18408 19903
18408 19904
18408 19910
18408 19924
18408 20030
18408 20037
18408 20064
18408 20147
18408 20167
18408 20196
18408 20202
18408 20317
18408 20327
18408 20328
18408 20330
18408 20333
18408 20335
18408 20345
18408 20351
18408 20433
18408 20435
18408 20440
18408 20453
18408 20456
18408 20470
18409 19602
18409 20202
18413 19599
18413 20039
18413 20142
18413 20149
18413 20202
18413 20320
18414 19586
18414 19599
18414 20039
18414 20202
18414 20320
18453 6461
18453 8977
18453 8979
18453 9042
18453 10405
18453 14509
18453 15177
18453 18204
18459 2241
18459 2454
18459 2598
18459 4608
18459 6228
18459 8904
18459 8905
18459 16837
18459 16843
18459 17953
18459 18203
18459 18204
18460 17642
18463 11404
18469 11706
18473 2454
18473 2487
18488 15165
18491 18394
18491 19735
18491 19752
18491 19860
18491 19868
18491 19876
18491 19877
18491 20351
18491 20440
18494 20039
18495 1233
18495 18349
18495 18351
18495 18393
18495 18394
18495 19596
18495 19735
18495 19738
18495 19743
18495 19751
18495 19752
18495 19858
18495 19860
18495 19868
18495 19877
18495 19904
18495 19910
18495 19924
18495 20030
18495 20167
18495 20196
18495 20333
18495 20351
18495 20456
18501 18363
18501 18401
18501 19592
18501 19599
18501 19602
18501 19900
18501 20000
18501 20175
18501 20202
18505 18401
18505 19602
18505 20000
18505 20202
18506 18349
18506 19735
18506 19738
18506 19752
18506 19868
18506 19924
18506 20440
18507 5302
18507 18348
18507 18349
18507 18351
18507 18358
18507 18363
18507 18376
18507 18385
18507 18393
18507 18394
18507 18401
18507 18403
18507 18406
18507 18407
18507 18408
18507 18491
18507 19586
18507 19587
18507 19592
18507 19598
18507 19599
18507 19602
18507 19735
18507 19738
18507 19742
18507 19751
18507 19752
18507 19760
18507 19770
18507 19777
18507 19858
18507 19860
18507 19864
18507 19868
18507 19876
18507 19877
18507 19883
18507 19891
18507 19899
18507 19900
18507 19904
18507 19908
18507 19910
18507 19914
18507 19924
18507 20000
18507 20027
18507 20037
18507 20039
18507 20064
18507 20142
18507 20147
18507 20149
18507 20152
18507 20175
18507 20196
18507 20201
18507 20202
18507 20304
18507 20315
18507 20317
18507 20320
18507 20322
18507 20327
18507 20328
18507 20333
18507 20334
18507 20335
18507 20339
18507 20345
18507 20346
18507 20351
18507 20433
18507 20434
18507 20435
18507 20440
18507 20453
18507 20456
18507 20470
18507 20483
18507 20484
18509 18340
18509 18341
18509 18351
18509 18376
18509 18394
18509 18407
18509 19602
18509 19738
18509 19752
18509 19760
18509 19877
18509 19899
18509 19924
18509 20152
18509 20156
18509 20162
18509 20196
18509 20333
18509 20432
18509 20433
18509 20440
18510 20142
18510 20149
18510 20202
18512 19924
18514 18363
18514 18385
18514 18401
18514 18507
18514 19592
18514 19599
18514 19602
18514 19900
18514 20000
18514 20149
18514 20175
18514 20202
18515 19599
18515 20039
18515 20149
18515 20175
18515 20202
18515 20320
18517 18401
18517 18507
18517 19592
18517 19602
18517 19900
18517 20000
18525 18408
18525 19599
18525 19602
18525 19914
18525 20039
18525 20142
18525 20202
18525 20314
18527 18363
18527 19599
18527 20039
18527 20202
18529 19602
18529 20000
18529 20039
18529 20202
18530 18363
18530 18401
18530 19592
18530 19599
18530 19602
18531 18349
18531 18351
18531 18363
18531 18376
18531 18393
18531 18394
18531 18401
18531 18407
18531 18501
18531 18507
18531 18527
18531 18530
18531 19592
18531 19599
18531 19602
18531 19735
18531 19738
18531 19751
18531 19752
18531 19759
18531 19760
18531 19761
18531 19860
18531 19864
18531 19868
18531 19877
18531 19892
18531 19899
18531 19900
18531 19910
18531 19914
18531 19924
18531 20006
18531 20030
18531 20037
18531 20039
18531 20065
18531 20152
18531 20156
18531 20195
18531 20196
18531 20202
18531 20304
18531 20309
18531 20327
18531 20333
18531 20335
18531 20351
18531 20355
18531 20433
18531 20440
18531 20451
18531 20456
18531 20472
18531 20473
18532 11038
18532 15680
18553 18363
18557 20343
18564 19602
18567 18963
18588 12153
18628 10637
18733 13408
18738 5951
18740 16837
18740 16843
18755 16837
18768 6182
18768 9999
18768 10272
18768 15277
18844 15690
18851 13312
18851 13313
18851 13315
18854 4837
18857 13312
18857 13313
18860 9973
18860 13312
18860 13315
18860 18857
18867 6566
18872 6131
18872 9973
18872 18860
18963 5517
18963 11626
18963 18956
18963 18958
18963 18961
19000 8412
19002 17296
19023 19046
19039 1321
19039 12095
19043 1320
19043 10929
19043 11144
19043 12095
19043 12713
19046 4384
19046 5974
19046 9385
19046 12078
19046 12095
19046 14243
19046 19023
19046 19043
19046 19049
19049 19046
19053 4594
19053 5265
19053 5271
19056 4159
19056 10931
19056 12102
19112 5188
19112 7448
19112 15930
19112 18267
19119 10143
19119 18111
19132 1092
19148 4837
19170 7978
19175 1092
19175 2454
19175 4837
19175 5371
19175 5390
19175 6923
19175 9310
19175 14466
19175 17208
19204 11076
19217 10527
19225 234
19227 6114
19229 14018
19229 18851
19230 2454
19248 19245
19298 10412
19303 6164
19316 5040
19316 5307
19316 5317
19316 6109
19316 6142
19316 9045
19338 19980
19339 5063
19520 19517
19540 95
19551 1989
19556 9618
19558 12104
19592 19586
19598 19592
19599 1233
19599 5302
19599 19582
19599 19587
19599 19591
19599 19592
19599 19596
19602 7891
19602 12266
19602 19584
19602 19585
19602 19586
19602 19587
19602 19591
19602 19592
19602 19596
19602 19599
19605 7467
19632 19602
19723 3287
19735 19586
19735 19592
19735 19599
19735 19602
19738 19586
19738 19592
19738 19599
19738 19602
19742 19599
19742 19602
19743 19599
19743 19602
19746 19599
19746 19602
19748 19599
19748 19602
19749 19599
19750 19602
19751 19592
19751 19599
19751 19602
19752 19586
19752 19592
19752 19599
19752 19602
19752 19750
19752 19758
19753 19599
19753 19602
19756 19599
19758 19738
19759 19592
19759 19599
19759 19602
19760 19592
19760 19599
19760 19602
19761 19599
19761 19602
19762 19599
19764 19602
19765 19599
19766 19602
19768 19752
19768 19760
19769 19602
19770 19599
19770 19602
19771 19599
19771 19602
19772 19599
19774 19599
19777 19599
19848 5008
19848 5014
19857 5403
19857 19848
19858 19599
19858 19602
19859 19735
19860 19586
19860 19592
19860 19599
19860 19602
19864 19592
19864 19602
19864 19752
19864 19860
19866 19592
19866 19599
19866 19602
19868 19592
19868 19599
19868 19602
19875 19752
19876 19592
19876 19599
19876 19602
19876 19768
19877 19581
19877 19592
19877 19599
19877 19602
19878 19599
19879 19599
19879 19738
19879 19752
19879 19868
19879 19877
19880 19752
19880 19877
19881 19599
19881 19752
19881 19877
19882 19602
19883 19599
19883 19602
19884 19752
19884 19876
19887 19599
19887 19752
19891 19599
19891 19602
19892 19599
19892 19602
19893 19599
19895 19599
19895 19602
19896 19602
19898 19599
19898 19602
19899 19592
19899 19599
19899 19602
19899 19750
19900 19582
19900 19587
19900 19592
19900 19598
19900 19599
19900 19602
19900 19735
19900 19738
19900 19746
19900 19752
19900 19759
19900 19760
19900 19860
19900 19866
19900 19868
19900 19876
19900 19877
19900 19886
19900 19891
19900 19899
19903 19599
19903 19602
19904 19586
19904 19592
19904 19599
19904 19602
19904 19758
19904 19768
19904 19900
19906 19599
19909 19735
19909 19738
19909 19752
19910 19599
19910 19602
19912 19738
19912 19751
19912 19752
19912 19760
19912 19860
19912 19868
19912 19877
19913 12869
19914 1233
19914 19591
19914 19592
19914 19596
19914 19602
19914 19735
19914 19738
19914 19743
19914 19751
19914 19752
19914 19756
19914 19760
19914 19770
19914 19774
19914 19858
19914 19860
19914 19868
19914 19876
19914 19877
19914 19883
19914 19891
19914 19892
19914 19900
19914 19904
19914 19910
19923 19599
19924 19586
19924 19592
19924 19599
19924 19602
19924 19758
19924 19879
19924 19881
19924 19884
19924 19887
19924 19888
19924 19900
19924 19912
19924 19914
19930 5008
19930 5403
19930 11594
19930 14792
19930 14794
19930 19848
19930 19855
19935 13022
19935 19556
19982 3508
19992 4689
19992 5263
19992 5411
19992 5553
19992 6556
19992 8904
19992 14207
19992 16837
20000 19585
20000 19598
20000 19602
20000 19735
20000 19738
20000 19748
20000 19752
20000 19753
20000 19759
20000 19760
20000 19761
20000 19764
20000 19860
20000 19866
20000 19868
20000 19876
20000 19877
20000 19891
20000 19899
20000 19904
20000 19914
20000 19924
20005 19752
20009 19582
20009 19735
20009 19738
20009 19743
20009 19751
20009 19752
20009 19760
20009 19772
20009 19858
20009 19860
20009 19868
20009 19876
20009 19877
20009 19904
20009 19924
20009 20064
20011 19735
20011 19752
20011 19924
20019 19752
20019 19770
20019 19876
20019 19904
20019 19924
20020 19876
20025 19602
20026 19599
20027 19602
20029 19599
20029 19900
20030 19599
20030 19602
20030 19912
20030 19914
20031 19599
20033 19599
20033 19602
20034 19900
20037 19599
20037 19602
20037 19900
20037 19914
20037 20000
20039 1233
20039 19582
20039 19587
20039 19591
20039 19592
20039 19596
20039 19602
20039 19735
20039 19738
20039 19741
20039 19742
20039 19743
20039 19751
20039 19752
20039 19753
20039 19760
20039 19770
20039 19774
20039 19858
20039 19860
20039 19868
20039 19876
20039 19877
20039 19891
20039 19892
20039 19893
20039 19895
20039 19898
20039 19899
20039 19900
20039 19903
20039 19904
20039 19906
20039 19910
20039 19924
20039 20001
20039 20006
20039 20016
20039 20017
20039 20030
20039 20031
20039 20037
20040 19599
20040 20039
20041 19592
20041 19599
20041 19602
20041 20000
20042 20037
20048 19599
20048 20039
20050 19759
20051 19599
20057 19592
20057 19599
20057 19602
20057 19900
20057 19914
20057 20000
20057 20039
20064 19599
20064 19602
20064 19914
20065 19592
20065 19599
20065 19900
20065 20000
20077 7003
20079 9109
20079 9142
20079 9149
20092 18148
20094 20093
20096 11400
20113 7001
20114 6851
20114 7001
20114 9031
20114 16240
20114 20092
20114 20113
20141 19602
20141 20000
20142 6626
20142 19591
20142 19592
20142 19602
20142 19735
20142 19738
20142 19743
20142 19751
20142 19752
20142 19760
20142 19770
20142 19771
20142 19774
20142 19858
20142 19860
20142 19868
20142 19876
20142 19877
20142 19891
20142 19892
20142 19904
20142 19906
20142 19910
20142 19924
20142 20030
20142 20031
20142 20037
20142 20064
20143 19599
20143 20039
20143 20142
20144 20000
20145 20142
20147 19586
20147 19599
20147 19602
20147 19758
20147 19900
20147 19914
20147 20000
20147 20009
20147 20039
20147 20142
20149 19591
20149 19602
20149 19735
20149 19738
20149 19751
20149 19752
20149 19760
20149 19858
20149 19860
20149 19868
20149 19876
20149 19877
20149 19892
20149 19893
20149 19903
20149 19904
20149 19910
20149 19924
20149 20030
20149 20031
20149 20037
20150 19738
20150 19868
20150 19877
20150 19924
20152 19586
20152 19592
20152 19599
20152 19602
20152 19750
20152 19758
20152 19900
20152 20000
20152 20039
20154 19599
20154 20149
20155 19735
20155 19752
20156 19592
20156 19599
20156 19602
20156 19900
20156 20000
20156 20039
20158 19599
20158 19924
20161 19602
20162 19599
20162 20039
20162 20149
20165 19599
20165 20039
20167 19599
20167 19602
20167 19914
20167 20039
20170 19738
20170 19877
20170 19924
20173 19599
20173 19752
20174 19599
20174 20039
20175 5302
20175 19582
20175 19585
20175 19602
20175 19735
20175 19738
20175 19743
20175 19746
20175 19751
20175 19752
20175 19753
20175 19759
20175 19760
20175 19770
20175 19772
20175 19858
20175 19860
20175 19866
20175 19868
20175 19876
20175 19877
20175 19886
20175 19891
20175 19899
20175 19903
20175 19904
20175 19910
20175 19914
20175 19924
20175 20029
20175 20030
20175 20031
20175 20033
20175 20034
20175 20037
20175 20039
20175 20041
20175 20057
20175 20065
20175 20147
20175 20152
20175 20156
20178 20039
20180 19586
20180 19602
20180 20039
20181 19599
20181 19602
20181 20000
20181 20175
20182 19602
20184 20039
20185 19752
20187 19599
20187 20039
20188 19599
20188 20039
20189 19602
20189 20039
20192 19860
20193 19599
20193 20039
20195 19592
20195 19602
20195 19860
20196 19586
20196 19592
20196 19599
20196 19602
20196 19736
20196 19750
20196 19758
20196 19900
20196 19907
20196 19914
20196 20000
20196 20009
20196 20039
20196 20142
20196 20149
20196 20170
20196 20175
20201 19735
20201 19738
20201 19860
20202 1233
20202 19582
20202 19584
20202 19585
20202 19587
20202 19591
20202 19592
20202 19596
20202 19599
20202 19602
20202 19735
20202 19738
20202 19742
20202 19743
20202 19746
20202 19748
20202 19751
20202 19752
20202 19753
20202 19759
20202 19760
20202 19761
20202 19765
20202 19770
20202 19777
20202 19858
20202 19860
20202 19864
20202 19866
20202 19868
20202 19876
20202 19877
20202 19883
20202 19887
20202 19891
20202 19892
20202 19893
20202 19895
20202 19896
20202 19898
20202 19899
20202 19900
20202 19903
20202 19904
20202 19906
20202 19910
20202 19914
20202 19924
20202 20000
20202 20006
20202 20014
20202 20015
20202 20017
20202 20029
20202 20030
20202 20031
20202 20033
20202 20034
20202 20037
20202 20039
20202 20040
20202 20041
20202 20048
20202 20057
20202 20064
20202 20065
20202 20141
20202 20142
20202 20143
20202 20144
20202 20145
20202 20147
20202 20152
20202 20153
20202 20154
20202 20156
20202 20162
20202 20165
20202 20167
20202 20174
20202 20175
20202 20178
20202 20180
20202 20181
20202 20187
20202 20189
20202 20193
20202 20195
20202 20196
20204 19599
20204 20039
20204 20202
20206 19599
20206 19752
20206 20039
20206 20202
20221 3976
20222 20077
20222 20132
20222 20221
20256 1780
20266 13312
20287 19599
20287 20039
20287 20175
20287 20202
20289 19599
20289 19602
20289 20039
20289 20202
20295 19602
20295 19752
20295 20152
20295 20196
20297 19599
20297 20009
20297 20039
20297 20142
20297 20202
20299 19592
20299 19599
20299 19602
20299 19900
20299 20000
20299 20175
20299 20202
20300 19876
20304 19586
20304 19592
20304 19599
20304 19602
20304 19900
20304 20000
20304 20039
20304 20050
20304 20175
20304 20202
20306 19602
20306 20000
20306 20202
20307 19599
20307 20039
20307 20202
20309 19599
20309 20175
20311 19599
20311 19914
20311 20039
20311 20142
20311 20149
20311 20202
20314 19735
20314 19743
20314 19751
20314 19752
20314 19760
20314 19770
20314 19858
20314 19860
20314 19868
20314 19877
20314 19924
20314 20030
20315 19592
20315 19599
20315 19602
20315 19914
20315 20039
20315 20142
20315 20175
20315 20202
20317 19586
20317 19592
20317 19599
20317 19602
20317 19914
20317 20000
20317 20039
20317 20142
20317 20149
20317 20175
20317 20202
20318 19602
20318 20202
20319 19587
20319 19735
20319 19738
20319 19752
20319 19858
20319 19860
20319 19868
20319 19904
20319 19924
20319 20147
20319 20152
20319 20196
20319 20317
20320 1233
20320 19596
20320 19602
20320 19735
20320 19738
20320 19743
20320 19749
20320 19751
20320 19752
20320 19760
20320 19762
20320 19770
20320 19858
20320 19860
20320 19868
20320 19876
20320 19877
20320 19892
20320 19899
20320 19904
20320 19910
20320 19924
20320 20030
20320 20031
20320 20040
20320 20048
20320 20057
20320 20147
20320 20152
20320 20156
20320 20162
20320 20165
20320 20167
20320 20174
20320 20193
20320 20196
20320 20287
20320 20315
20320 20317
20322 19592
20322 19599
20322 19602
20322 19735
20322 19738
20322 19752
20322 19760
20322 19860
20322 19868
20322 19900
20322 19914
20322 20000
20322 20039
20322 20175
20322 20202
20323 19599
20323 20039
20323 20202
20323 20320
20324 20039
20324 20202
20325 19602
20325 19752
20326 19599
20327 19599
20327 19602
20327 19864
20327 19900
20327 19914
20327 20009
20327 20039
20327 20142
20327 20175
20327 20202
20327 20313
20327 20320
20328 19599
20328 19602
20328 19758
20328 19900
20328 20009
20328 20039
20328 20142
20328 20175
20328 20202
20328 20320
20329 19599
20330 19592
20330 19599
20330 19602
20330 19900
20330 20000
20330 20042
20330 20175
20330 20202
20331 19599
20331 19602
20331 20000
20331 20039
20331 20202
20332 19586
20332 19599
20332 19602
20332 20000
20332 20039
20332 20202
20333 19586
20333 19592
20333 19599
20333 19602
20333 19750
20333 19758
20333 19768
20333 19769
20333 19860
20333 19864
20333 19871
20333 19884
20333 19900
20333 19907
20333 19914
20333 20000
20333 20009
20333 20038
20333 20039
20333 20050
20333 20142
20333 20149
20333 20175
20333 20202
20333 20295
20333 20298
20333 20312
20333 20319
20333 20320
20333 20322
20333 20325
20334 19599
20334 19602
20334 19900
20334 20202
20335 19592
20335 19599
20335 19602
20335 19758
20335 19900
20335 19914
20335 20000
20335 20009
20335 20039
20335 20051
20335 20142
20335 20175
20335 20202
20335 20319
20335 20320
20339 19602
20339 19738
20339 19752
20339 19924
20339 20330
20339 20333
20340 19586
20340 20039
20340 20202
20345 19592
20345 19599
20345 19602
20345 19900
20345 20000
20345 20050
20345 20175
20345 20202
20346 19599
20346 19602
20346 19900
20346 20000
20346 20175
20346 20202
20348 20039
20348 20202
20349 19599
20349 20039
20349 20202
20351 19592
20351 19599
20351 19602
20351 19900
20351 19914
20351 20009
20351 20019
20351 20020
20351 20039
20351 20142
20351 20149
20351 20175
20351 20185
20351 20202
20351 20300
20351 20312
20351 20313
20351 20314
20351 20320
20352 19599
20352 20202
20355 19599
20355 20149
20355 20202
20368 1999
20369 1999
20388 2454
20404 6424
20428 19602
20428 20196
20431 19587
20431 19751
20431 19752
20431 19753
20431 19860
20431 19904
20431 19924
20431 20147
20431 20327
20431 20328
20431 20332
20431 20333
20431 20335
20432 19599
20432 20039
20432 20295
20432 20320
20433 19586
20433 19592
20433 19599
20433 19602
20433 19750
20433 19758
20433 19768
20433 19900
20433 20000
20433 20009
20433 20038
20433 20039
20433 20175
20433 20202
20433 20295
20433 20312
20433 20320
20433 20339
20433 20431
20434 19602
20434 19738
20434 19752
20434 19760
20434 19860
20434 19868
20434 19876
20434 19877
20434 19886
20434 19904
20434 19924
20434 20037
20434 20327
20434 20333
20434 20335
20434 20351
20434 20433
20435 19586
20435 19592
20435 19599
20435 19602
20435 19900
20435 19914
20435 20009
20435 20039
20435 20142
20435 20175
20435 20202
20435 20319
20435 20320
20435 20325
20435 20431
20438 19602
20439 20039
20440 19586
20440 19592
20440 19599
20440 19602
20440 19750
20440 19758
20440 19768
20440 19864
20440 19884
20440 19900
20440 19914
20440 20000
20440 20009
20440 20019
20440 20020
20440 20038
20440 20039
20440 20142
20440 20149
20440 20175
20440 20202
20440 20300
20440 20312
20440 20314
20440 20319
20440 20320
20440 20322
20440 20339
20440 20431
20440 20434
20441 19602
20441 20039
20441 20142
20441 20202
20443 19735
20443 19752
20443 19924
20443 20030
20443 20196
20445 20167
20446 19735
20446 19860
20447 20039
20449 19599
20449 19602
20449 19914
20449 20039
20449 20202
20449 20320
20451 19592
20451 19602
20451 20000
20451 20175
20451 20202
20452 19592
20452 19602
20452 20000
20452 20175
20452 20202
20453 19599
20453 19602
20453 19900
20453 19914
20453 20039
20453 20142
20453 20149
20453 20175
20453 20202
20453 20320
20455 20192
20456 19586
20456 19592
20456 19599
20456 19602
20456 19735
20456 19752
20456 19860
20456 19864
20456 19900
20456 19914
20456 20000
20456 20039
20456 20142
20456 20149
20456 20175
20456 20202
20456 20322
20456 20431
20456 20434
20456 20440
20457 95
20460 19592
20460 19599
20460 19602
20460 19914
20460 20039
20460 20202
20460 20298
20461 19891
20470 19602
20472 19599
20472 19602
20472 20000
20472 20175
20472 20202
20473 19599
20473 20000
20473 20202
20474 19599
20474 20039
20474 20202
20476 19599
20476 19602
20476 20000
20476 20202
20478 19602
20478 19914
20478 20039
20478 20142
20480 19602
20480 20000
20483 19602
20483 19735
20483 19738
20483 19751
20483 19752
20483 19760
20483 19858
20483 19860
20483 19868
20483 19877
20483 19924
20483 20030
20483 20196
20483 20333
20483 20335
20483 20351
20483 20440
20484 19586
20484 19592
20484 19599
20484 19602
20484 19758
20484 19900
20484 20039
20484 20175
20484 20202
20484 20295
20484 20319
20484 20320
20484 20431
20485 19599
20485 19602
20486 19599
20486 19602
20486 20000
20486 20202
20490 19592
20490 19602
20490 19900
20490 20000
20490 20175
20490 20202
20491 19592
20491 20000
20491 20175
20491 20202
20500 19599
20500 19602
20500 20039
20500 20192
20500 20202
