13 9998
13 12070
13 12075
14 12075
19 18
19 9998
19 12075
19 12080
19 13246
22 9998
22 12069
22 12070
22 12074
22 12075
22 12080
23 9998
23 12075
32 7858
46 3034
46 7122
46 7651
46 11064
46 12365
46 14609
46 17126
46 17134
46 17920
68 1155
68 11957
68 11960
68 11962
68 11966
68 14491
68 14493
68 14497
68 17109
68 17145
68 18197
68 18198
68 18199
68 18205
68 18222
87 11358
87 17020
103 12086
196 4240
211 1962
211 13312
212 13312
213 14051
213 14052
213 14053
234 17022
239 46
239 3034
239 3733
239 4433
239 5303
239 6480
239 8364
239 11358
239 13278
239 15905
239 17005
241 3034
241 4433
241 8364
241 10763
260 255
528 11523
542 2917
542 10556
601 592
601 594
653 1556
653 13029
653 15487
660 653
661 653
664 7123
706 8364
736 2917
797 13312
868 14242
873 868
875 868
1093 8611
1094 13070
1106 1735
1106 8611
1106 9661
1177 15368
1205 17005
1232 653
1232 3034
1232 8347
1232 8364
1234 3034
1234 4433
1234 4738
1234 13014
1237 3034
1237 4433
1237 4738
1237 11177
1237 13014
1275 6428
1277 2929
1277 6414
1280 7843
1302 17021
1304 565
1305 565
1305 1277
1305 1735
1305 3508
1305 6414
1305 6428
1305 7843
1305 13076
1305 15470
1308 565
1308 7843
1311 1304
1311 6414
1313 8351
1313 9569
1313 10014
1313 10503
1313 16066
1324 14717
1332 7976
1337 6414
1338 1305
1338 1308
1338 1735
1338 2929
1338 3499
1338 3503
1338 13076
1422 13278
1771 7124
1771 13014
1794 7355
1844 12780
1845 19098
1861 1852
1962 3733
1962 6150
1962 9062
1962 10527
1962 10531
1962 17005
1962 17921
1989 2917
1989 15622
1990 10985
2002 3034
2002 4738
2002 10749
2002 11523
2002 13014
2003 3034
2003 4433
2003 4738
2003 9667
2003 13014
2005 13432
2035 2034
2035 11892
2257 10503
2280 6259
2306 12102
2386 2305
2386 12074
2386 12075
2386 12082
2386 12090
2386 12101
2386 12102
2454 2881
2454 3733
2454 7124
2454 13312
2460 2881
2526 9942
2526 9995
2544 1801
2544 2676
2598 2917
2641 2637
2672 2669
2881 2003
2881 2454
2881 3034
2881 4072
2881 12365
2882 2883
2889 5303
2889 10556
2900 9569
2917 542
2917 2598
2917 4018
2917 4022
2917 5961
2917 7250
2917 8907
2917 9371
2917 9790
2917 10527
2917 11750
2917 18198
2917 18203
2929 565
2929 15470
2940 3733
2940 3883
2965 8364
2973 2972
3031 7124
3034 239
3034 704
3034 1771
3034 2002
3034 4079
3034 4081
3034 4608
3034 5040
3034 5961
3034 6129
3034 6259
3034 7122
3034 7123
3034 8364
3034 9641
3034 11032
3034 11518
3034 16714
3034 17921
3034 17952
3117 19551
3287 11177
3287 14423
3475 1586
3475 3469
3475 3470
3475 3471
3475 12273
3475 14287
3475 17796
3497 15470
3508 3499
3508 15470
3510 6414
3510 6420
3510 6428
3510 15352
3512 12360
3519 3510
3540 3475
3542 3475
3542 8347
3543 3475
3591 4651
3595 4166
3595 9995
3617 7355
3632 15622
3634 3632
3637 5902
3637 15333
3645 3034
3645 4433
3645 4738
3645 11177
3645 13014
3646 3034
3646 4433
3646 4738
3646 13014
3647 1106
3647 9661
3657 4240
3661 12086
3672 1332
3672 1336
3685 3034
3685 16087
3695 3512
3695 11175
3695 12360
3695 12417
3707 1393
3707 1395
3707 3665
3707 3667
3707 3668
3707 3669
3707 3670
3707 3674
3707 3675
3707 3704
3707 3705
3707 9164
3707 9165
3707 9645
3707 16089
3707 16112
3707 16113
3883 3882
3892 10678
3892 12801
3944 3892
3944 12801
3945 3892
4003 13014
4022 11523
4027 2973
4036 2960
4039 4027
4046 2960
4046 4027
4046 10282
4064 4038
4064 8161
4079 3034
4079 9879
4166 3595
4166 10929
4166 10930
4166 10931
4178 8364
4178 12780
4227 4226
4240 2002
4240 2003
4240 4199
4240 9344
4240 9546
4384 12102
4433 1234
4433 1237
4433 2003
4433 3034
4433 3645
4433 3646
4579 13963
4579 17019
4597 4240
4608 2881
4608 3034
4608 4607
4608 13014
4608 13333
4609 4607
4612 2035
4635 11358
4635 15905
4635 17450
4642 12075
4648 68
4651 12074
4651 12075
4680 19545
4681 2917
4681 8364
4681 13312
4685 2994
4685 7029
4686 1155
4686 2678
4686 3755
4686 3759
4686 3760
4686 3770
4686 3788
4686 4852
4686 4862
4686 6603
4686 8601
4686 13124
4686 16035
4686 16749
4686 17909
4686 18204
4692 8535
4734 4738
4738 1234
4738 1237
4738 1771
4738 2002
4738 2003
4738 3645
4738 3646
4738 5492
4738 6259
4738 8923
4738 10930
4738 10931
4738 11516
4738 11517
4738 11518
4738 11519
4738 11521
4738 13014
4738 19291
4739 8364
4741 13312
4749 5040
4749 10985
4749 11122
4749 16837
4821 13312
4822 11523
4824 13312
4837 13312
4839 2882
4839 3034
4839 6710
4839 8364
4839 13300
4839 13302
4839 13312
4839 17332
4839 18213
4840 6137
4840 13312
4841 5040
4841 13300
4841 13312
4841 18213
4842 3034
4842 6710
4842 13300
4842 13312
4842 18213
4843 17332
4852 7355
4994 3892
4995 3891
4996 3892
4996 4993
4999 3891
4999 3892
5019 10556
5028 5027
5028 10556
5040 5049
5040 6112
5040 6143
5040 19316
5086 3964
5100 8364
5125 3892
5127 3891
5134 5132
5216 5500
5252 10787
5263 2917
5263 3883
5283 4240
5303 1548
5303 1549
5303 2889
5303 6143
5303 7122
5303 11749
5304 4027
5492 4738
5496 4433
5500 3034
5500 4738
5509 10503
5727 8347
5740 11523
5761 5763
5761 9705
5763 5761
5763 12075
5802 2337
5802 2338
5802 3767
5802 3779
5802 3789
5807 11523
5896 3595
5923 16515
5941 11523
5948 3707
5949 3707
5961 3034
5998 15905
6112 4651
6112 5040
6119 4651
6129 7124
6134 6135
6135 6134
6137 6112
6143 5028
6143 5040
6143 5303
6177 3892
6184 3892
6258 5040
6258 5303
6259 6029
6259 11523
6259 13014
6278 2917
6285 2917
6306 653
6395 10985
6414 565
6414 10787
6414 13070
6414 13076
6414 15470
6428 1735
6428 13070
6428 15470
6460 2881
6470 6475
6475 4863
6475 7465
6475 17870
6476 6475
6476 7470
6477 4004
6478 1771
6478 6475
6563 1962
6566 6120
6653 6654
6659 8502
6679 8364
6680 8364
6681 7231
6681 8364
6681 8388
6681 9423
6681 15212
6682 8364
6683 8364
6684 8364
6770 8347
6779 6776
6779 6777
6779 8489
6779 12351
6779 12354
6779 12355
6779 16497
6779 16503
6795 6796
6796 15897
6796 15899
6914 601
6953 18198
6953 18203
6964 12646
6965 6964
6979 3595
6979 5076
7010 6621
7010 14827
7123 3034
7124 7123
7124 11518
7285 8364
7344 7340
7355 1794
7355 4852
7355 7858
7355 10006
7355 18198
7355 18203
7465 10749
7465 10750
7465 11184
7486 15368
7561 12075
7561 12082
7561 12093
7561 12102
7561 12801
7561 15368
7561 15370
7561 16747
7588 15387
7622 7619
7640 3034
7814 14423
7831 7286
7843 2929
7843 13070
7846 5303
7846 10556
7858 32
7858 7355
7858 10055
7884 12848
7894 11177
7907 13312
7920 3475
7921 3475
7924 13963
7926 11358
7927 11358
7931 13963
7932 11358
7940 3503
7944 565
7956 4686
7956 18222
7974 4887
7977 3475
7977 6681
7978 3475
7978 17152
7978 17166
7979 3475
7995 2960
8004 2960
8004 4062
8006 2960
8008 2960
8008 4062
8079 17021
8106 13312
8108 2940
8254 8251
8261 8254
8262 8261
8264 8261
8347 7231
8347 7286
8347 9290
8347 11177
8352 8351
8364 239
8364 1232
8364 2003
8364 3657
8364 3915
8364 3917
8364 3918
8364 3921
8364 3926
8364 7123
8364 7231
8364 7285
8364 8347
8364 8355
8364 9288
8364 11518
8364 11519
8364 11530
8364 11759
8364 15177
8364 15492
8364 19330
8388 8364
8451 8447
8501 2881
8501 8364
8502 2881
8522 4074
8535 4692
8565 8566
8566 2940
8566 3035
8611 9661
8622 1852
8641 2940
8660 15434
8681 3034
8681 15434
8683 8680
8683 15434
8684 15434
8686 15434
8688 8680
8688 8681
8688 8683
8688 8684
8688 8686
8688 15426
8688 15434
8688 15437
8691 8688
8691 15434
8705 8688
8708 8688
8880 664
8898 6414
8898 6428
8905 17005
8907 2917
8907 2953
8916 3034
8916 15685
8923 532
8923 4738
8923 9661
8923 13014
8923 19291
8978 9945
9035 653
9037 9945
9040 19
9040 22
9040 7285
9040 9995
9040 10531
9042 22
9045 6137
9057 736
9062 1962
9067 15274
9109 1852
9109 1860
9109 2960
9109 7995
9109 7997
9109 8004
9109 8006
9109 8007
9109 8008
9112 9109
9116 9109
9122 9124
9124 2960
9124 4062
9124 9109
9124 16764
9125 2960
9125 9109
9127 9109
9133 9109
9135 9109
9139 9109
9143 8007
9143 8008
9143 9124
9143 9135
9143 9139
9144 9109
9146 9109
9146 9143
9150 4062
9150 9109
9152 2960
9152 9109
9153 2960
9153 9109
9154 2384
9154 9109
9154 9143
9155 9109
9158 9109
9159 2960
9159 9109
9161 9109
9162 1852
9162 8006
9162 8007
9162 8008
9162 9124
9162 9133
9162 9135
9162 9144
9162 9146
9162 9152
9162 9153
9162 9154
9162 9158
9162 9161
9163 9162
9170 9166
9170 9169
9171 9166
9182 9109
9182 9162
9185 8672
9185 9109
9230 15322
9264 16037
9291 3497
9291 3508
9291 3510
9291 12551
9291 17852
9291 17860
9371 2917
9561 9549
9562 3878
9562 7238
9562 9559
9580 9569
9583 9569
9599 7250
9599 7251
9599 7254
9599 7260
9599 7262
9599 9542
9600 8254
9641 7123
9641 7124
9643 19545
9692 9691
9705 8446
9705 9700
9705 15179
9712 6134
9790 2917
9820 12073
9820 12075
9820 12076
9820 12082
9820 12084
9820 12086
9820 12091
9820 12093
9820 12095
9820 12099
9820 12102
9820 14411
9820 14440
9820 15368
9820 15369
9820 15370
9820 16746
9820 16747
9820 16748
9824 12102
9825 12102
9832 12102
9833 12102
9836 9820
9841 15368
9876 4079
9879 4079
9879 9876
9879 11701
9942 8428
9942 16584
9942 16818
9942 16828
9942 16830
9942 16837
9942 16839
9942 17627
9945 506
9945 4861
9945 7367
9945 8428
9945 9791
9945 9937
9945 9940
9945 9942
9945 16572
9945 16573
9945 16816
9945 16828
9945 16831
9945 16837
9945 17627
9945 17632
9972 664
9975 11523
9991 653
9991 664
9992 664
9992 13312
9993 664
9995 653
9995 660
9995 664
9995 3034
9995 8364
9995 9641
9995 11523
9995 13312
9995 13333
9998 653
9998 660
9998 664
9998 2881
9998 3034
9998 13312
9999 2881
10006 664
10006 3034
10006 7355
10006 8364
10006 17951
10007 664
10007 13312
10008 19545
10055 7858
10055 15833
10070 10074
10072 10074
10076 10072
10076 10074
10078 10070
10078 10072
10078 10074
10078 10076
10079 10074
10079 10076
10079 10078
10081 10074
10090 10074
10092 10072
10094 10072
10095 10074
10095 10076
10095 10078
10097 10072
10097 10074
10097 10076
10097 10078
10097 10079
10097 15605
10100 10078
10106 10073
10106 10074
10106 10076
10106 10078
10106 10079
10106 10081
10106 10092
10106 10097
10142 8520
10162 8203
10162 11216
10163 10162
10250 8008
10252 9162
10256 9109
10257 9124
10258 2960
10258 4039
10258 4062
10258 9109
10258 9143
10258 9162
10258 10250
10260 9124
10263 3117
10263 11427
10263 17438
10267 2960
10269 9109
10270 9109
10271 9109
10271 9162
10272 4039
10272 4062
10272 4063
10272 9109
10272 10250
10275 9109
10282 653
10282 4046
10282 10286
10283 8978
10286 9109
10286 9162
10287 9109
10288 2960
10288 9109
10288 9143
10288 9162
10289 9109
10293 4062
10293 9109
10293 9945
10361 7956
10361 7957
10361 9669
10361 9995
10361 11877
10361 16497
10396 2280
10405 5303
10406 5303
10406 5304
10451 11466
10556 542
10556 1548
10556 1549
10717 7123
10734 15274
10735 15274
10749 2002
10749 7465
10750 7465
10750 11180
10757 8364
10787 11955
10985 3784
11001 8347
11032 3034
11121 10985
11175 1852
11175 2960
11177 1237
11177 3034
11177 3645
11177 8347
11177 12380
11177 13927
11177 15177
11177 20235
11180 10750
11184 7465
11206 9820
11217 10074
11217 10076
11217 10078
11218 10070
11218 10072
11218 10074
11218 10076
11218 10078
11218 10079
11218 10095
11218 10106
11221 10074
11221 10076
11221 10078
11221 10097
11221 11218
11246 9569
11282 17881
11288 9599
11305 9599
11306 9599
11310 9599
11312 9599
11314 9599
11319 9599
11324 9599
11327 9599
11330 9599
11335 9599
11336 9599
11340 9599
11341 9599
11342 9599
11343 9599
11345 9599
11346 9599
11358 7123
11359 11358
11385 8364
11388 8364
11389 8364
11390 8364
11393 6679
11393 10988
11393 11385
11405 8364
11407 8364
11409 1111
11409 1138
11409 1584
11409 5100
11409 5105
11409 6158
11409 6161
11409 6166
11409 7373
11409 8364
11409 8978
11409 11393
11409 11400
11409 11403
11409 16394
11409 16395
11409 16397
11409 16779
11409 17437
11409 17438
11409 17439
11409 17440
11409 17441
11410 8364
11411 8364
11412 8364
11412 11409
11413 8364
11413 11409
11413 13029
11414 8364
11414 11393
11414 11409
11414 13029
11414 16394
11414 17441
11415 8364
11415 11409
11415 13029
11416 1137
11416 8364
11416 11409
11416 13029
11416 17440
11417 8364
11419 9876
11419 13029
11420 8364
11420 11409
11421 8364
11421 11393
11421 11409
11422 8364
11422 11409
11425 11409
11426 11409
11427 8364
11427 11393
11427 11409
11459 17178
11466 4686
11497 12846
11516 3034
11516 4738
11516 9876
11516 13014
11516 15274
11516 17952
11517 4738
11517 11523
11517 13014
11518 3034
11518 3733
11518 4433
11518 4738
11518 7124
11518 11523
11518 17951
11519 3733
11519 4738
11519 8364
11519 13014
11521 4738
11521 9876
11521 13014
11523 239
11523 528
11523 672
11523 770
11523 1093
11523 2002
11523 3034
11523 4022
11523 4822
11523 5740
11523 5807
11523 5941
11523 6259
11523 7084
11523 7365
11523 7940
11523 9026
11523 9975
11523 9995
11523 10514
11523 10517
11523 10518
11523 11144
11523 11179
11523 11517
11523 11518
11523 11519
11523 11521
11523 12360
11523 12636
11523 12637
11523 13594
11523 13686
11523 13927
11523 14042
11523 14044
11523 14051
11523 14053
11523 15079
11523 15177
11523 17111
11523 19073
11523 19196
11523 19617
11524 4738
11524 9879
11524 15274
11529 15956
11534 6475
11535 6475
11536 6475
11536 15685
11537 15685
11568 15622
11705 11704
11750 2917
11955 10787
12071 3883
12074 3892
12075 3890
12075 5133
12075 5134
12075 10678
12078 3883
12078 10717
12078 17812
12082 3944
12082 5134
12082 10678
12082 12075
12082 13553
12082 17715
12090 8565
12090 10717
12093 8565
12093 8566
12093 10717
12095 8565
12095 8566
12102 2614
12102 3890
12102 4994
12102 5127
12102 5134
12102 5266
12102 5268
12102 5269
12102 5273
12102 7452
12102 8565
12102 8566
12102 9677
12102 10542
12102 10678
12102 10717
12102 11690
12102 11884
12102 11886
12102 11887
12102 12069
12102 12070
12102 12074
12102 12075
12102 12076
12102 12077
12102 12082
12102 12084
12102 12090
12102 12093
12102 12095
12102 12098
12102 12783
12102 12800
12102 13965
12119 10717
12119 12102
12119 15368
12175 13312
12194 2454
12194 4839
12194 12365
12198 4839
12199 12194
12222 17559
12254 12102
12276 17768
12293 16779
12295 8364
12298 8364
12299 8364
12300 8364
12301 8364
12320 746
12320 3980
12351 653
12351 2881
12351 3034
12353 2881
12354 2881
12354 3034
12354 15685
12354 17951
12356 17951
12360 3034
12360 3037
12361 3034
12361 3037
12362 3034
12365 2883
12365 3034
12365 3733
12365 7124
12365 9373
12365 9705
12365 9876
12365 10556
12365 13278
12365 13302
12365 13312
12365 15685
12365 17005
12365 17951
12366 12846
12380 2873
12380 11177
12417 6659
12503 68
12508 12075
12513 15434
12517 12102
12529 9945
12544 57
12550 11358
12550 15905
12550 17021
12550 17450
12551 2672
12551 10475
12551 11358
12551 15905
12551 17019
12551 17020
12551 17021
12551 17450
12552 17021
12578 9669
12582 12075
12597 1580
12597 1584
12597 2899
12597 2900
12597 2902
12597 2904
12597 3948
12597 4384
12597 5266
12597 5268
12597 6758
12597 6759
12597 6770
12597 6772
12597 6773
12597 6774
12597 6786
12597 16779
12598 2002
12598 2003
12599 17021
12620 13014
12636 11523
12637 11523
12643 727
12643 2002
12643 3289
12643 11184
12691 11177
12691 13014
12699 7010
12699 11409
12699 11414
12699 11419
12699 11427
12699 17332
12712 9879
12767 11704
12780 4178
12780 5961
13014 1234
13014 1237
13014 1771
13014 2002
13014 2003
13014 3645
13014 3646
13014 4003
13014 4738
13014 6259
13014 8923
13014 11519
13014 12620
13014 12691
13014 15083
13070 565
13070 1735
13070 10772
13070 10787
13076 1735
13076 9661
13233 9686
13246 19
13274 4129
13278 7122
13278 13302
13278 15678
13278 16247
13278 17921
13278 18198
13278 19232
13278 19988
13299 13300
13302 17332
13302 19988
13312 211
13312 1794
13312 3034
13312 4118
13312 4681
13312 4840
13312 6112
13312 6143
13312 6144
13312 8106
13312 9866
13312 12175
13312 12186
13312 12187
13312 12192
13312 13313
13312 13315
13312 13621
13312 15622
13312 17332
13312 17920
13312 17922
13312 18198
13312 18203
13313 6143
13313 13312
13315 5040
13315 13312
13329 13312
13333 1962
13333 3034
13333 5134
13333 12075
13333 12082
13333 12086
13333 12093
13333 12102
13333 13312
13346 5050
13346 17768
13358 9945
13431 6029
13432 2005
13432 16515
13449 17952
13453 13452
13547 12102
13548 12102
13553 12082
13594 8364
13621 13312
13621 13347
13621 17332
13621 17768
13636 13312
13636 13347
13642 8514
13671 17021
13888 4240
13889 4240
13914 46
13914 8364
13914 12780
13927 11177
13930 211
13930 2526
13930 2598
13930 3035
13930 5961
13930 8918
13930 17953
13931 211
13931 2598
13932 211
13932 2526
13932 4843
13932 5961
13932 13930
13963 4579
14032 14030
14053 213
14053 11523
14423 6182
14609 46
14680 13312
14717 6414
14717 6428
14727 653
14741 6227
14741 9992
14741 9993
14741 9995
14741 17005
14761 12102
14858 8445
14939 14937
15075 11523
15076 11523
15077 11523
15079 11523
15079 12643
15083 13014
15095 9661
15132 15905
15132 17019
15177 13312
15212 3733
15227 12870
15274 19098
15321 7465
15323 15321
15352 565
15368 1556
15368 1559
15368 2678
15368 2679
15368 3760
15368 3779
15368 6006
15368 7486
15368 10505
15368 11887
15368 12793
15370 15368
15470 565
15470 1735
15470 13070
15470 13076
15488 15370
15598 12082
15598 12102
15622 2882
15622 2917
15678 13278
15678 13290
15685 17920
15685 17922
15820 601
15823 11177
15856 12102
15905 5998
15905 8923
15905 8924
15905 9661
15906 8924
15906 14717
15912 8924
15912 15905
15914 8923
15926 5998
15948 17930
16055 8445
16061 2917
16062 16063
16066 9569
16066 10503
16113 16090
16236 13070
16237 3510
16238 3497
16238 9661
16238 13070
16246 5761
16246 5763
16246 6592
16246 9975
16246 11596
16247 13278
16247 16246
16274 17005
16278 4240
16299 7079
16497 10361
16520 15274
16526 15274
16527 15274
16726 15632
16726 15633
16731 16726
16747 3892
16747 10678
16749 2917
16751 12102
16751 15368
16755 12102
16799 5252
16799 8520
16837 2995
16963 8414
17005 1962
17005 3008
17005 7256
17005 8501
17005 8502
17005 10505
17005 11114
17005 11144
17005 12365
17005 13333
17005 16581
17005 16982
17005 16983
17005 17002
17010 8364
17017 15685
17019 6259
17019 8916
17019 8923
17019 8924
17019 9998
17019 12348
17020 1764
17020 7123
17020 8923
17020 8924
17020 12365
17020 17019
17021 1771
17021 2224
17021 4079
17021 8923
17021 8924
17021 10492
17021 17019
17021 17020
17022 15905
17023 15905
17028 3034
17030 8923
17061 3878
17061 9549
17061 9561
17061 9562
17061 13031
17061 13032
17061 14220
17061 16838
17131 17125
17152 9423
17178 9040
17178 13312
17187 15368
17211 7355
17213 6129
17216 2241
17242 17241
17280 17021
17281 12454
17284 1277
17284 1305
17284 1337
17284 12454
17284 13070
17285 3510
17285 12454
17286 9661
17286 12454
17332 1794
17332 2454
17332 4839
17332 9995
17332 11032
17332 11037
17332 13299
17332 13302
17332 13312
17332 13324
17332 13621
17332 17920
17332 17921
17332 18111
17333 13312
17334 2882
17334 13302
17334 13312
17336 2882
17336 13302
17336 13312
17767 16714
17768 5050
17768 7367
17768 16714
17897 17891
17920 2882
17920 13302
17920 13312
17920 17332
17921 1962
17921 10556
17921 13278
17921 13312
17921 17332
17922 13312
17951 3034
17951 4839
17951 7415
17951 8364
17951 8502
17951 11518
17951 15212
17952 3034
17952 8364
17952 15212
17952 17951
17962 8445
18106 17676
18189 8611
18189 17061
18198 2917
18198 6137
18198 7355
18198 9942
18198 9945
18198 13278
18198 13302
18198 13312
18198 13333
18198 17768
18201 14491
18203 2917
18203 7355
18203 13312
18203 17768
18222 17145
18222 18199
18242 605
18258 1955
18272 2035
18331 3090
18339 7085
18339 19599
18339 19766
18339 19905
18339 20142
18339 20327
18348 20164
18348 20188
18349 19864
18351 19584
18351 19766
18351 20142
18351 20188
18370 20164
18370 20490
18378 20164
18379 19584
18379 20000
18379 20043
18379 20164
18379 20188
18379 20201
18379 20483
18379 20490
18385 20043
18389 20164
18391 19758
18391 19864
18391 19900
18391 19905
18391 20000
18391 20164
18391 20188
18392 19584
18392 20164
18392 20188
18392 20201
18392 20471
18401 20188
18402 18399
18402 19584
18402 19599
18402 19766
18402 19864
18402 19883
18402 19905
18402 19998
18402 20000
18402 20019
18402 20020
18402 20043
18402 20188
18402 20310
18402 20347
18402 20500
18404 19864
18407 19864
18407 19900
18408 20188
18409 19864
18409 20000
18409 20043
18409 20188
18413 19864
18413 19900
18413 20000
18413 20164
18435 15370
18440 6960
18455 2917
18461 9942
18461 9945
18514 20043
18518 19864
18518 20023
18530 19864
18602 18599
18605 18599
18605 18602
18614 11860
18648 9562
18648 17061
18761 5968
18851 13312
18860 13312
18865 18850
18866 18850
18888 5304
18934 8355
18995 18988
19009 8688
19044 12102
19045 12102
19045 12597
19046 12597
19047 12102
19047 12597
19048 673
19048 674
19048 2900
19048 2902
19048 4384
19048 5268
19048 5972
19048 12095
19048 12102
19048 12597
19056 12102
19057 12102
19057 12597
19073 11523
19098 3892
19098 16665
19132 8611
19139 1852
19139 10258
19149 3034
19155 11523
19170 7373
19170 7977
19170 9427
19170 17010
19170 17857
19170 17860
19170 17862
19175 9562
19175 17061
19188 8364
19196 11523
19199 1338
19204 2917
19204 19048
19224 5045
19224 18850
19225 18850
19229 16246
19229 18850
19231 18847
19231 18850
19232 4686
19232 13278
19232 13290
19232 16246
19232 18850
19232 18866
19239 3707
19240 3707
19255 15491
19291 4738
19291 8923
19303 9942
19303 9945
19307 9942
19307 9945
19316 5040
19316 11077
19327 11523
19349 11523
19424 11235
19529 5256
19540 5216
19545 4680
19545 7010
19545 9643
19545 11177
19547 19546
19551 1098
19551 3117
19551 6259
19551 14265
19551 15491
19551 17909
19558 3738
19558 4839
19558 10717
19558 12069
19558 12070
19558 12075
19558 12086
19558 12090
19558 12093
19558 12095
19558 12102
19558 12103
19558 12254
19558 16492
19558 18203
19584 5302
19584 7085
19589 19590
19590 10009
19590 11518
19590 11519
19592 19584
19599 19584
19617 11523
19627 3617
19736 19584
19737 11523
19750 19584
19758 19584
19766 5302
19766 19584
19766 19599
19766 19736
19766 19758
19770 19584
19773 19766
19798 11523
19799 11523
19854 5398
19854 5403
19854 5923
19857 19854
19859 19766
19860 19592
19864 19584
19864 19736
19864 19738
19864 19761
19864 19770
19864 19859
19866 19631
19869 7124
19879 19883
19880 19584
19883 19758
19883 19768
19891 19880
19892 19864
19900 19584
19900 19766
19900 19859
19903 19866
19905 19584
19905 19766
19905 19859
19906 19883
19907 19584
19907 19766
19911 19883
19926 19854
19933 19854
19935 1313
19935 2257
19935 9580
19935 16066
19935 19854
19938 1313
19938 2257
19938 19854
19939 1215
19939 1313
19939 9554
19939 9580
19939 9583
19939 19854
19943 19939
19944 19935
19976 13579
19988 46
19988 2882
19988 5303
19988 10556
19988 13278
19988 13302
19988 13312
19992 8926
19998 19864
19998 19900
19998 19905
20000 7085
20000 19584
20000 19756
20000 19766
20000 19770
20000 19858
20000 19859
20000 19860
20000 19864
20000 19883
20000 19892
20000 19905
20007 19584
20007 19766
20014 19584
20015 19584
20019 19584
20020 19584
20020 19736
20020 19758
20020 19773
20020 19864
20020 19907
20020 19911
20023 19766
20023 19770
20023 19859
20023 20011
20025 19766
20029 20020
20043 5302
20043 19584
20043 19599
20043 19736
20043 19758
20043 19766
20043 19768
20043 19770
20043 19772
20043 19773
20043 19777
20043 19860
20043 19864
20043 19879
20043 19880
20043 19883
20043 19892
20043 19900
20043 19905
20043 20000
20043 20007
20043 20020
20043 20023
20043 20029
20051 19584
20051 20043
20064 9879
20065 19864
20065 20043
20071 1305
20071 7976
20071 13070
20079 10272
20102 11409
20102 11422
20118 13278
20131 2593
20132 3034
20132 4433
20141 19858
20141 19866
20141 20043
20142 19736
20142 19773
20142 19899
20142 19907
20142 20015
20142 20043
20149 7085
20163 19766
20163 20043
20164 7085
20164 19584
20164 19756
20164 19766
20164 19770
20164 19771
20164 19858
20164 19859
20164 19879
20164 19880
20164 19883
20164 19884
20164 19905
20164 19906
20164 19923
20164 19998
20164 20011
20164 20019
20164 20020
20164 20043
20164 20142
20175 20043
20182 20164
20188 5302
20188 19584
20188 19592
20188 19599
20188 19631
20188 19736
20188 19745
20188 19758
20188 19766
20188 19768
20188 19770
20188 19771
20188 19859
20188 19864
20188 19879
20188 19880
20188 19883
20188 19884
20188 19892
20188 19900
20188 19905
20188 19906
20188 19998
20188 20000
20188 20007
20188 20019
20188 20020
20188 20043
20188 20065
20188 20141
20188 20142
20188 20158
20188 20161
20188 20163
20188 20164
20189 19905
20193 19864
20195 19864
20201 7085
20201 19766
20201 19864
20201 19905
20201 20043
20201 20188
20204 19766
20204 19864
20204 19905
20204 20020
20204 20188
20224 1852
20235 11177
20273 20272
20275 20272
20299 20043
20299 20188
20306 20188
20307 20164
20310 19883
20310 20043
20310 20164
20310 20188
20313 20043
20315 20164
20315 20188
20316 19864
20316 20043
20316 20142
20316 20188
20319 19584
20319 19766
20319 19864
20319 20164
20319 20188
20326 19584
20327 19584
20327 19766
20327 20000
20327 20043
20327 20164
20327 20188
20327 20201
20328 20043
20333 19584
20333 19766
20334 20043
20339 19584
20339 19883
20339 20043
20347 20164
20351 20164
20355 19864
20402 7944
20402 9610
20417 20415
20423 10076
20423 10090
20423 10100
20423 11218
20423 20415
20423 20417
20434 20043
20446 19766
20446 19864
20446 19900
20446 19905
20446 20000
20446 20023
20446 20164
20446 20175
20450 19584
20450 19766
20450 19864
20450 19891
20450 20020
20450 20043
20450 20142
20450 20188
20451 20188
20471 7085
20471 19766
20471 19864
20471 20000
20471 20020
20471 20043
20471 20188
20471 20347
20475 20043
20477 20471
20478 20164
20478 20188
20478 20450
20479 20000
20479 20164
20483 5302
20483 7085
20483 19584
20483 19599
20483 19758
20483 19766
20483 19770
20483 19864
20483 19883
20483 19900
20483 19905
20483 20000
20483 20020
20483 20023
20483 20043
20483 20141
20483 20142
20483 20164
20483 20188
20483 20201
20483 20347
20483 20438
20483 20479
20490 7085
20490 19770
20490 19905
20490 20019
20490 20020
20490 20142
20490 20188
20490 20347
20490 20479
20500 19880
20500 19907
20500 20020
20500 20043
20500 20319
20500 20450
20500 20471
20500 20483
