57
58
53
50
34
79
116
237
40
158
198
150
51
200
64
303
52
62
197
671
56
662
84
85
1087
54
29
701
125
199
588
94
432
171
259
463
132
333
1000
1
221
455
110
18
201
117
313
660
191
2018
2013
306
317
12
246
798
434
2385
400
224
1413
209
597
842
626
377
958
388
97
136
63
766
230
22
176
308
25
824
95
1200
1096
301
703
957
101
9
795
1210
430
1766
898
994
1633
287
934
814
27
320
1674
44
485
633
163
196
829
737
289
629
74
653
1646
1222
1609
138
612
60
98
252
608
227
821
568
1598
1121
473
469
693
2253
370
462
689
2177
2126
1097
774
1649
1924
428
638
265
686
2238
325
1509
741
579
359
389
1481
550
362
1482
179
1783
1962
188
1138
839
562
279
156
553
951
1047
918
14
1624
314
558
337
1644
401
257
165
475
2034
1321
729
175
307
1110
319
1016
1726
528
845
921
386
1053
318
1149
2064
2550
115
2575
931
184
585
2706
952
725
970
1999
32
1384
348
161
1346
1223
707
745
2675
1497
621
1400
545
274
556
2690
233
1474
431
394
1189
1484
310
560
1098
738
45
143
647
1112
133
509
2120
910
366
2056
997
2687
1464
1556
2051
1370
2651
1780
2293
186
1821
2401
130
391
278
323
954
410
1655
783
1219
7
89
1381
126
1054
659
1496
610
1446
1052
2652
141
355
1920
342
564
452
37
698
1616
758
1932
709
154
1607
810
596
551
833
742
1132
30
15
20
584
669
166
1577
240
871
256
1820
1937
1587
1778
281
1329
327
1431
635
1605
1822
1700
187
2058
1350
105
743
1804
1792
691
243
2113
447
1072
213
1122
620
2477
1394
2649
2400
2541
920
710
718
713
2648
2542
42
800
1129
350
352
1378
1770
715
286
407
2115
2280
1167
387
1397
719
1037
445
877
543
206
2071
837
1137
349
331
378
1341
1108
892
1030
717
2172
2180
137
754
444
1148
2123
1737
182
936
148
429
23
1827
345
863
120
2009
424
1851
1517
1113
268
88
288
1908
2512
1610
2189
2473
169
441
2470
1705
248
1082
2518
111
113
2360
497
2329
1237
2309
1063
1062
655
1663
77
1415
1498
1636
1326
2731
999
1015
1042
1348
983
991
1111
1785
1457
873
866
1479
2420
1543
334
2424
2027
848
1455
834
768
140
1589
2520
1614
2524
750
2535
1990
299
1560
486
1435
949
2728
1433
1114
1099
226
687
1746
692
2163
399
696
1707
271
746
2568
2318
2192
981
2546
759
443
2199
1645
969
2234
2260
425
273
2128
255
296
590
293
292
1782
1425
602
419
611
103
1764
644
1760
382
679
1759
1976
2311
624
548
2314
2709
1215
1949
0
1225
1226
1227
1232
1263
1305
1306
1307
1308
1312
1315
1317
1318
1319
1333
1334
1337
1338
1340
1224
1342
1217
1205
1120
1127
1133
2734
2162
2161
2160
2159
2158
2153
657
2152
2148
2134
2118
2117
706
2112
2149
656
648
639
578
580
581
591
592
598
599
618
2719
2720
1625
2503
2504
929
1729
576
250
249
930
575
2228
2229
242
241
1612
1007
1105
1911
1912
1109
2501
2500
1728
2482
2483
2377
1869
1176
1177
1180
2188
1184
1185
2187
2186
2469
1196
1197
2474
284
283
2475
2476
1884
277
1172
276
1169
321
1690
2413
2414
1601
193
194
1727
1566
1567
1568
1569
1570
881
882
1926
2545
2544
1925
1575
1576
2368
1593
1592
632
1914
992
2529
2555
2530
891
765
1152
1153
1156
554
1858
1859
1146
1168
566
567
1861
1642
1641
933
1860
266
1145
544
519
985
984
338
1693
1118
546
1119
2378
2380
2381
2590
152
153
2589
1950
1718
1717
840
372
1716
2582
2581
1794
2290
1712
1711
1083
2289
1795
170
1715
373
2595
832
2713
2712
2307
235
1969
1493
1494
1968
2616
449
2615
2306
357
356
1596
458
2304
819
1595
234
2106
1486
1485
1468
1469
1775
376
1748
1628
2397
2398
2316
2315
106
1627
107
2631
2630
2629
1891
1630
2404
2632
1473
1626
788
75
1988
1987
1579
2326
2325
1459
1460
1388
860
177
2323
178
861
1466
1465
180
1463
1462
1461
422
421
418
417
416
415
411
1996
1997
2333
2001
2002
2003
503
631
2700
2699
723
2570
1797
380
2068
1344
1343
2069
831
724
381
1603
1678
1679
482
2275
483
1513
851
1539
1538
1055
850
2286
744
2362
2031
2032
1391
1390
747
2024
1351
2023
2361
19
1676
17
1675
1938
1936
1802
1801
1800
1362
1363
2045
6
5
2046
1799
1374
