76
114
165
151
291
155
292
127
261
172
301
152
154
149
177
208
166
631
183
421
178
221
2958
254
153
187
160
173
366
99
263
162
204
211
156
367
3042
2
989
80
195
370
988
123
55
320
299
369
368
1171
417
100
209
583
272
495
589
87
373
13
1107
3039
277
3041
43
91
486
289
1
46
5
1507
118
497
613
407
401
557
542
330
773
3347
159
2604
51
158
563
621
964
482
494
2608
673
1383
479
341
1465
674
653
264
2851
85
1247
772
197
321
3
1010
671
1103
1569
1138
101
1016
527
1100
337
1225
771
559
1168
98
7
399
853
336
443
1065
824
335
452
1431
1022
480
788
569
774
331
1030
561
212
430
870
245
1152
304
1294
44
302
3111
2492
295
103
578
728
730
691
2027
704
2502
2014
514
790
1359
481
936
712
89
4
1124
102
2176
2046
806
1529
1349
322
1129
1180
3372
546
624
1879
651
625
851
710
259
697
161
967
1109
1445
2664
601
1240
1344
1125
223
2086
1745
170
60
96
1841
2850
1408
1197
858
717
3348
862
3315
533
2780
265
3225
426
32
318
632
2118
593
860
2207
1523
827
595
138
1317
1289
660
838
206
581
690
876
2514
45
504
1210
594
567
389
1504
552
191
129
496
1622
2654
1135
963
436
861
1678
819
240
857
72
1262
2227
2138
455
549
2965
84
1009
356
1243
94
1698
1273
1348
588
308
281
965
1958
484
1114
911
1123
29
913
143
3172
463
1314
2097
1085
487
2843
1860
1570
1621
144
2070
822
960
1350
1598
135
376
962
388
377
1888
2074
706
800
544
95
378
2726
305
1847
82
2367
1309
891
1545
1882
1908
316
998
1020
1330
97
1925
182
470
307
1106
1370
346
1833
599
1953
450
392
409
2470
1389
796
1087
391
1767
278
2066
637
2494
826
1387
666
1995
531
1458
1743
2068
548
833
1208
2519
294
940
606
3124
888
564
1749
2760
282
379
338
3028
797
801
535
803
836
163
1480
2402
3431
53
238
3029
2913
1500
1457
499
646
3450
1234
2751
1325
1744
319
350
2439
2443
0
2040
1877
1945
592
1906
2647
339
2363
538
2364
603
2337
1901
383
2362
1233
1820
2899
1739
2078
510
1321
810
1634
2079
2091
1250
2430
1305
1102
2022
2023
2812
856
1726
3174
1267
2274
508
808
2052
2756
429
3240
948
334
333
950
3367
933
2124
2401
1553
1366
1127
1211
131
1269
364
663
529
1126
1256
1728
1557
2403
2483
3273
1688
1754
164
2133
3253
1304
3366
3226
700
2497
1095
3413
784
3179
27
1402
575
395
809
766
78
2819
1261
3182
40
2732
3275
2544
2391
807
1012
2216
905
2817
2816
906
1013
2815
42
2213
1285
506
1584
1337
1116
3232
1132
952
536
791
2727
351
1566
2774
74
3375
1271
313
935
2269
3010
1585
181
2236
2789
2658
958
630
2076
120
1723
1629
656
408
249
1818
2038
2831
1826
1185
1115
448
139
568
328
2032
414
793
2586
1834
1887
708
1471
1184
347
1892
411
2000
1175
566
1164
359
1157
2863
451
327
554
814
1862
722
591
956
2410
703
1001
2473
1014
1334
664
1062
1917
500
1286
1140
1149
381
923
1940
2270
174
854
1700
880
2243
2003
1631
769
1345
3379
233
2366
375
586
3031
2783
686
2798
374
2012
2802
2809
2937
1205
394
2463
587
1740
842
402
403
1884
829
441
521
2610
2599
2867
3120
3119
2868
1738
1840
2010
262
966
1614
2969
1612
604
2386
2579
976
1720
386
1088
582
1280
2865
2117
3385
2615
134
1512
1528
1697
2007
1533
1985
435
1541
2921
445
2567
3121
454
3118
3430
1142
2145
2339
63
2620
1560
1363
2935
1865
2498
65
2202
1628
3446
1368
1974
526
1859
2637
1037
2026
1253
2457
1237
1761
284
928
931
2228
2539
579
877
3279
248
2222
585
1474
524
220
3465
3091
2561
909
1018
22
1935
458
2326
461
2273
1459
1836
1177
665
2345
489
598
1842
3218
1602
1933
2378
2179
2730
968
1756
1391
243
3349
1755
3478
3477
1446
576
577
1444
1442
1441
1438
1437
573
1868
1433
1432
2962
1428
2220
2221
2955
2954
2225
2966
572
2980
2981
2178
1479
1478
2184
2186
1078
3011
539
2949
1854
2120
427
1536
1537
1538
423
1539
1236
3113
419
418
1235
1542
1543
834
835
2382
2388
3134
2387
1559
2104
1230
3105
841
405
406
840
1550
1231
2383
2109
432
1839
2997
2984
1410
1406
2230
2234
3003
2235
2239
2240
2242
2947
2946
2945
2237
3004
2188
2542
3043
2162
2163
501
502
503
1455
1453
509
3027
512
513
3026
1450
1449
2649
2752
2750
2749
817
818
2724
2708
859
2701
2698
2697
2687
887
2674
2673
2753
2672
805
2764
2838
2837
714
715
2834
725
726
729
731
748
752
2796
2795
775
3293
1979
777
2069
1637
683
682
1641
1642
1108
3277
3278
2452
2855
1105
1104
1968
1967
1633
3265
3264
1632
260
447
258
2848
3249
3250
3251
3252
3285
2849
1625
1626
2477
1605
1606
1990
1989
3258
2141
2142
1991
1982
2309
3061
3060
3056
3055
1255
1258
1981
3049
3070
1120
3228
2841
1133
1130
687
271
270
1245
449
1593
2427
1595
1596
3471
3472
2058
2057
1514
344
343
2371
1521
1522
3178
1526
326
325
3191
3192
309
2372
1511
2631
1510
372
371
2357
2067
1498
1499
362
361
2063
2062
1505
1506
3160
943
2657
1008
140
141
3360
3359
2348
1265
2931
2930
3364
2929
3352
2516
2515
2928
2927
2926
1264
2347
2344
2343
3353
3365
1007
1374
1851
1852
3213
111
112
2262
1855
3464
3463
1357
3374
124
125
2411
2412
661
2354
2939
659
658
438
437
657
2154
2153
2342
2938
2341
2355
1276
2635
2636
1709
1708
92
93
1282
1706
1275
3401
2553
3458
3457
2322
2323
1943
1944
1946
626
2250
2249
2248
2247
1355
1354
1830
2467
2643
2642
3409
3410
83
81
3417
3418
2031
73
2030
71
1287
957
1288
1346
3098
3312
1895
1802
1801
930
1799
1798
929
3436
3437
694
52
3296
3440
48
1716
1717
3444
3445
286
698
699
287
3100
2889
2890
2892
1920
1919
2893
2894
926
2895
1221
1896
2613
1326
1327
1779
3454
3453
1780
1136
1137
921
922
2496
3205
3204
3203
3202
938
939
1905
1904
2903
2904
2915
2916
1722
1724
2495
1727
2612
1734
1729
1733
1731
1732
2596
