131
148
210
212
158
203
207
198
211
215
279
208
319
727
1569
1093
1096
202
1193
232
1092
527
1214
196
729
206
731
231
490
1101
1106
226
234
1230
304
233
141
67
728
197
204
94
421
439
798
68
901
422
331
166
82
1215
1097
1224
921
349
129
1104
135
3517
920
1559
97
294
1103
1141
721
115
4
427
687
118
52
460
493
125
99
218
420
428
456
3736
1236
3
532
250
161
1410
29
282
252
128
139
484
1256
1011
237
1235
229
1108
3175
340
1100
717
199
95
512
280
2701
547
400
784
77
276
1599
154
514
418
1132
184
1988
322
371
230
333
62
1977
123
1397
1008
1377
917
782
945
2711
890
299
12
778
1431
634
236
151
675
376
10
1185
79
479
275
978
358
367
110
976
312
409
425
1922
761
1592
551
689
829
2098
1231
1764
1598
239
228
100
2100
1167
46
357
1325
487
1504
660
1305
86
489
692
84
2707
807
676
507
1203
1060
16
1306
509
102
1893
334
266
256
819
1390
1202
1509
111
56
412
1209
485
1672
253
1045
936
1174
214
549
773
1637
722
1285
174
242
85
1056
2755
919
685
1973
513
277
453
1435
2104
530
317
1266
478
1257
1596
3754
510
2569
401
2514
2218
916
971
866
1723
269
3114
2846
1937
19
301
902
1825
1744
1910
303
1702
608
1527
3728
1642
983
1606
796
366
1547
1329
545
1872
708
1665
1537
609
1083
1077
163
402
1337
694
940
496
1322
462
65
928
167
578
1415
589
105
209
636
482
584
565
87
1762
1419
48
582
1873
3822
293
540
2486
3941
518
1328
643
1241
298
1049
416
372
389
247
889
354
730
2127
495
76
338
899
3678
1691
2099
605
1418
2473
1204
145
457
1009
0
970
1145
1846
1693
155
28
2575
1814
447
937
1668
1191
680
541
575
562
908
904
553
1488
1715
2064
1726
1420
557
378
2133
43
1588
857
2907
1532
1742
183
3475
3064
481
3042
310
326
2182
2993
2279
2914
3221
543
1976
3320
800
1597
2175
1332
799
3123
546
1959
3501
640
156
1152
2363
996
642
1351
594
696
1426
618
283
497
1242
146
1464
1243
592
972
645
969
1408
647
3751
175
185
794
3101
80
714
178
1946
760
810
952
973
22
1732
342
109
741
974
443
3886
1746
681
3350
1197
891
1225
776
2201
1772
1820
1200
2699
907
3710
2049
566
2242
221
436
3431
345
2448
1669
823
1776
500
219
127
1486
1954
726
1196
777
108
220
1733
2750
1595
171
801
1634
1220
3502
2438
1267
11
13
704
3093
688
1934
682
194
623
2415
260
1838
690
1771
430
941
1676
1222
664
3400
2944
1722
747
225
1005
779
216
775
774
201
1232
3092
200
375
954
112
1766
953
1795
2147
347
2727
1662
2239
1630
26
415
2012
1021
2762
243
528
668
2386
961
245
2891
924
2872
3186
3355
1462
1784
1515
2191
1244
2406
1516
104
2873
3625
1507
2806
2317
3107
707
1081
356
355
715
1187
176
1349
1857
981
2691
180
3357
1586
107
2808
2804
698
1555
1502
314
2313
2494
2495
992
2103
852
2816
2407
1530
1447
267
164
1179
520
2840
1414
1333
502
2319
621
2165
1062
1029
433
121
599
73
1833
1756
2179
2036
2080
1644
1757
2339
2342
1234
1933
1448
2440
1600
257
568
90
1429
1843
1646
330
1115
648
1989
189
1789
370
2483
738
910
3404
2398
650
3682
3707
1961
498
153
2111
1699
1017
3853
361
9
1781
2694
2280
2471
1074
702
474
701
1309
1625
2435
1169
1648
3538
3821
3681
1425
1335
381
1562
1395
1896
1709
1119
1118
1117
1069
1554
2749
1331
1252
927
3563
470
471
2314
1680
2532
912
755
2109
3629
2747
1821
1818
3696
3873
64
63
1070
1553
1876
739
66
2618
2597
23
1864
572
2052
467
770
396
2148
629
2465
71
656
2752
1275
179
695
2586
2055
2507
3586
1307
2456
1364
3742
2360
1496
630
1645
2151
390
3512
2053
3031
2051
1440
3277
1572
1264
170
1863
360
386
1014
521
1799
1094
51
2534
55
914
930
1432
1348
2385
465
1692
1638
2464
947
1996
1942
2022
2888
3775
3306
720
224
718
1984
3002
3275
3000
1718
259
2126
791
130
2527
2367
820
2577
818
1476
3020
42
1677
1067
248
1460
1458
2312
515
3009
3008
2056
517
1449
1445
790
3054
2366
1917
458
895
670
2601
1939
1635
563
1940
2603
1550
1912
946
713
3202
1338
262
3555
3195
955
126
2422
968
2930
2283
986
451
1721
2153
966
1007
1340
1341
888
1525
3877
2452
1529
542
2183
2170
3518
2177
522
2607
2773
3220
2610
1962
3521
2400
222
766
762
1489
1499
75
753
2759
1522
3338
1480
2704
3117
3363
1619
1620
59
2658
693
686
2644
2702
1652
1479
1438
1022
1052
1057
1079
1088
3143
3084
1110
1113
1441
3161
3045
1172
1201
1919
1303
177
31
2463
494
263
251
604
44
1806
2537
2679
3624
2996
2558
814
1703
377
3747
1375
327
3422
291
5
3943
2838
2967
3485
1836
3708
2520
2014
18
3058
2519
1900
724
2228
3948
723
2526
2528
2529
1667
1666
2530
3317
733
3316
735
736
1673
3312
1657
1656
1655
1654
2540
2541
2543
3296
3295
3290
3289
764
1658
765
1674
2522
677
678
3368
3367
683
2498
2499
1701
3934
3935
3037
1065
1055
3050
3051
1066
1040
3056
3057
1031
3061
3062
1026
3055
1071
1072
1082
3015
1085
1086
1087
3014
1105
1120
1123
1125
2979
2978
1129
1025
1024
1018
2975
3126
956
957
958
3920
3918
616
524
525
991
990
989
1748
3478
3477
3087
3088
3090
1741
1433
1434
2419
548
3097
523
2404
2403
2402
3076
1004
2390
3077
1002
3505
3504
3503
1001
3098
3500
3499
1765
511
2396
3909
3910
2374
2375
488
3515
1403
2693
1409
2692
964
963
962
960
3103
3110
3111
3112
944
3524
939
2705
3529
2715
3547
2356
995
2358
1386
3541
3540
3081
463
3536
469
3535
3534
2710
2709
2881
448
935
934
476
933
932
3129
3134
3135
1719
1717
1716
3139
1714
3140
2348
2347
1368
3559
1796
2324
417
2724
2723
3572
3571
1711
426
2332
429
2722
431
2721
2717
1367
2331
2321
1710
3907
3906
579
2468
2469
2472
1614
3388
3387
3385
620
601
3384
622
624
625
626
627
619
628
600
3406
2455
2457
3419
3418
1160
580
581
3416
3415
1632
2459
587
588
3412
2461
3409
3408
567
3600
388
387
3601
3602
384
383
3603
3605
379
3610
2733
3612
3613
2734
2735
3616
3617
3618
3619
2281
2736
2737
2278
2276
3626
3627
3628
2275
2291
2274
392
3591
2648
2649
1687
2653
2654
3905
3904
897
2298
2297
353
351
2742
2743
1293
346
3635
3636
3637
3638
3427
3639
3640
3641
674
2745
2746
3645
3646
332
2264
2263
1287
2300
3656
2301
2304
806
808
3185
3184
2656
824
825
3895
3894
2579
2589
2588
2216
2215
2214
1837
2213
2212
2777
3442
2778
2779
2780
3720
3721
2782
2204
2211
241
3705
1827
1245
3687
3688
3689
3690
2768
2769
2770
2224
1823
1824
273
272
2223
270
3883
3882
308
803
804
1327
2306
826
827
2303
3158
830
3587
3157
1291
856
860
862
870
1492
307
831
3659
1344
2633
3234
3233
3231
3230
2636
2637
3213
3212
771
772
3205
3204
406
405
3437
2492
2491
2489
2488
559
554
3434
3435
1511
3438
3445
2450
3451
3452
3453
3454
3455
2449
1548
2437
1510
2502
1477
1482
1483
2518
2517
3369
3370
3371
1506
3372
3376
3377
2513
2512
2506
2505
3871
3872
2834
3812
3670
2115
2117
1139
1140
1142
1143
1877
2124
1859
1576
286
1149
2131
2132
1581
169
3246
3785
172
1575
2125
2835
2836
633
114
3836
637
1903
638
3831
2196
3667
3668
2427
3856
3255
1213
3256
3261
2842
2841
3826
3825
3262
2194
2193
2763
3817
136
137
2560
3816
2559
3840
2875
3868
3866
3699
3700
3859
3858
3857
3764
2549
2550
2554
2555
3348
3841
3347
2764
1198
3732
3778
60
2628
2879
3757
2592
2593
2623
61
2515
1456
1457
2622
305
3753
1159
302
3779
1930
2629
2901
2885
2168
2141
2664
2665
2167
3758
667
187
186
666
2163
1923
2162
2631
2630
2900
2884
2805
1466
1465
27
2934
2011
1261
1950
1949
1260
2929
2927
2926
1268
1269
1272
1273
1277
1278
2928
2810
2933
2605
2947
2950
2946
2604
1997
1183
1968
