68
228
148
120
157
106
105
94
211
744
104
302
126
130
96
100
229
159
135
123
112
122
75
103
141
114
99
132
116
117
109
63
139
326
145
33
13
47
194
462
57
767
294
283
41
134
898
574
208
505
272
58
125
119
352
397
124
496
101
575
136
998
127
735
3
30
722
92
210
62
970
49
1765
1201
588
207
251
671
256
710
519
341
128
632
405
393
544
1184
590
309
1632
348
492
144
1805
1145
31
556
1325
321
165
162
392
110
1086
584
834
536
213
193
554
982
161
992
508
1
1094
627
1039
674
87
355
115
504
1324
311
382
718
2148
853
85
471
865
582
431
377
623
678
695
111
757
1359
660
1107
206
483
516
1157
454
402
1412
71
649
557
1296
191
361
813
1010
581
1097
702
532
493
39
868
305
8
1540
550
5
794
175
200
3276
455
220
79
1925
1028
708
1494
869
1009
1007
1323
390
11
3236
907
19
259
787
559
843
3419
952
354
2199
778
146
35
525
1292
20
301
758
785
510
322
201
149
726
42
1057
452
3015
1060
487
60
38
826
406
875
478
2229
831
284
878
652
655
1171
715
271
2604
438
209
766
1929
43
451
2316
276
572
2742
485
628
741
231
1935
29
2117
2992
786
1030
113
3352
680
904
1133
1504
954
1473
1479
2748
662
612
714
466
51
571
973
50
2313
771
121
1928
543
133
447
2628
325
1337
727
3109
1472
2854
1119
1587
2263
2706
605
329
712
2785
500
440
683
1127
1501
91
2915
1969
468
37
2231
2846
542
1499
169
520
643
547
2240
1419
265
1014
436
1354
268
562
2245
2430
661
1204
1316
1711
1811
2626
232
491
689
1169
1048
2111
1604
1748
1949
1355
873
291
1464
236
2746
1742
395
1693
2122
1216
1265
3016
1643
450
2120
756
624
1175
940
2514
1609
2975
2643
497
621
1081
2062
796
2955
740
983
78
1790
233
437
511
170
2268
442
1024
3270
241
285
263
1207
277
167
293
183
517
449
1403
2003
659
223
93
1549
2068
1191
2970
1189
509
185
860
1607
610
1336
989
2676
1262
1638
840
2065
172
23
2212
2822
2474
1315
2127
2647
1400
506
2491
80
1554
1910
947
287
2422
2544
527
910
2118
1664
320
1320
1699
1458
1224
871
1044
1118
2076
2412
716
424
7
1263
836
1957
1958
274
203
1314
847
2060
2131
2417
2211
3200
1916
299
1128
1382
2415
1100
770
2384
1264
332
887
2075
1924
26
373
1415
3358
3201
3215
2760
1746
3328
2284
2849
2801
667
1647
2145
1506
2595
704
1522
1741
3327
776
2678
3265
1530
886
994
1702
457
53
379
469
820
2380
482
480
2379
186
854
2702
46
1392
2014
975
2385
2032
3448
2016
3446
3447
2015
950
1393
1257
415
1373
2279
1902
2124
1031
443
2354
1032
55
289
1831
1613
290
537
3213
164
1299
2587
1229
1762
2586
746
2580
647
1416
613
2434
66
1016
363
498
2591
763
339
2645
1113
1709
250
713
1289
224
83
1379
328
524
1313
1244
3121
488
818
3454
214
356
2167
212
1011
1012
3057
808
1986
2390
1845
1333
275
3064
2249
176
850
2805
956
1457
1987
1461
484
2234
1933
1764
2138
2175
1749
2462
2816
1194
2374
2360
563
3159
1353
1568
593
502
1036
1178
1132
2559
2978
541
1553
3017
1981
1408
1068
2561
160
1407
1179
2803
2099
2
538
2098
803
802
1134
1698
1919
861
990
15
16
3467
815
2262
2482
2192
2919
1096
1213
3190
2205
762
2930
2213
3171
428
618
2136
676
3234
1515
607
2110
1054
2495
1050
2107
604
77
464
2101
2878
1745
2738
2438
369
371
2799
2800
1343
1160
2318
857
3386
1164
1341
365
1168
2059
1177
1182
1938
2298
2295
1199
3409
792
2282
3119
773
1772
2795
2033
2787
1396
216
218
3465
1465
3363
3267
2005
639
2078
1996
2967
264
2599
601
2342
583
1478
1683
282
1278
3430
657
1563
2357
238
961
723
721
971
2092
2688
2679
3288
1625
1850
2239
1952
3440
171
1851
44
2310
2662
2933
147
1998
1660
153
3442
3035
693
549
687
2270
2839
1853
1852
2309
793
2663
2934
1115
2932
1116
1999
3441
2000
1659
64
827
1736
2636
993
995
2630
2629
1004
1006
2621
1008
2618
2617
2616
2637
1017
2610
2609
1022
1023
2608
1025
1026
1046
1047
1059
1061
1065
2611
1072
2640
2655
900
2709
2708
3464
3463
2669
410
411
3116
1258
2255
677
3112
418
3117
939
420
421
3110
1618
1617
417
1623
2892
1256
951
682
3130
3129
2668
2256
1253
398
399
2891
2096
2097
3439
3455
1881
2712
2713
2130
2386
1561
1560
1559
1558
877
876
2716
3060
3059
473
474
458
3075
885
1572
2703
433
434
2115
3092
3091
2116
2704
3088
2705
2119
444
935
2937
1427
1426
1424
1423
614
1418
2945
616
2926
2925
2924
2923
1417
626
2914
617
2946
594
2948
2195
2196
2200
558
561
2210
2961
577
579
580
2221
2222
1438
3425
3424
2164
2064
1589
2697
2698
385
2413
403
863
1575
1574
862
855
3122
384
383
2419
381
2420
1186
2421
2686
2685
2053
3149
3150
2680
3154
892
1209
1210
848
923
1378
1380
1397
1398
2951
2952
3004
2169
514
513
2163
2157
2156
501
1372
2151
1474
494
3030
3031
3033
3034
486
1481
3040
1486
477
476
1487
3053
2150
1505
1365
1832
3175
2435
1141
1140
3179
3180
1139
1138
2013
2012
2010
3174
1131
3194
2004
3196
3198
2002
2444
307
2266
3202
1610
303
1130
3204
2022
3170
810
811
816
817
1550
3209
3242
3243
2323
2322
673
2320
2319
1962
3241
670
249
248
247
3255
243
3256
3257
1636
669
3240
1098
3238
1246
1982
2326
3221
3222
2325
1979
1978
1614
1615
1104
3417
3416
1809
1242
1948
1947
650
1243
2468
1943
1942
3271
225
3272
3273
222
3274
1640
2464
1241
1077
3280
1220
1221
1102
3230
3231
1099
1976
1076
1975
2842
2332
2331
1798
774
775
2741
2740
3216
780
781
782
783
1318
1991
2431
800
801
805
1120
806
1121
2752
2031
2030
1529
1531
1532
1533
1126
1125
1124
1123
760
761
1122
297
1781
2515
3342
3341
2832
1877
2271
2272
2659
151
152
1884
1885
2341
2340
1650
1649
1889
701
1645
1644
166
2516
1670
1671
3350
1361
1362
107
2768
357
3373
3372
3371
1769
2522
2521
1864
3357
3356
1865
1083
345
1082
349
350
426
425
1237
2810
2286
346
343
1087
342
3396
3395
3164
3390
1274
2353
2350
2349
1839
1840
3158
3157
1162
1759
1215
3099
3098
3292
199
202
1855
1854
2532
1911
1826
1825
1214
711
3402
709
1815
1339
1338
706
938
937
705
1703
1704
2365
3401
3293
2885
189
3305
3306
2302
3308
3309
2815
2565
61
1795
59
1794
1793
56
1792
2566
691
1784
1783
2371
1779
1778
1803
1914
180
179
2294
2484
2485
2303
2902
2901
2900
2899
2897
2896
2306
2307
24
2297
2375
895
894
28
27
1774
25
40
1775
1724
1725
1726
1727
36
1312
1294
1295
1733
1734
1908
1297
1907
1311
1739
