46
89
18
28
90
85
129
107
96
55
149
84
99
93
1
205
597
377
92
86
450
1140
639
230
595
102
204
602
661
88
7
465
123
585
464
1163
601
111
132
237
732
100
638
97
596
20
603
375
167
804
76
728
535
227
103
98
95
510
347
284
1200
345
944
203
152
66
198
162
37
266
158
1188
568
393
131
419
2145
1898
909
808
212
293
25
255
10
657
584
574
177
283
268
426
164
1212
208
69
269
379
94
1046
692
562
801
773
687
452
588
1089
1593
1197
873
292
750
1159
451
233
752
415
943
993
327
566
1822
387
1770
115
2480
444
921
985
879
1683
845
1717
479
274
457
729
611
672
1091
171
241
169
27
38
2318
39
1132
1581
1161
790
125
144
463
913
31
1786
897
470
706
1867
412
958
1021
223
867
339
513
1372
711
2166
329
678
1338
1463
733
2656
36
218
842
472
312
101
1170
614
477
130
40
2415
2202
58
302
291
342
2914
662
380
442
449
727
1169
417
671
2100
271
502
1411
1310
1760
796
1072
372
2479
1092
2576
160
1441
2573
307
825
2548
53
989
404
128
288
991
1728
270
30
703
2471
2574
844
1019
542
2558
803
637
623
912
1324
224
969
2285
1149
140
1623
616
216
2096
1311
193
1466
973
519
1014
1491
105
652
2029
238
2157
2027
857
294
234
427
70
360
1094
974
467
473
161
261
318
917
1133
839
1522
1144
1368
2019
1598
260
785
1146
1427
631
231
2551
2785
2896
1005
282
495
79
172
492
868
332
899
50
1060
720
2362
363
1631
1453
2197
536
835
695
2297
185
422
468
2718
1862
1018
421
654
723
799
1360
1095
1275
1320
627
195
357
1921
1579
1856
653
572
840
1488
576
190
526
1729
1731
1766
684
1680
649
650
108
1654
797
2929
599
60
1350
791
1662
1514
201
2165
708
1304
826
424
552
1554
147
2661
309
396
2400
275
644
478
1349
1400
2861
2325
2604
366
138
645
2605
2534
2309
648
647
533
534
531
532
2154
2156
2155
1371
359
691
805
764
1020
2664
766
1002
756
2911
1288
191
780
980
979
1298
1205
1173
915
483
2593
1106
244
1239
1307
299
1484
1892
2749
622
113
2594
2298
1348
1175
1306
1237
371
1395
529
1877
402
121
2017
659
42
44
420
2183
2300
2374
972
2659
1182
263
489
119
2221
316
16
9
741
217
2035
740
2628
2625
854
1612
2669
154
1352
1178
1866
1480
2194
2883
2885
2114
1063
52
1452
515
1604
518
1321
914
1811
853
2365
2366
798
221
219
2380
1233
14
213
214
12
1499
1278
2735
386
390
997
1725
2740
1922
1763
2506
259
1341
763
2511
262
2901
2747
305
1719
1657
173
423
2289
361
1888
326
2326
1534
1531
2554
1379
2089
304
2553
476
936
1120
296
713
1687
235
1809
564
570
501
788
1090
496
948
2012
504
493
1422
1390
701
1777
2537
2874
2411
2527
2233
523
1302
2185
1152
1293
247
547
135
1525
458
127
1024
1404
1103
1409
1956
1064
772
557
693
425
445
2140
1628
1951
350
2141
1629
1952
1630
349
446
447
2940
1950
405
2953
1335
2294
1328
2622
2295
1823
2617
2616
1834
418
2603
399
400
925
1314
1315
1318
2607
1319
1830
1829
2612
1828
1826
1327
1815
1814
2629
2630
2633
767
768
769
770
1803
1802
1801
2646
774
1798
1797
1796
455
545
1765
2688
1764
1381
1382
1017
1154
2283
2282
1759
544
1758
1015
298
643
1755
2701
1754
1753
1752
2705
2706
289
300
776
1127
1126
2568
1894
487
486
1219
1220
2536
1891
1890
2541
2542
1226
1227
1885
1214
1884
1232
1882
1881
1879
1240
460
459
456
2172
440
439
433
1853
2716
717
718
325
324
322
321
2320
2319
1750
1749
1744
1004
1003
1357
1358
1739
1738
1364
1365
1734
1369
2668
2667
333
334
2353
2031
2351
865
690
1733
995
285
992
2709
2710
990
2715
1723
1722
2719
983
2723
2724
2725
2476
2733
257
689
2034
2033
2660
2373
2372
356
355
354
252
251
961
960
959
246
2087
957
243
242
956
2088
954
953
946
2753
2754
945
505
2756
1704
668
2383
2382
2381
636
1785
337
336
2949
2948
2005
1414
1413
646
1082
2006
1080
1791
2116
2115
2404
2405
2803
2802
651
2800
2799
1075
2274
2275
1398
1397
1074
179
180
181
182
2941
2942
2191
938
2759
2760
1672
941
1671
1669
1668
928
210
209
2769
929
942
1116
667
666
1308
2028
628
2026
615
613
612
2385
2389
1845
1416
2138
2137
2134
2133
1839
1605
1606
2840
136
2010
2587
2588
2127
2126
1929
145
146
137
2841
2842
2843
411
2871
2870
410
1582
1851
1508
2487
1594
1595
1596
1597
1931
591
2124
2123
1183
1184
1618
1619
1620
1621
2488
2856
2858
2859
1561
829
830
2882
2881
831
832
877
2508
2207
1572
1571
194
196
197
554
555
1558
824
823
78
1962
1573
822
2519
2520
558
559
1447
1448
1450
2897
1451
2899
2900
1842
821
1574
1129
2460
524
525
2439
2438
589
2776
2777
508
184
2791
2792
2107
2108
1543
1542
57
56
183
1454
507
2468
1117
1118
413
414
1130
1138
2932
2933
1483
1511
1510
1782
34
33
1781
24
23
22
21
2921
2503
2502
2920
1954
1953
1485
1897
1477
1896
1210
