75
31
76
72
73
49
70
116
103
71
54
117
152
44
82
33
81
487
79
78
335
90
448
334
648
124
581
623
239
329
176
174
2500
128
177
27
40
252
525
243
244
1023
1011
106
166
256
347
364
682
547
20
975
819
392
45
127
921
420
253
686
80
95
613
626
1865
249
583
406
1435
215
849
97
87
713
495
766
220
646
1595
295
145
134
247
223
703
557
237
308
553
336
157
805
391
291
636
377
332
500
43
632
687
14
726
99
142
307
1560
701
1519
156
1043
337
1420
898
972
1993
690
846
147
276
163
15
1561
1506
226
1307
2438
21
2575
991
691
488
150
2520
735
122
1033
39
1034
857
486
693
932
300
1044
288
2468
496
1905
1768
2434
564
539
718
246
265
266
1473
2242
10
140
2225
1001
2165
201
1590
1169
263
519
264
891
599
394
1290
904
844
609
657
254
1987
2394
1
363
2123
357
530
751
1330
527
46
591
1786
1269
1201
1910
1823
65
351
323
881
170
981
89
1849
510
3
650
2560
56
748
1624
219
57
1069
1003
2340
1215
490
373
1343
513
1319
873
1279
1622
1626
109
505
1332
293
281
296
869
2529
2075
808
2600
794
1425
37
2139
662
204
24
1504
2
1619
2067
1399
1607
572
210
719
720
769
47
42
775
559
273
1327
144
522
2522
2278
1230
379
1277
659
18
2010
193
638
858
1145
2377
1632
1547
689
940
279
7
2024
1223
2378
874
1381
1397
438
1658
93
339
1154
135
1588
181
306
2090
669
1398
791
1390
479
2071
61
1773
153
108
2096
789
478
1567
2368
954
1270
2383
911
908
191
1812
905
1255
1966
641
160
255
661
1979
415
1756
311
131
1494
482
1355
400
700
60
395
185
1165
1492
2245
317
683
536
549
1421
2035
989
499
501
987
1166
684
801
524
4
737
1852
5
930
1683
360
1564
744
1112
1757
1548
2283
569
2182
1873
1558
1406
194
509
2051
1894
1293
706
1331
1531
475
268
721
1861
217
380
1349
730
877
1031
831
725
888
2112
343
345
233
731
635
1379
403
2179
1832
1369
1221
1359
1636
1997
778
2315
928
758
1566
2612
421
285
261
1475
2161
1594
2057
1142
28
1491
672
1133
22
512
375
2609
1070
1739
12
576
1440
322
710
2162
1477
2615
2616
1308
346
1616
1615
1614
1613
1612
1611
2325
338
1609
2056
2055
333
2054
1182
1183
1184
1185
942
2049
1188
1189
1190
1657
1208
1079
2235
262
2386
2387
916
915
2129
2381
2392
2130
565
251
250
910
2397
2398
2399
909
2393
2131
2380
270
1581
1394
484
483
2196
2197
1026
2206
2207
1035
1036
1046
1057
2186
1060
1685
418
417
1681
1677
1676
1675
1674
1082
2264
2265
428
1206
2047
2046
2045
1536
2044
1534
1533
230
537
1845
2134
2423
2424
2425
2426
2428
1844
231
1540
538
1556
1776
1839
883
1552
2276
993
1008
1009
401
1663
1662
390
389
2288
2296
2297
358
355
354
353
352
1628
1623
314
992
313
985
1748
1771
949
1939
2448
2447
1498
190
1500
1501
1503
1505
199
200
2138
630
1509
1510
1497
629
207
850
1514
1515
211
212
1516
1517
851
2597
2598
146
936
493
833
834
1487
1488
494
179
180
2454
2453
1231
2145
617
610
2137
608
607
1778
854
855
1779
860
2588
2587
1445
2168
155
2167
158
1750
1751
1752
1753
816
817
824
825
594
593
2068
2069
304
303
578
577
895
2170
894
1818
130
2022
1872
1870
2491
2490
1869
792
795
796
2172
290
289
2349
2350
283
282
129
1544
1880
1433
2535
1900
1899
1408
1976
556
562
563
2362
2355
2354
277
278
2510
113
2516
2517
107
105
1417
1416
754
753
1402
1401
1901
84
83
1902
742
2091
2562
1372
1162
2565
643
644
1161
2561
533
1365
1364
2573
1363
1286
1287
1288
532
1289
1375
1990
2488
2373
2374
867
866
2550
2549
1338
1339
964
963
550
1789
1788
2106
2404
734
2545
2102
551
1926
1925
554
555
2405
1301
733
1300
1146
2117
2116
2118
2119
17
16
1134
13
19
1152
1135
543
542
1312
