102
29
106
71
198
77
72
152
199
49
2588
76
88
81
968
89
104
112
73
95
79
90
853
92
94
80
40
78
1007
108
27
97
251
447
23
1006
445
598
599
730
250
249
773
252
255
1
846
1213
257
330
843
342
844
2901
254
248
775
1925
842
348
155
253
478
482
450
180
782
132
498
738
75
1028
156
212
1109
219
100
107
745
811
278
241
101
1259
475
783
381
714
418
256
2
74
747
32
153
735
225
282
224
727
3
529
417
298
854
274
391
480
53
2902
176
122
903
1077
242
20
1115
610
892
881
1935
149
924
1224
915
177
194
134
875
705
1787
685
791
17
859
1526
423
1894
1964
91
117
857
493
208
58
1447
683
389
597
806
1396
2237
642
808
281
114
16
890
494
911
351
165
262
678
2238
10
652
324
43
431
312
1781
1968
916
696
617
925
1696
694
157
221
341
1021
185
509
465
118
780
1027
213
26
623
1089
386
2978
275
845
1255
99
64
453
863
211
2181
507
2102
2209
189
127
701
554
166
1165
93
203
403
1010
333
70
3047
103
1131
304
1729
332
2592
1772
271
430
1770
321
1369
1577
468
665
858
638
2610
320
1068
1556
1208
113
3063
125
238
2687
1602
352
1371
105
1498
790
1847
124
412
2124
479
1133
411
83
395
796
314
560
1830
669
1394
85
1842
96
204
1304
261
2688
398
998
2287
1789
1020
940
109
1648
116
327
510
259
420
2276
1444
713
2705
379
814
972
214
1681
531
1145
111
979
66
340
1330
266
476
326
2322
1281
137
291
1582
171
2980
1413
505
2359
643
441
860
1454
1567
338
285
2137
1287
202
230
2360
900
662
2000
1553
1459
1706
618
1227
506
720
2787
316
2900
3030
1937
2726
1062
736
2983
1105
1064
235
1848
884
451
436
2614
938
1742
2373
2042
1194
302
371
734
1579
2347
305
434
708
512
1869
603
1102
689
2099
3043
154
1380
1595
497
2859
223
991
2319
728
1647
2683
276
413
46
1999
1907
2767
786
760
1455
1393
767
1414
33
301
687
779
762
1994
888
8
655
2484
2514
2850
294
60
2725
2849
1615
2982
601
2118
283
369
726
1707
635
645
1744
1399
1709
1520
1484
628
1070
2998
2245
2363
2034
42
2036
1832
1956
1188
1833
1482
823
139
336
1820
1211
1268
190
605
237
2180
227
2361
2364
1868
2677
2976
886
1635
1623
660
656
2196
1851
1608
1415
2125
1377
1536
400
1617
1272
1177
1817
1065
1017
674
428
1497
1990
246
970
145
14
2128
2058
1780
630
3023
675
1538
1199
2541
399
363
2246
427
422
421
295
1738
1018
784
771
1244
1920
1135
2572
608
2840
150
1063
2037
2593
1501
1205
619
2221
1677
2518
373
318
322
2508
1337
1557
345
350
625
354
2749
1014
1410
1409
1406
2605
1429
1395
2045
667
690
62
63
1646
1266
1547
405
407
1941
1430
1942
1517
1665
1114
339
2730
3107
1521
2228
1032
741
2999
1432
2695
2348
2608
629
1493
1370
2212
415
2377
1490
1973
797
3068
2577
1867
798
1710
1858
209
1856
375
1687
2336
110
530
1768
1668
2668
2001
2007
1758
2580
1684
2570
672
699
2517
1694
51
2501
1243
2456
3037
803
469
455
1611
181
196
1878
325
131
130
2832
2821
2164
1475
2355
459
964
594
2312
1737
944
425
831
1022
988
3010
2777
995
1733
2779
807
816
933
1656
899
9
384
2740
1704
2722
611
1893
616
1673
514
515
1291
2661
1289
1286
524
511
525
534
535
2014
2015
1270
1269
1264
1283
1257
1995
503
1979
1980
1981
1982
1983
487
1984
504
490
1987
829
496
500
1991
1250
1249
2032
495
1235
2033
1231
1230
2035
2040
2041
1234
1975
1974
1971
1950
1951
2710
2708
2701
2700
2699
1961
470
471
945
473
926
349
2434
1873
1872
2433
1870
2805
2806
1864
1863
2815
2816
750
1060
1059
757
2825
2826
758
2420
1849
2170
1053
1052
2171
1876
1844
1379
1879
1901
914
1049
1048
1047
1046
1042
1041
308
307
306
303
2440
2843
2174
1829
1828
1826
1825
2854
2855
2408
1427
1428
2173
2441
731
2444
1350
2778
2780
2781
448
1180
1181
1182
1183
1197
1201
1203
1204
2689
1969
896
1171
1944
433
432
429
2724
1933
1932
1930
1924
1923
1301
1921
1943
2746
1170
1166
2563
592
1614
1155
1158
1159
1160
1161
879
1916
1915
394
1154
393
2757
2759
2760
1899
383
378
377
1891
1890
1904
368
1153
1148
2540
2542
2543
2548
2549
2553
2295
2909
974
2911
2912
2913
2914
2908
973
216
971
1752
1433
1434
1435
2197
1436
975
229
2884
2885
1775
2888
2889
245
228
244
2190
2898
2899
981
3110
3109
693
1715
172
175
2586
1723
1724
1451
1450
2585
1726
183
184
1727
1441
1440
951
952
2578
1088
1087
1086
2202
2928
2927
2201
1745
1462
1463
3087
3086
2526
365
366
833
1119
1118
2044
2047
2048
2054
2055
2060
2525
2596
2568
2567
2106
2107
2109
2110
2538
2537
2535
2533
2532
1886
2595
1587
1885
2524
3022
2892
2891
712
3026
3027
711
1654
1653
1506
1507
1652
1651
2268
2269
2492
2493
2224
1515
1516
2273
2274
1786
709
634
2223
707
704
1795
3021
3082
3079
788
1486
1487
882
2395
2394
1747
1748
1749
2253
1750
2486
2488
3054
3055
3056
1628
1627
1626
1621
1620
2485
2252
3008
3007
929
147
146
930
3066
3067
999
908
2864
1326
1327
269
837
2869
2870
44
41
39
38
836
932
931
2244
909
123
120
2448
2449
1676
115
1675
2454
143
1472
1473
2338
2337
2308
1564
1565
2334
2333
2309
2130
2131
2301
12
