22
62
54
56
32
55
109
137
425
110
39
139
136
138
57
59
335
209
120
427
250
1
466
1589
883
467
665
305
84
262
332
441
186
309
98
152
175
246
208
69
71
12
664
892
846
334
314
325
554
260
585
698
64
104
1352
107
615
213
483
144
187
343
503
1228
1196
315
217
60
28
445
1260
793
113
176
157
61
705
339
418
1120
545
303
263
398
25
1443
1446
299
230
413
304
489
116
81
352
1777
145
1603
124
1422
220
48
119
577
83
215
855
1562
458
1636
92
189
169
686
140
2181
1588
1549
505
744
438
1012
400
581
1624
2054
531
1886
1681
576
165
130
288
583
911
747
191
1199
1810
1347
1684
172
237
125
1754
562
49
509
456
1965
668
1504
795
640
384
582
380
989
1814
584
1904
1929
1172
1001
1091
242
171
228
1021
2161
204
460
588
809
1042
2136
43
337
868
1413
1975
479
393
1312
807
480
1041
1641
328
474
1132
225
1375
1371
2151
476
477
864
475
473
430
377
2163
1166
1205
1771
1107
704
364
408
202
743
695
1514
968
1870
1803
877
874
702
194
188
1351
955
1154
2178
353
153
1409
404
652
229
17
18
823
1418
1294
461
1066
1574
243
419
402
1741
1760
1293
399
1742
1740
2002
2099
307
198
34
219
1284
1341
688
684
1343
134
622
166
1937
1155
1997
367
2192
1282
572
365
102
986
563
45
27
2073
350
696
155
1758
156
1133
275
1329
77
976
392
1275
1918
544
1276
297
745
184
2062
210
2046
2016
2011
270
1986
178
173
1579
1082
150
1171
1836
712
710
568
1749
301
1376
342
1300
351
1732
358
2164
1069
1192
360
1713
1553
75
674
79
1262
117
920
748
1873
30
1845
429
1586
1668
1824
650
2143
1848
1237
1621
1240
1218
1278
1875
8
890
1497
311
669
326
1207
758
1829
972
2007
1961
1206
1210
738
281
670
1828
327
329
312
1000
280
1981
1006
1188
991
997
998
999
555
556
1987
1988
990
254
560
1334
1333
244
565
241
240
753
559
765
548
2020
1806
1868
2031
201
200
2032
205
1024
196
195
1026
1297
1028
1029
1025
206
2028
1556
226
371
224
2215
2214
1676
981
982
984
985
1323
2003
2004
1322
1538
1318
1317
1314
1313
1310
1326
1327
966
2019
1367
2213
2212
1163
1433
1428
865
866
1427
1884
1885
1901
1434
1905
1407
1406
1909
323
322
1412
1447
1448
1449
2204
2206
893
839
841
842
1630
894
895
1922
308
900
901
912
913
914
829
828
379
825
824
386
1062
794
1833
1832
1358
1582
1236
1581
536
535
1957
131
132
1578
1577
135
2087
2086
487
1245
1759
796
1219
1050
1049
653
789
707
1216
1217
1840
1220
1221
2107
2106
1222
1839
1224
420
2122
421
422
714
646
1643
1572
501
1573
1963
1962
1363
1364
1946
276
1945
1202
1201
2127
2128
528
529
2132
1185
1695
1696
1190
1127
1266
700
699
2065
2068
2069
1258
1257
2076
470
1267
471
1560
638
637
636
635
1600
1601
1058
1059
2202
2203
1655
1289
1682
1152
1151
1290
1817
1501
41
40
1086
1087
1678
1500
407
801
1089
800
799
1693
396
2190
2043
1143
2195
2196
1144
20
19
1094
1095
1307
2048
1308
719
1646
1647
395
394
797
390
