137
216
328
129
345
2292
334
348
762
337
339
338
765
318
310
333
335
341
528
767
317
313
323
343
350
764
347
697
2005
315
325
302
59
336
304
349
529
1626
331
1542
1570
763
301
311
324
1539
330
1046
63
1007
138
174
446
152
1060
714
299
53
109
92
440
405
575
23
97
47
1970
54
444
818
1560
3834
101
1540
1544
366
1118
90
4
473
999
12
376
1301
553
1552
1713
300
616
620
303
98
150
1630
305
192
340
256
614
1335
57
799
985
14
445
2401
581
155
116
1619
346
46
1763
952
403
35
1781
119
654
4266
1123
1791
711
1761
4268
452
984
1405
2400
1778
248
3669
370
1034
1780
367
314
2
141
1804
86
320
617
615
1033
399
1
1162
1328
209
443
549
1813
140
928
1711
378
1433
871
1714
2015
329
699
1553
163
81
1186
297
30
961
7
776
204
1972
552
165
1396
550
605
134
2239
1715
1225
791
3373
1806
247
332
698
377
439
1039
1672
813
878
363
513
438
2091
508
795
796
1462
469
782
1818
203
1336
1510
560
500
507
951
254
1234
572
1581
408
498
470
881
135
450
883
1023
189
3750
1803
1827
211
510
142
1782
798
504
78
2043
94
269
420
461
499
131
979
199
1541
4747
2961
793
1112
1222
1070
404
1048
1730
518
692
360
685
578
410
1967
60
480
307
1120
1191
1614
972
185
1084
158
67
190
309
413
382
1108
1807
2014
1805
1049
1801
948
168
806
136
186
200
1050
421
208
148
653
607
1032
573
609
436
2084
987
1800
1284
1760
353
1196
786
1164
623
288
1903
554
559
2300
48
1040
1206
1692
111
1041
576
139
986
386
3897
1042
938
472
997
144
462
33
610
2420
3000
4195
1949
374
509
713
694
1759
1212
1955
502
2641
1101
2233
2207
1137
1395
1435
4148
1514
25
68
977
2132
151
1062
143
1014
2072
3117
467
548
1873
15
1721
2831
523
2368
2619
1323
585
44
5
1849
2282
0
1910
1851
3305
448
942
2270
1680
3424
2541
1762
932
2009
1493
587
38
195
693
845
1475
2682
2291
592
1779
579
1567
1617
1361
976
2873
1103
162
291
4303
674
678
2815
2468
777
458
412
875
1327
730
783
1334
177
802
1454
2416
598
906
3583
4514
2565
3814
877
1397
571
127
1347
206
1104
771
4704
3937
1508
1707
652
229
892
2021
684
536
1179
2517
908
503
980
3803
859
1490
808
2418
1924
471
3200
2835
280
1808
870
2045
2022
703
110
2109
422
2262
3320
589
465
1198
1159
3397
1054
2701
784
2650
541
2106
1545
1744
532
4604
931
1181
222
83
2823
171
22
1737
940
901
577
18
1812
296
926
1640
1492
1414
648
1464
4242
1193
733
1860
1528
1809
1638
1339
1690
1998
191
644
754
827
1245
583
574
1192
41
73
437
4241
1757
466
624
124
2490
910
373
1380
1045
2143
375
2746
1883
2729
481
1135
4356
2363
2167
1835
2975
1502
1483
2137
974
1452
312
1745
172
1601
1356
401
1878
590
543
396
1799
820
449
1053
748
169
2242
516
841
226
828
658
3067
1189
3745
946
1671
1375
58
4216
2085
1482
2750
816
3322
40
1436
133
2343
738
260
505
1000
451
159
595
1683
3066
391
3892
947
1945
1574
569
885
2962
1006
547
447
1932
154
1442
2733
1147
1089
3202
1187
108
1740
196
1208
145
3751
482
1891
1485
2855
844
2767
2252
2068
670
1178
651
225
2757
275
2755
3580
2159
1126
1632
1017
197
732
2747
558
2756
602
3752
106
1519
621
184
3954
1445
2857
283
805
28
114
533
3552
2551
1158
2258
716
351
1938
4140
2274
1027
102
2081
255
4269
1067
869
3045
778
2148
342
170
1026
2548
1116
1756
4267
2535
485
780
1010
1144
4471
512
205
1691
2195
3571
702
1066
501
1024
2579
1764
1557
1015
3753
236
851
16
1080
2518
679
198
1621
486
1977
2173
996
1122
3780
3217
2082
1880
468
4237
1018
240
2315
2268
2124
251
1797
1370
3592
2711
1008
1022
1785
125
854
760
3
1345
4411
1340
689
496
1221
2181
1712
1317
29
228
747
3764
4357
1402
9
282
2706
278
4717
2346
546
4256
2605
1427
2376
998
2107
2580
2717
1061
2439
1391
99
2910
4088
1766
365
781
1230
2011
3035
322
1168
24
789
3778
865
850
3003
2415
316
10
3423
1659
3887
3776
601
619
915
913
2187
668
720
1119
497
773
1121
1733
604
3150
801
4244
1224
3275
1458
3024
2824
1577
464
1819
3073
397
1768
1631
483
1787
1866
4743
4579
3588
259
856
544
442
660
1098
327
3477
759
2201
2196
2180
210
201
3502
884
3569
1964
1739
1664
1055
2849
85
1443
2584
1100
3463
2033
2142
3593
1555
586
2848
3458
361
1887
3979
3237
3981
3238
2144
1815
2111
146
2911
3446
3141
3475
2141
2012
890
3503
1679
2488
1161
945
1277
3063
2421
2423
1810
267
4601
1886
230
1884
3713
2422
1643
3079
4600
321
2360
1611
4208
1847
3500
3496
950
3952
3825
1822
383
1649
1523
1160
563
1173
1170
876
3110
1773
1774
2714
1802
306
1821
769
1957
2665
2304
4230
4364
2176
1610
1478
3349
657
3609
4399
1447
1816
3278
2467
2250
686
3832
1350
80
2728
2166
1175
1487
766
1217
804
817
308
319
3468
4395
1534
3087
1532
3922
166
4273
4606
2652
1110
2247
712
1511
831
2657
916
853
1660
1594
3299
1145
3053
3909
3908
3907
555
3272
1644
3711
1379
2063
1793
3543
742
1387
3861
3645
2430
2594
2897
193
809
811
2722
649
1001
2220
1948
588
2908
3428
2618
488
2894
1358
3731
3029
3164
2029
580
1019
1068
3118
1686
611
1689
88
1228
3430
416
3376
4489
32
2774
2286
2108
725
1700
1841
1865
551
2807
2709
1243
847
1125
122
2839
1031
2041
843
61
2073
2104
835
276
1615
2362
2396
4210
3171
2642
3953
3197
4499
1918
2225
2724
1210
2869
1226
2175
1353
3722
2759
3234
4681
3261
3266
3622
2061
3182
2240
4605
187
2958
490
4369
511
2529
537
741
2052
2413
3100
4569
219
212
1057
202
3936
4105
1651
379
17
1716
1942
1749
3973
4325
3449
3056
87
277
281
118
117
1465
4001
107
944
943
2569
3604
1426
3099
3601
1547
4048
1944
2555
4055
4057
873
2539
2313
3332
3602
2324
1424
2598
2086
2656
3784
3786
167
2640
3737
1211
3225
3226
4576
270
1188
3895
4554
1092
3923
4637
4272
2947
663
261
1888
1075
2960
2770
2459
665
1879
434
2352
2350
3021
2981
744
745
3933
3022
1038
2379
2986
1890
2337
3331
629
3864
2983
3885
2330
358
1166
1853
3341
2606
1364
672
735
727
3474
1648
1641
3359
2138
707
706
2272
680
286
3566
675
2853
4194
2438
2458
1591
3465
2874
596
1681
1709
3393
3385
1598
682
1473
2465
4098
3700
2799
3690
1330
4131
2499
2386
105
1377
4141
1383
3621
4159
4161
1421
739
2383
1726
3382
4432
3106
2248
2114
4528
2126
2719
1962
2582
3994
1201
1016
4503
2208
4041
2679
3762
3346
2676
3080
2203
3064
42
284
3070
1238
1012
864
1058
4089
1909
4015
860
79
2687
1223
2939
3804
1872
857
896
1021
2216
983
4713
920
2696
922
937
3789
2373
392
2963
2907
4726
2630
2050
935
398
4331
3911
476
2163
959
2026
2179
1928
441
3915
3198
20
2572
520
3115
1180
2912
3199
475
1637
1723
2898
960
3989
1710
4209
524
2985
2943
4246
2852
1727
1177
1927
3162
3033
4654
3078
3916
435
4560
2040
1971
4004
4003
4002
3998
3996
3995
3097
3098
3101
3102
3103
3104
882
4009
3983
1951
3980
3109
1946
893
894
3113
899
900
1940
1939
1937
907
3964
1952
4010
4013
849
792
794
3054
3055
797
3057
3059
4050
803
3060
3061
2000
2031
819
822
824
825
826
829
4022
833
834
836
837
4018
4017
4043
842
1934
1933
1922
1914
3122
3126
1906
1905
3963
1904
3130
1899
1897
1935
1896
3052
3046
3006
3007
3008
2037
3009
2034
2032
3457
743
2030
3012
3016
751
1990
4750
4742
1199
3325
3324
2136
4257
4255
4254
2887
2888
561
562
4250
564
566
567
4248
3317
2128
2127
2891
3316
2877
2876
2844
1200
4289
521
522
2162
2161
525
526
2160
2158
3329
3328
2155
2154
2153
2152
2151
4274
2150
3670
3671
3661
990
2186
4340
3338
2184
2183
2182
1592
2825
1593
3337
2828
2829
2830
1595
2832
1596
989
2171
2190
2192
4366
4365
2806
4363
1758
4360
3207
1755
1754
3208
1752
1584
1585
1586
3660
1751
2193
2191
4324
2170
478
2846
3213
1604
1605
2514
717
718
722
723
3019
4080
4079
3031
753
758
3044
785
788
1869
1868
1867
1864
1863
1862
1861
1852
4107
1850
4108
2997
4165
646
647
4164
1997
4153
1996
2970
2971
669
2978
676
677
688
690
691
4122
4121
2994
4119
4118
4739
4740
2168
431
432
2777
2782
2786
430
3693
2789
3694
2802
2803
2804
2805
1573
2788
429
427
1575
2768
411
2169
1798
415
417
418
419
1143
2165
4368
423
424
4367
426
1142
2120
3313
1148
2098
4293
4292
2834
2836
1090
2842
4697
4720
1235
1767
3142
1747
1746
1743
1742
3153
1729
1720
1719
3170
3918
3917
3174
1770
1775
1776
1836
4173
4169
4168
2944
2945
627
2949
2950
633
634
638
4113
1848
1846
1845
1843
1837
3175
1704
1697
1696
1674
3868
3867
3865
3203
4695
4696
400
4415
4416
4418
4419
357
356
352
4430
3357
3358
1484
364
4435
4438
4439
2698
2697
1472
3369
1470
2686
2685
3672
4460
1481
3894
1499
3508
4383
2739
2738
394
3720
3719
4390
4391
389
4392
4393
1515
1512
3888
3889
1509
1219
1289
1287
1286
3527
3528
1282
1281
1280
1279
1274
3547
3561
3562
1242
1297
1241
1231
1227
1220
2442
3599
3606
3607
3619
3634
3635
1155
1154
1153
1152
1232
1299
1303
1311
1423
3403
3404
3405
3406
1416
3409
3410
3411
3412
1400
1399
1505
2925
1503
1504
603
2930
606
2924
3883
3649
3648
4572
4573
4574
4575
3882
3770
2923
2245
3378
3379
3380
2234
3381
2914
4179
2915
3759
4550
4551
1501
2921
2244
3758
224
1389
1388
2100
1685
4598
3289
2546
2545
2101
4602
2544
2543
4694
4693
3302
156
3772
3771
3303
3304
4188
2668
2667
2666
180
181
3248
2906
2558
2559
2905
2664
2663
2662
2901
2900
2896
2895
2277
4578
153
3774
2102
2103
4635
4634
4633
1337
1338
1694
1693
3880
132
2278
4623
3441
2521
2290
2289
2864
234
2613
2614
1608
1607
2617
1428
1606
2620
243
244
1609
245
249
2626
2627
1444
266
2646
2647
4312
4313
4480
4479
246
2611
2610
2608
3436
3435
4223
4227
4228
4233
4235
4236
2222
2865
2217
2743
2863
2862
2213
2212
2851
2850
4685
4686
4317
992
991
970
969
3792
4316
2388
3795
964
963
3796
4470
4469
3799
3793
2600
2599
4529
2475
2476
2477
2478
2479
4642
3800
2491
3439
3438
494
493
3254
4530
2496
3227
3228
289
3835
3836
3273
3243
3244
918
917
3268
2433
3290
3823
3822
3821
4402
4401
1525
3817
1529
2432
2329
2328
1530
3505
3504
3501
2321
2320
3499
3498
3497
1536
3239
1535
3241
2057
2393
2753
2058
3871
3872
3873
3874
4659
911
