34
92
63
96
79
84
153
80
191
230
195
100
192
82
231
88
69
229
114
1035
1065
131
87
437
90
94
59
164
472
601
44
377
235
86
327
603
85
375
52
72
224
155
671
3
209
66
154
119
510
918
597
396
93
481
242
992
405
147
50
2625
811
239
1958
297
653
758
1159
333
290
569
828
457
169
592
95
917
859
20
657
433
174
217
754
269
778
566
1582
467
1461
98
139
1120
1573
452
1729
744
494
22
166
49
952
281
189
485
6
360
666
674
1610
479
802
699
1537
1048
473
296
11
832
301
463
1067
47
614
400
786
508
48
106
35
913
1114
881
1044
585
1011
2272
1563
257
1867
476
199
309
693
924
362
341
751
604
747
1271
208
279
2613
746
110
639
1471
291
471
363
673
329
475
1066
792
2383
2257
806
331
836
684
1541
470
854
55
167
401
358
692
1315
757
365
2297
1420
1419
483
672
938
1135
1998
373
542
1992
1448
1050
74
2483
397
885
1972
1284
1137
1725
959
848
846
495
1288
533
2213
760
295
28
355
2544
625
2450
271
784
1966
954
2041
176
1511
499
1413
2570
1456
985
292
234
416
2233
249
1436
664
260
1765
1116
2077
212
324
1244
2356
337
1049
503
8
701
477
640
558
2178
1146
2410
1949
599
509
628
598
649
983
2443
2603
2025
145
2221
317
574
149
2116
2117
2001
251
840
198
798
218
2597
261
1085
761
1776
1171
2323
315
1143
1750
785
353
1764
523
0
571
227
1
522
1766
347
1164
183
1752
404
184
219
1348
1041
2075
593
2442
2561
1165
2322
2562
2060
286
1268
263
2377
42
264
1439
1473
999
790
1497
887
1265
352
391
2033
1779
2609
2612
338
1721
824
1440
1933
1548
567
1061
1465
583
1571
311
1292
578
833
1416
248
1250
484
163
61
310
899
1932
1060
573
581
2452
1673
1433
2126
151
1300
24
1638
710
276
1785
2436
2368
1367
359
1276
136
956
1634
413
303
588
641
519
1507
1053
685
133
505
791
512
1093
1455
1285
1283
1280
1927
1926
514
2367
39
2046
41
428
427
2045
2000
2624
823
1401
1402
935
2234
1343
1337
537
2263
540
682
669
538
648
1683
535
1577
1568
335
1326
637
1870
1562
321
2019
895
2579
915
1472
78
387
911
584
2448
1954
288
926
275
265
960
258
973
252
978
245
986
993
299
997
216
2480
1084
1103
1703
1680
1661
1648
1311
2586
1467
2632
737
496
713
1532
500
504
304
667
516
2240
1352
1333
759
393
2601
346
1579
591
1581
527
530
837
384
382
2035
32
1487
600
440
564
767
17
422
2089
418
770
560
464
810
781
2473
1985
548
29
563
1607
2399
1670
1595
606
2657
2656
1329
2061
2054
2053
695
696
697
2038
2037
703
704
2016
2015
731
732
734
735
2072
660
2081
650
594
595
2132
1407
2280
1092
1678
419
1676
1096
1675
1098
1099
1671
1669
2295
2296
2279
1668
1111
2305
1112
1115
1117
389
388
1118
1119
2314
2654
2652
2085
2423
2204
919
247
246
562
1086
561
1774
1773
557
556
980
909
908
554
553
981
2422
2421
2420
922
2400
2644
2645
1386
1057
1058
2298
2299
773
1654
1653
1650
1649
372
2321
370
1644
1643
2329
354
2338
1632
349
348
1631
343
342
1944
284
1590
577
2122
2394
1587
2121
1152
1803
2118
1804
2115
267
266
2408
2409
2411
285
1145
1144
1591
314
313
2370
2371
1372
2249
2250
2253
2254
1718
1717
2258
2274
2245
1696
332
1624
1623
1622
1621
1620
1619
319
1688
318
2244
1727
2223
2225
2226
2587
779
2641
2642
937
2496
2495
1865
1503
1504
1864
936
841
842
2095
1213
1513
607
1855
1854
2475
2474
2176
1521
1522
1850
2635
2634
2209
2208
942
478
1884
2200
2199
1491
1492
1493
201
1495
1496
1869
1868
2499
2498
2364
2365
308
307
160
1494
2210
1900
950
1273
1272
774
1270
1269
775
2560
2559
1746
1747
2556
2555
1748
449
2227
450
951
2230
2584
2583
1427
1428
2133
1430
2138
793
122
794
795
796
293
1614
799
800
801
1613
460
461
2380
2381
294
1781
458
456
1423
1742
1743
2576
2575
1917
205
1844
1557
541
1555
1554
1130
1131
2599
1593
1400
1399
2136
2137
962
963
1947
1948
1388
1302
1845
1303
545
630
1594
454
2454
2455
1995
1173
1527
1310
2170
2413
1305
1304
91
2414
971
1172
970
901
210
211
2417
2242
2418
900
89
1417
1526
1784
2162
1969
1169
1168
987
989
1981
1982
2161
1968
1331
5
4
1989
