376
468
4330
413
385
389
116
321
379
388
345
331
360
352
322
407
328
320
355
115
354
2685
867
384
351
404
4332
365
874
346
387
452
368
424
378
412
318
332
390
343
358
367
356
406
349
363
336
323
314
2962
429
374
391
371
411
74
324
437
408
397
402
4334
326
370
2074
341
405
327
339
319
2686
129
431
308
372
334
362
4882
409
337
335
380
313
410
361
344
425
377
340
310
117
403
401
432
68
333
2963
400
418
342
1829
430
382
64
375
120
858
2042
309
196
155
505
205
194
519
922
76
1871
353
485
11
722
896
1125
1894
84
347
329
85
330
394
906
815
1586
897
856
1088
2319
771
73
761
369
566
813
93
818
714
316
373
357
1418
311
141
364
817
1868
2046
158
338
1124
42
881
735
2056
312
2427
1267
222
2669
1187
201
1112
192
1951
503
916
3577
104
156
77
2294
763
951
2110
134
538
2405
493
957
575
1179
947
1036
651
263
1952
218
570
25
603
1155
396
602
601
138
814
2130
454
1865
905
887
1282
206
81
86
433
762
625
1115
2498
212
723
1333
895
1957
1395
1853
1866
1950
847
2397
252
786
269
1089
760
527
2127
461
696
510
163
3201
350
2424
1942
450
427
1433
641
1373
1241
1439
2374
2119
453
571
1864
2596
697
124
2371
1086
26
2408
3041
2217
2366
1375
2404
961
1236
2128
2219
2423
3600
1266
495
1246
516
1122
417
71
1849
1083
1066
537
1291
899
2410
1243
542
296
315
1437
180
523
383
494
393
162
1021
148
901
1954
1283
262
1606
928
780
914
1067
193
764
446
268
472
277
902
769
27
414
59
1819
186
126
238
392
743
580
1550
259
1619
1306
1869
1296
1376
261
1447
568
949
888
875
2
1855
122
127
686
3498
66
46
60
2690
177
941
92
1874
2421
271
1110
1025
2126
736
2058
12
3497
3576
1129
872
3081
1414
1193
4
2398
1242
1039
855
2396
2748
1420
2134
1955
3878
2135
1139
868
775
4929
1560
43
226
637
270
1379
950
135
145
3071
200
2226
515
1292
254
890
898
562
1210
3350
482
565
687
421
75
1630
1777
903
1334
1535
1071
926
1596
849
1128
908
900
816
500
466
303
1588
220
892
1120
1108
247
1293
1258
698
3716
1493
893
1038
731
52
118
40
143
89
1966
793
514
1621
1239
325
58
976
248
632
1371
518
727
123
221
569
1611
883
691
694
137
585
1332
1331
224
4186
1453
572
420
789
491
3922
4622
2332
1527
724
106
605
2494
96
865
1623
217
634
2416
456
2641
689
690
1130
2322
1944
62
2399
953
577
526
1948
1417
257
3770
3697
2491
798
2870
692
30
1945
2213
131
1041
2881
398
188
4964
1485
161
1383
1709
925
574
3898
121
211
1055
1040
1237
146
1435
2823
4265
251
811
2753
3349
2123
198
2674
2009
2726
2122
2132
128
24
805
4478
79
2967
1133
57
1265
3055
183
1240
2266
1011
2014
4062
2281
1279
3625
1196
3026
3887
381
860
665
3668
1101
1687
688
244
853
1310
1451
2711
2908
1719
1123
4392
3129
1776
606
111
768
826
4184
149
1624
1526
130
1372
1449
1289
693
3083
2821
16
395
2138
366
88
470
142
34
1387
1121
1006
1556
4290
611
267
497
1234
1238
1204
4297
5305
125
228
1361
1787
1113
2010
144
795
3703
1408
2761
213
264
3309
1023
2615
660
3692
3504
704
1206
250
2618
278
621
2607
1181
2510
712
2774
2631
8
1494
836
4138
1211
1988
1378
2290
1524
33
2793
3203
3021
2080
517
2001
4481
626
176
616
610
1822
1668
2716
701
1622
3449
613
5286
1660
1116
1015
1501
2002
2477
3849
1254
581
4028
172
1325
2116
2094
3857
2145
236
1203
917
1546
4638
1096
1795
4069
207
1109
1824
1861
939
744
2771
1973
4474
1964
1298
2095
539
1442
1445
1075
1902
1008
904
9
870
5001
990
2268
1549
3166
175
979
2707
4086
911
107
608
4590
2164
181
1926
502
2338
3257
730
1673
3889
2729
532
620
1156
2704
2642
1813
1191
1346
973
3824
291
3015
2978
504
2887
475
189
50
481
974
3484
1360
1253
1386
1555
4475
2656
2811
3830
1137
476
1612
1166
199
203
3518
2808
4298
3606
4449
1733
1288
846
4257
1149
2584
1184
3402
3467
861
5407
1739
576
1314
419
160
1738
304
182
894
2552
832
4263
299
3773
3222
1943
249
2946
3004
49
2972
1058
852
827
1
1052
3167
2551
2809
61
1018
439
210
3888
70
1117
5031
851
1148
294
4333
275
1837
97
1655
1032
4375
306
933
2025
944
1497
301
2904
2744
2194
1478
2470
889
3417
1846
2111
746
477
1135
4072
2109
95
3771
4528
558
317
2420
4311
3748
3184
2034
1177
1764
638
3173
531
305
854
2770
1534
4371
2391
1890
2053
1676
1735
1760
195
1178
520
5258
1438
1033
3708
1048
1481
1152
822
2573
586
4902
506
3153
930
2350
2462
2059
876
359
766
2256
747
5168
4271
508
1755
113
1737
1896
133
1840
51
1725
447
513
590
255
1024
2720
2569
2594
3125
1362
2392
5122
1221
2849
4898
474
2352
151
3126
1168
2828
781
1986
509
799
3754
5164
1106
44
101
987
511
2181
103
4218
416
2679
3365
3190
2549
4750
952
166
1392
1602
1271
2543
2084
1459
658
1327
1649
782
2791
3195
3383
1628
3501
549
1625
1629
1620
1136
2912
1812
756
2571
755
223
1440
2724
803
1633
2007
487
1845
5368
5057
1308
3019
5364
1562
790
675
276
975
1406
936
1199
3162
1328
1897
767
942
2019
2755
3353
1397
1099
674
1201
2926
3210
99
977
287
1887
1208
32
3269
109
185
3510
4183
1398
4812
551
2719
631
2129
3452
3145
1028
5196
1147
937
455
3496
1336
4834
1153
3393
4055
3923
4845
232
4142
2920
3991
596
4124
1675
1098
242
4288
2323
1537
1352
2528
3630
1194
1918
348
1898
426
3472
2845
1978
3896
609
3829
4869
2747
1960
2558
3395
1100
3398
241
1158
386
940
2535
3920
240
2106
2980
2422
4950
3084
4863
1700
600
2979
534
2648
2314
1934
1410
4091
4252
1409
3762
2694
2486
583
2161
703
2471
1802
1402
4213
1722
2536
1366
480
2353
5304
564
165
3523
460
3848
4388
1104
3713
1350
1030
907
533
2358
3690
1916
3155
1029
1794
819
666
4776
2346
2822
295
3146
1721
3394
2349
1726
1496
2017
5395
1422
2318
3751
2291
2327
3534
3373
4345
1517
1431
820
2325
274
1171
3093
2328
1734
4254
2475
2658
668
2118
2117
671
3597
1394
2092
3601
2198
3036
272
5107
2016
3583
4894
152
806
3154
2503
802
800
1860
2593
3723
3438
3732
1823
3978
4956
1077
3637
3469
428
964
3216
1087
980
4506
2342
2900
844
1161
2207
184
1426
1520
3511
1859
4959
423
1641
1933
3585
1981
2299
3305
4152
985
2576
2512
3013
3840
3119
2632
2211
4188
4147
1057
216
3956
656
2387
2733
1820
3255
3334
1026
2140
2049
946
1197
1312
2784
2941
3591
1467
684
3540
3475
4452
443
4795
3194
1920
4343
3342
1538
2575
3275
2848
233
525
1162
4208
3141
3502
1832
4775
4774
3134
1880
4847
3142
3653
3428
3429
2728
3652
4849
4053
4848
2783
4620
4206
2782
3283
2388
1163
2386
2381
4647
2643
3527
178
4947
845
2634
4203
4082
2429
2269
5292
54
2032
2555
4721
1699
2274
4216
4215
879
2637
4922
3526
1561
612
1446
3535
2252
5317
3977
4479
2310
2768
2691
1290
1665
2764
2772
102
1730
3270
2160
1064
4185
3531
2834
4583
2271
4030
673
3008
992
4714
1217
4117
2950
3683
4874
3570
1456
4070
5012
3149
824
3069
5133
1103
1544
2246
3880
3738
644
1323
4115
2255
4877
2078
3704
3603
4919
4462
5096
4521
3739
2819
2651
512
1958
1111
2655
2233
1119
4438
4437
2008
3740
2818
1888
823
3150
5013
4709
4194
1264
1542
488
3795
4538
2488
4173
4600
2878
3984
3220
1269
3273
2805
3280
5235
246
2652
1677
3037
4267
3104
559
3679
2483
2636
2964
4308
3181
4104
3199
4733
3248
5387
3112
3380
462
5398
2413
4226
4836
4220
256
676
3242
4948
2385
4227
1300
5321
132
5333
754
3706
3975
797
2414
1604
2852
4353
1931
4158
2935
3664
3796
2982
2623
2622
2620
954
4044
1304
2437
5442
1262
4580
5200
2928
5201
4561
2921
1959
4084
2548
4122
1212
3551
4649
1767
5222
4181
1796
661
528
530
4209
1533
2339
561
3908
3909
550
4182
3239
2307
3392
4879
4953
1532
4489
4272
2466
1905
1000
3865
524
3859
5035
2645
1838
1670
4049
4310
1458
2777
1826
1825
4327
4054
3616
4329
4854
5233
3361
2927
3705
2393
4533
3448
1183
809
2173
3459
996
4006
3456
4549
501
5401
3730
2627
1169
4011
2800
1650
3040
1369
3876
2906
3874
4024
1487
3189
3727
1798
4000
745
2336
597
4980
4988
3156
3642
567
2703
4442
3164
4242
2718
2723
4420
190
197
1313
3312
2743
4400
3307
2722
3303
614
1728
1991
1093
1997
1770
1768
679
3000
4917
4921
618
1759
1131
2006
1132
1754
649
1151
1173
2354
2977
2994
3688
4153
1337
2195
5266
4205
2191
2810
2187
2872
982
984
1938
1590
1005
1413
3904
5161
3241
3952
4631
1019
1022
4624
2508
3223
1031
1044
3409
3122
4224
3060
471
877
5087
3778
4789
459
910
3769
968
436
2481
3503
5117
1968
962
5124
1599
3516
5110
2519
4607
2229
1384
1558
4350
2542
1903
2854
2209
2856
2868
4365
5079
1913
728
1910
3906
1357
1564
4348
2844
1915
2241
3936
3087
229
1576
1381
2831
3967
2231
2525
2157
3808
702
2587
3
4380
2158
3937
4691
2526
4764
4698
2843
5335
3623
2186
2124
2102
3605
4808
4810
231
230
2306
2903
4446
4680
997
2830
3969
3968
5243
646
1380
1507
1476
4175
1503
4176
4177
4178
4179
1491
4190
1484
1483
1479
1477
2953
1474
1473
1472
1471
1506
1508
1509
1511
4128
4136
4137
1553
1551
4144
1545
1541
1462
1539
4157
4161
4162
1525
1522
1521
1516
1513
4156
4126
4210
4217
1367
4287
1348
1347
1344
1343
1341
1340
4314
1320
1319
5504
5498
828
3645
3646
540
1889
2234
544
545
2235
3505
935
3263
3264
3265
934
553
554
3799
3268
3797
3271
5009
5010
4260
4990
2534
2533
2532
945
3812
5030
5029
3243
3244
1388
3811
4255
2524
2523
2522
4256
1883
2518
2517
5015
5014
4261
4664
4987
3814
592
2248
4677
4759
3351
3352
654
4896
4895
4892
4369
4370
662
663
3735
2379
4887
667
4886
4885
4884
3734
3733
2376
3731
1248
1249
1251
4904
4935
3320
1275
1274
615
4928
4927
1935
4924
1937
3729
1940
630
1260
1259
636
1256
1255
4362
3343
642
4905
629
3364
3728
3366
726
4833
4832
5496
5495
794
3483
2203
863
4703
4702
869
3499
3500
4695
4694
4692
878
880
4690
4689
4687
886
4683
4682
891
2177
3513
850
4717
3481
3514
791
792
4027
796
4762
4761
2243
801
2240
2239
2238
4745
2227
821
3464
3465
3466
829
830
833
834
4728
4720
848
2170
2169
5488
5489
4613
3868
3867
3635
5128
5127
5126
4247
4249
4250
4519
4518
1757
1758
4248
3858
3634
3632
5155
1035
2568
2567
5151
3881
2563
2562
3627
3628
3875
5140
3121
4238
1043
3633
1763
3641
1765
1065
779
3169
3170
5084
3171
448
4036
457
5080
3174
3426
1297
1068
5081
5156
4782
4778
3094
5169
5170
3436
3092
3437
3089
1706
1705
3439
1995
1003
3444
1698
5185
1697
3445
1002
2577
2578
2579
4554
2581
5194
2582
4555
1712
4557
1713
4548
3147
1971
4807
1284
1285
737
738
1982
1294
4535
4536
4792
4791
1305
1307
1013
758
759
4786
3431
3432
4547
3884
2836
2125
2148
2150
2153
2154
2156
2162
2165
4064
4815
4816
4818
3400
3397
2114
3396
4830
707
706
4835
4838
4839
4842
4843
683
682
4860
4861
4865
4872
4829
4873
2108
2103
3580
3579
3575
3574
924
923
3573
3572
2020
2021
2022
4625
4626
4627
2104
2023
3564
2035
3559
3558
2664
1589
4942
4943
2638
2639
2640
4480
4337
3972
3973
3974
994
1680
4383
2308
467
5311
1919
4605
3965
3964
5273
2616
2617
4484
2619
1921
2270
4604
5312
3962
5283
2625
2975
3963
2973
5288
2629
2630
2624
5272
5313
5314
2939
5336
5337
2672
2673
1157
2675
1778
3992
3993
3994
2983
5240
4579
3017
3016
3014
3931
5250
5239
5251
3933
3934
1615
5256
5257
1614
4585
3932
3002
956
3919
4560
3666
3665
4568
3912
1639
3913
3655
1900
3661
302
1635
300
3660
298
3918
5226
4559
3001
3939
2931
3596
3595
3590
3589
5347
5348
2943
3584
173
3582
170
169
3581
2790
2890
2891
147
4403
2434
150
4402
2670
2668
4500
2897
2898
4501
4021
164
2445
2449
1144
1145
3722
3102
5375
1877
139
136
105
2863
2706
2864
2702
4421
2698
4487
1801
2873
3101
2874
3544
3545
2334
4492
5385
3815
2684
3816
4493
3818
2692
2293
2292
3983
3955
4968
4967
5478
5477
1405
5413
3191
2954
208
209
2955
1091
1090
90
445
3274
4067
4068
3183
3276
4074
5432
5433
5434
5435
2712
2713
4075
2359
5440
5441
2360
3317
3182
5412
3192
3777
3052
3053
3048
3696
1664
1666
1672
1674
988
989
1682
1683
1684
2825
1930
3675
2273
4342
3674
3204
5475
5474
2082
36
1415
1416
2859
3300
41
5467
5466
2086
2858
4445
4444
2802
3299
2368
3529
3528
5453
5452
2813
2814
2815
2816
2992
2993
2997
2998
53
2803
2085
4983
2762
3788
2081
2749
2948
2947
4110
3787
4965
4984
3784
2780
3278
21
4100
2731
