384
525
116
439
397
501
388
472
436
110
546
512
446
465
477
396
447
588
484
553
393
470
482
115
113
524
420
459
453
376
463
395
493
502
610
561
473
433
387
2327
486
480
573
120
487
413
426
122
510
405
425
483
401
451
448
476
370
1610
513
442
375
534
471
2887
419
505
500
497
533
371
415
391
409
398
119
1131
569
3213
489
452
503
369
802
2183
571
377
456
578
522
4515
498
526
609
616
407
521
417
583
604
529
399
109
509
504
565
570
490
449
127
516
385
515
507
564
358
64
582
606
392
567
2179
554
551
491
558
474
444
475
560
416
496
389
599
615
5088
383
434
430
2176
460
121
584
568
441
492
670
454
4518
885
112
499
520
394
532
253
142
455
1133
414
550
562
1127
1125
2656
2184
422
557
406
461
1074
2168
846
870
662
195
665
2551
227
840
835
305
602
481
125
163
1404
1073
1613
773
1003
1062
535
92
3
105
2534
1211
592
580
1612
1704
445
386
1605
768
705
111
767
819
579
754
605
1477
845
450
1033
22
165
367
291
495
1618
167
428
841
192
223
1031
85
457
1917
265
282
1603
148
424
1584
850
862
1667
1137
1598
437
81
1586
1184
117
633
246
1186
589
68
1071
1280
1538
191
1361
390
1602
654
1608
363
217
1513
1590
608
603
597
462
1808
1615
467
1199
842
90
1193
258
517
2178
1072
466
241
1606
954
73
1474
796
124
1539
611
1195
742
1984
270
720
508
325
35
595
772
663
1390
687
527
421
614
3039
1550
156
1064
60
331
1190
182
1066
1194
904
1389
1191
1659
1423
2237
968
1403
138
236
338
820
1022
1236
523
340
70
949
646
1599
1604
239
3309
175
1607
3036
586
598
2517
3214
5172
1514
2169
1151
94
1065
226
201
1944
1070
1069
2649
153
563
404
382
478
1043
364
1448
952
1478
1600
716
114
1221
194
848
723
1275
1146
706
2531
1
1265
235
1611
2627
458
2637
234
173
33
1459
1609
2633
1139
2177
531
177
874
1080
1595
629
593
678
821
801
479
880
3330
537
2238
913
1516
1596
381
1197
418
946
209
1035
1549
814
1210
283
1582
1163
691
746
1295
32
1214
1585
1153
978
2646
948
3219
871
793
566
653
1923
469
1286
530
136
3304
2632
596
1617
645
4516
464
2172
1143
717
1208
23
1495
1435
1016
210
668
4088
180
179
3336
149
622
1614
1302
1581
594
185
794
601
822
682
319
189
1588
648
707
935
169
176
323
157
2146
1535
335
957
1922
933
187
1766
2630
172
244
2896
1816
328
649
2625
186
130
811
932
4061
264
1921
2380
48
197
5527
667
269
158
65
336
2409
312
1329
134
427
799
1452
741
3732
1213
1592
1358
8
2460
724
3212
104
1709
3795
1152
552
907
34
1488
247
318
960
1264
1036
2235
671
321
288
403
3218
2624
868
147
2066
160
975
1047
1649
1217
998
379
36
372
2603
1623
1154
1155
1396
2131
2598
943
1656
313
171
1426
1134
17
1980
1181
934
133
2702
80
656
1368
82
1068
1811
1828
1658
1453
359
2669
722
650
519
151
1278
45
3936
1601
20
1920
243
708
1494
1158
1482
1749
237
785
829
2667
1817
941
1442
1579
1982
808
1727
1055
647
0
798
940
961
958
273
1425
5
962
2234
963
854
1757
1987
883
2643
14
2798
732
1160
242
1117
1695
1219
1200
139
1169
2572
685
882
2881
695
1331
1475
734
887
1348
719
1101
146
1129
747
3733
2283
1710
771
1171
809
2170
1314
624
2078
575
1206
58
816
1030
910
576
1830
91
1493
2639
3679
864
3166
2034
4381
1650
2845
98
926
1052
1063
1224
2290
3652
1813
1383
2928
354
256
4564
315
1218
18
29
1187
140
1521
181
2275
262
1719
836
1237
3225
1496
1641
765
1926
1315
959
639
3135
2530
824
4474
2026
1086
924
775
1558
1476
263
3056
1865
4000
872
1432
37
992
1123
1673
581
973
1988
1728
141
329
1433
301
1570
294
2960
4443
233
2851
1566
3277
2558
3147
2767
2457
281
538
1024
1115
2012
4537
898
945
3998
2749
1168
3062
1694
2053
1335
1915
1731
725
1447
4804
2752
891
2755
3130
1296
2849
540
1227
2879
4441
21
295
1434
7
2727
3058
2671
2014
1110
1720
731
159
1919
240
2773
2301
2915
908
1526
1928
304
1553
2050
126
1056
221
435
4191
2063
2523
4150
3278
5492
2763
1621
4105
1627
2499
2548
1745
1537
198
1775
3153
1909
3018
2943
293
914
909
3451
866
1685
5114
100
3797
4042
1746
3179
1471
3742
1765
1961
2519
3738
1963
2681
729
5363
1013
255
1819
2837
1502
2361
3331
3452
4359
919
4103
3839
4161
3368
1076
494
2127
5031
132
1778
849
1725
1170
4159
1082
2400
3454
1380
1905
1747
1511
1654
4007
2342
4448
298
3418
1902
1981
2443
3241
1620
352
1454
196
1979
3506
178
1365
3370
2463
906
4090
1837
224
1657
3499
42
1159
2698
1897
1892
102
789
1821
5001
2811
2245
1177
260
1561
2640
2511
76
3446
326
748
3752
3464
2951
4611
661
3433
1839
736
1971
4050
2454
3705
2686
1437
2783
803
2898
16
2251
660
1318
1261
953
2846
2287
2411
2559
31
950
4358
268
4
1804
1406
271
2198
1021
152
1646
4399
1034
1167
1384
1019
4432
2339
879
5231
2969
248
4794
651
2708
2377
366
1311
1327
327
1283
1372
4195
3584
637
2244
1456
1381
2126
2272
1138
1343
2061
4438
1861
1522
1333
861
3635
108
309
994
3780
19
72
2007
631
1583
3811
875
346
2027
2901
1108
3041
77
3687
10
641
3151
238
1669
1373
1504
1873
1299
3111
905
5578
93
1838
5518
204
2182
795
188
1948
577
3224
1272
4311
984
675
3379
627
2239
3422
4419
4987
3586
1436
1258
1969
1029
878
1281
2680
1157
1079
774
1949
1800
1260
2859
1307
1587
1183
4379
1803
4972
2807
1628
1420
858
1755
1912
3440
350
903
1947
3016
628
131
572
229
3647
548
63
84
3396
4466
230
3009
1989
4533
1692
1499
2957
423
2922
2520
488
4262
1282
2547
1083
123
542
2076
2175
1674
1015
3585
1001
1480
1172
362
1308
1693
245
2959
967
1973
804
543
3006
1880
2285
1251
1986
539
911
621
735
630
3306
1498
3933
877
3175
2735
2013
1205
1737
1078
3967
4427
1822
3634
3417
4643
278
334
1814
3468
2116
812
1007
4318
1563
3810
5076
743
2982
2204
3737
5422
2130
1457
57
4627
1285
2114
1899
1048
1724
1093
4333
2888
3432
1185
1815
1094
1176
1793
2527
276
3993
5294
981
3921
2802
2799
3790
332
330
888
137
986
837
2579
1060
1914
672
2224
3949
1450
2096
4001
30
3488
1266
2031
285
2578
652
2049
107
900
5249
5112
4617
1908
2490
3965
2710
440
2261
755
830
2665
3063
2294
4004
1376
2105
2587
3919
3525
1593
2581
2056
277
2955
844
3010
1512
3682
2996
1215
2394
1407
5447
713
3436
1321
825
144
3603
1764
704
2202
4052
790
2072
3022
3887
2891
1408
2017
3667
1473
2214
1910
3505
1903
4237
3941
1305
266
983
805
274
3606
2853
5457
3090
2478
3094
220
1472
1209
2452
2407
1515
1273
5180
2149
4484
2008
2006
3011
1049
2771
2825
1353
1352
3322
3233
3747
1505
2920
1254
2568
1355
1467
620
261
5653
541
2223
2310
3706
2404
1699
1418
431
4703
2390
3760
855
3194
374
1629
1700
889
2659
2768
2661
3117
1044
3096
411
1382
3030
2775
1527
1385
1529
549
373
3052
231
2670
1487
2450
1918
514
4623
4517
2074
3141
555
2143
1126
666
1009
2000
2647
184
2741
2382
2832
703
1594
219
4644
4353
2104
1664
3299
1887
5383
1006
3204
4174
4659
2685
1312
3516
3517
3405
2004
1964
1758
2917
2311
3394
5048
5438
2150
1269
2663
2453
1196
2402
574
2476
2378
677
528
468
1293
5053
674
5116
1347
2398
410
1790
4910
2861
3339
3665
4367
5011
4151
1207
170
1462
1337
1041
3926
1411
3399
215
1339
1252
770
3614
4373
5401
4429
769
2795
4878
3251
1846
1429
1911
2099
4108
545
2803
214
2583
2292
4577
2181
506
536
2841
1580
4750
2118
183
174
559
143
2840
400
1567
2751
3762
2563
3961
128
4197
3067
1130
683
1140
763
518
1616
3467
547
2777
3447
3775
4148
2956
429
3154
2779
2774
623
1852
5165
3698
4690
2576
2874
3248
2826
1461
4250
976
4368
408
4289
1267
2655
1460
1084
402
438
544
145
1589
1135
511
1965
1202
974
4043
1136
619
4985
2196
1506
2412
2696
1896
4553
3412
1401
2715
2329
3239
1351
5702
2970
1104
2594
750
2500
2401
1324
4530
1486
2892
203
1786
3725
3083
3729
1328
3303
1554
5147
4522
2716
5675
1597
709
1332
1326
4470
2722
4953
3387
212
2570
728
4639
726
1555
4640
2614
2616
993
2615
995
5680
991
5679
5678
3132
4222
921
4029
2018
4028
5181
4027
2619
4023
4810
2055
4202
2611
2785
1226
3307
3211
2958
1150
759
4177
1751
757
3618
4774
1050
1458
3092
4409
1530
4226
3579
154
873
166
917
2954
1222
2760
857
2717
206
1287
3745
4106
3003
2992
3898
1543
4632
2438
788
1204
2904
2468
1360
2945
3480
1541
5034
3328
250
2236
4862
2573
1660
3164
5514
4685
4584
300
5235
1099
1799
3948
1715
3867
3807
2263
638
4363
982
4701
1319
2023
951
3871
1977
1088
4074
3716
1362
1395
4310
3479
4397
2440
4449
4912
1116
1345
3611
1414
1507
2020
1248
1247
4037
810
2725
2080
4120
4415
3908
753
1907
4983
3156
1863
2164
1253
4618
2071
2495
2973
3938
1968
1967
3677
782
2550
3005
365
3254
700
2109
2216
2556
3559
1632
5332
3740
1356
3051
2079
1630
4737
4707
1552
1688
2129
1182
894
895
3800
2537
4869
5635
1768
3600
52
4073
50
4854
2855
5403
205
2653
1309
1779
2651
5162
40
4663
2676
4346
3885
2501
3886
2139
4375
4377
4527
5185
4344
1306
5029
5030
2219
2677
4390
2546
2138
3201
4235
1122
4210
2207
1500
99
1797
1111
4730
745
2016
4207
4239
1323
1322
4728
3230
3351
2410
303
4229
4230
4182
4648
3250
5415
5068
1687
2477
4661
5058
4666
2201
3093
3261
4679
4687
3264
5423
2745
3500
3702
2737
1701
1706
4646
733
347
3723
4013
368
4571
1854
2801
4574
1300
636
2788
360
1288
5086
3963
912
4596
4010
3240
2133
4602
2971
5579
1841
3960
3476
3962
5431
3382
2905
3826
3843
2232
1517
1548
4357
823
1568
5277
3858
228
3353
2854
4314
1643
786
1644
1479
3824
1375
860
2297
3802
5629
4491
2953
4426
3524
2940
4464
2932
2274
1438
2921
4948
4472
1369
1645
4261
3397
1874
5236
1890
4100
2107
1951
5243
2092
3427
1974
2003
2091
2010
2028
5179
4836
3668
3884
4739
3870
3566
4926
3441
1091
1095
4156
1743
3560
1784
3046
3048
1419
307
3125
1792
3551
317
3543
4153
1107
3659
1739
3182
4844
4846
4252
966
3624
3200
3629
1972
4807
5473
4223
3159
2690
2692
901
4775
2705
4770
4894
1046
257
3641
4135
296
5250
3361
1336
5360
1341
1870
2331
4524
2300
5669
2341
3770
2352
2154
2307
3757
5266
3113
3109
2368
2367
4525
5590
5670
4829
2338
2340
5267
2351
4523
4352
2357
2565
2337
2299
4900
1871
2309
1872
2308
2330
4767
3107
5168
5696
5699
5697
5018
2024
3903
4996
4995
4991
4990
2029
3899
740
739
3918
2504
777
1417
4122
5033
5032
1402
4423
1400
4424
5027
5026
737
3913
3912
5017
2498
2497
2005
3503
3504
5009
2491
751
3907
3906
3905
3904
3512
5000
3513
3486
3514
5037
5039
2542
4403
3460
5073
5072
5071
5070
3461
3462
3463
3937
686
5056
5054
701
5051
3477
1410
1409
5045
5044
710
711
712
714
5674
5689
977
3669
2270
3663
3662
3661
3660
859
3657
3656
3654
3653
2288
2291
2282
4802
3675
980
4784
4783
4782
4780
988
989
3689
4766
4765
2248
2247
3690
1008
979
4816
4817
2293
2333
892
893
3615
896
897
3616
3617
3621
3622
3623
2322
4851
4850
2243
4849
4845
3627
2317
3628
5667
5668
4142
5123
5122
5121
5120
3413
5118
3951
1359
3950
1357
3419
5125
3420
3421
3423
3424
3425
3426
1354
3947
5102
626
3946
3953
1364
2569
2567
5167
3378
5164
5163
1901
3381
3969
3392
3966
3964
5146
5145
3401
3402
3958
3957
5135
5134
5133
1366
3954
1363
640
3430
3431
1955
1957
4295
1894
5177
5176
5175
5174
5173
3372
3373
1346
4444
4445
4450
1317
1316
4475
1304
3445
5098
5097
3366
5186
5187
3363
5213
3347
5211
3348
3349
2580
1882
5206
1883
5095
1885
5201
5200
5199
5198
3356
3357
3358
3359
3362
5202
2585
644
3448
3892
3890
4519
2451
1257
2449
1256
1255
2444
5661
5665
2978
4833
2210
2209
2208
922
923
925
927
2186
3700
3701
3707
3708
3715
2161
3720
2155
3721
2145
2142
2211
2141
2212
2221
4931
4930
4929
3602
4914
4913
4897
4896
4890
4889
2213
3626
4877
4872
4871
3645
3646
3648
884
3649
2230
2227
4879
3734
3735
3591
3783
4689
4688
2077
4187
3272
2605
3275
3276
5284
5282
3271
5281
3279
1812
4008
2591
2590
1818
5280
5262
1805
3266
2621
3259
1798
2618
5310
5309
3267
5308
5306
5304
5303
5302
1801
3265
5307
2622
5261
1825
1857
1858
1859
1860
3340
3342
1856
1867
1270
1268
4510
1232
1231
1229
1868
1824
1855
3326
5257
5256
4956
5378
351
5379
349
348
2048
4742
4743
3186
5385
3185
3184
353
4965
4964
1732
4962
333
780
4961
2673
2674
4385
4957
1723
5405
5389
355
356
5376
1762
3553
3554
2041
2042
4981
380
1754
1753
4980
5357
4054
1750
4733
4734
4735
5365
5366
4974
3198
4736
2045
2046
4401
3193
3192
1540
3152
3761
1690
5425
5426
4093
1686
4098
1682
1681
4099
3131
3749
3129
5441
5442
5443
1677
279
1120
4102
3155
5410
5409
1702
4039
4040
3799
3798
3796
3789
3788
3787
3786
3529
275
3531
4754
3534
1718
1717
1716
3535
3161
4081
3158
1703
1721
4035
3119
3114
1652
2736
5496
1651
2739
2910
3222
1773
4021
4022
4031
4032
3110
3228
1662
3098
5480
5481
5482
5483
3082
3081
1661
5489
3229
3236
4563
1174
1175
1179
4559
4558
1189
1791
4550
4548
4547
3256
4536
5320
5321
3237
1192
5490
1639
2718
1626
2742
1625
2748
2750
5532
5533
4131
4349
4144
4145
3043
2762
5546
5547
2764
4244
2070
2069
3031
3033
4371
4372
2060
2733
2732
2059
2728
2724
2723
2721
2720
5513
4127
208
4126
5506
5505
218
222
673
2466
4154
669
3025
4157
4185
4184
2989
5595
5594
2791
2790
2994
5586
2995
2999
3000
1569
1571
4172
2770
5570
5569
2769
1577
1578
4168
4167
2075
4158
3024
4325
5658
5659
1439
4674
101
5613
103
2097
2441
4675
4587
4586
2437
5603
1141
5611
1534
96
95
2812
4316
2810
2809
1523
1525
2102
2101
2949
3484
2100
2098
4201
4200
1533
4680
4581
4580
4681
664
4705
4706
659
658
657
2381
2383
5085
5084
3834
5082
5081
5079
3485
3846
2813
3847
1165
4272
5639
4215
4669
4668
56
4609
5638
4949
49
2818
2819
44
2115
39
4610
74
4214
4682
3808
3809
1557
1556
2979
3324
3323
3856
3860
3861
1850
1023
1848
1025
4683
2469
2470
3855
4658
2875
4296
4297
27
1444
4274
2876
28
4273
1445
4655
4256
4263
4268
4248
