365
313
295
277
318
322
702
324
271
321
3931
275
281
268
296
312
269
319
298
335
293
297
280
112
299
302
333
371
326
2763
332
2509
308
276
279
348
328
1876
627
331
323
310
284
304
272
2510
2511
305
286
292
287
516
383
386
336
447
316
301
283
334
288
391
307
68
2762
330
294
327
127
274
537
267
172
378
303
309
113
389
1618
306
337
1570
289
311
387
1637
278
700
355
338
704
339
81
634
142
291
372
270
699
1625
374
370
314
742
115
1085
184
59
174
787
428
738
1524
936
2107
49
718
2824
47
1457
89
2104
486
2960
2022
838
727
3
659
484
78
526
1290
515
739
740
2235
11
2237
461
1739
892
488
235
833
77
485
1751
456
1938
743
434
590
658
66
657
83
1074
156
512
915
1950
282
617
966
698
2208
2213
177
1359
715
180
2209
574
957
388
576
1010
1393
968
350
1935
176
382
2364
1745
1746
417
620
2230
1012
375
1009
621
74
69
2577
539
38
1936
231
863
367
872
514
2
418
785
444
179
165
86
513
254
433
1080
87
359
133
1351
242
262
655
153
737
2178
756
1752
429
419
2214
137
755
341
124
2223
122
1578
1612
2207
1588
439
914
344
716
61
722
630
639
1125
1307
1505
1743
1344
431
965
1120
1576
751
1267
1355
119
735
706
154
3027
1109
3665
376
945
173
117
1163
84
709
4081
384
2736
580
3199
229
619
171
163
196
190
934
1269
230
723
178
744
424
932
741
1087
644
263
2436
1068
661
315
4465
846
16
145
920
135
1098
754
546
2233
1116
853
1036
317
2169
721
392
459
975
605
2021
1066
1108
4464
990
794
1398
731
2029
1013
252
1531
2234
855
896
3661
3366
4155
168
192
218
1937
104
864
1076
597
415
2245
121
3932
2236
144
1196
33
1456
1058
1044
185
577
579
572
227
261
2490
858
575
2760
1106
92
1741
4573
928
725
3200
509
908
1136
4165
421
455
125
320
4398
379
3849
129
187
1165
67
573
1155
4934
1774
1498
1268
1740
569
548
463
492
1399
493
1043
354
123
134
570
571
1744
4124
2471
510
1059
2653
256
935
530
2317
1132
2228
2225
606
1237
72
2227
158
1820
989
1403
136
64
465
3303
887
2564
969
933
1400
555
1358
689
4254
2293
1115
467
2888
1932
759
960
205
528
495
2652
406
126
1061
2582
2012
1094
3741
664
1465
695
3777
2159
1609
3975
3110
912
234
3781
3782
1233
2502
1675
2912
380
468
981
1119
300
1903
116
2330
1161
2570
285
1092
2535
2796
197
1547
708
97
138
2799
490
2099
1525
2529
2881
615
879
2203
1349
12
711
95
15
273
202
1763
517
1425
442
82
3808
1929
2926
645
1314
1157
2376
377
351
847
4089
1336
842
2735
497
921
3102
131
1291
7
3331
152
3830
1200
1810
554
2010
4810
2584
2972
866
147
2610
457
2401
1734
1447
1011
140
3839
2285
1681
1171
17
2232
30
1934
1409
845
4070
3726
1129
3244
3595
919
1806
1474
2131
2226
2444
3995
3508
236
532
811
660
2403
2555
4487
3893
603
511
4630
815
3168
2231
1472
1469
843
1887
260
771
2974
3544
783
1206
1259
2458
1236
3187
925
943
865
538
2260
834
958
812
1172
2122
618
3780
3075
4
536
1333
1173
1802
413
290
871
3979
224
2820
680
464
1387
4754
451
3013
2146
3074
1230
2879
2624
1973
1056
1815
3885
96
1415
2865
496
2622
128
2091
4731
349
1007
3415
1156
1940
2052
1019
3402
57
462
1057
3758
1114
3894
167
814
824
2558
3412
390
130
169
2957
805
1070
3007
3570
2190
325
2470
175
1252
1077
1895
1045
2778
352
643
483
4367
219
2929
1166
1337
2717
544
470
3467
808
4084
3755
2641
646
2367
4217
1081
426
1424
4681
3778
939
1347
3269
3139
347
951
182
3156
4937
3953
3397
4049
778
166
1250
1473
427
48
2120
1530
3840
2544
1002
1248
757
2814
3462
181
400
3480
1460
1828
2299
2435
226
2314
854
1686
450
2754
2051
2569
2123
937
395
3731
1249
1912
2767
396
730
143
1680
1597
941
449
1540
2654
207
2303
747
729
1405
160
1251
2730
851
3676
1215
2383
259
1067
1388
2729
4454
2164
631
5080
1188
3690
4923
212
745
3196
2015
161
3882
2101
2728
4412
2114
1158
353
3627
4228
2682
3363
2350
399
734
852
2121
1961
2200
2648
221
363
2684
2913
358
749
667
2422
1730
3788
581
2928
2863
1241
632
2949
432
3171
394
99
4413
758
1640
868
906
1345
4369
550
671
870
1356
2426
1140
1
210
251
194
553
798
1782
3260
3981
1886
1708
73
398
3222
1348
1346
3225
1965
2615
1706
346
2360
2616
2734
752
3946
653
1682
703
3087
1134
3040
1499
2794
155
2336
2630
3592
4839
1413
2696
782
3672
2410
248
1880
3846
3376
2893
3062
1175
3276
2163
1571
991
1736
2999
636
4665
4390
3194
2296
792
2894
3718
2732
1111
2291
876
1112
4560
608
4816
1619
3609
4316
381
2725
922
733
1467
4559
1404
4947
2324
1169
3370
1496
499
1411
1201
2271
799
1491
110
2675
609
412
3131
1600
613
2847
4193
2609
4547
976
1245
3198
2130
1147
2545
2979
2724
2637
3733
2321
3130
2341
2096
2737
1439
2135
3902
1117
822
776
479
1729
2003
5010
1633
2153
3438
1232
2774
3253
4803
4805
2147
817
4426
1338
101
250
103
1042
959
971
1192
1860
2310
118
120
2211
91
5009
364
1170
955
356
105
1234
1440
2142
2006
4562
3265
4550
2197
2195
3036
670
2764
264
2526
2411
1927
3574
2543
4518
3717
1996
2348
1185
3094
3091
986
3235
1565
220
3749
2759
3525
1107
201
2594
2680
2679
3515
1004
4966
3390
2059
1470
3112
1315
4173
1712
2487
3837
3770
3645
2063
683
1322
3642
2379
1406
1516
2298
3856
3743
4618
1216
1218
3753
3270
1956
5079
503
2017
2821
476
2975
2389
1837
3958
2295
2956
438
1901
3343
4895
3821
541
540
410
2359
4606
407
1724
2521
3774
4003
2917
2782
4190
4207
3539
149
1767
1687
1363
2581
3513
697
1394
1256
816
4551
2149
666
3425
3779
5003
4488
2884
3437
2889
665
2681
3349
3230
1758
964
823
1219
62
3579
2457
2780
1436
2871
2674
826
820
437
687
2840
1052
867
1407
4837
4329
1026
1702
3986
3455
980
4590
2921
2712
1566
2803
830
3401
2434
2742
1617
997
1303
494
2603
2250
2373
3942
3089
2639
2638
944
4909
4397
3799
3790
1685
4423
807
1532
1563
3079
2665
90
2771
1031
4270
4026
2740
3080
4284
995
1412
4310
1450
1451
3950
132
3725
3216
4472
3386
3388
3398
4689
3364
2103
3477
2288
594
3302
3516
1988
4226
2419
1126
1971
1970
5090
3223
2421
3384
4128
678
676
4129
40
3242
4876
3261
2306
4872
4388
2308
2417
909
1330
3201
2405
3255
1340
4023
4380
1350
2375
3283
3273
2366
889
3991
2332
2328
2393
3264
924
4039
3053
2611
4126
977
3092
2567
3095
1243
4090
3978
4183
2252
2257
3001
3533
3836
3628
4656
761
3018
765
3612
4456
774
1943
3768
1552
2644
675
2698
3492
4638
3939
3324
4587
4194
98
2967
3502
2656
3727
106
1103
4351
430
1176
1906
200
241
3572
489
4409
4695
4064
4087
211
4068
233
4416
2036
2842
253
265
4629
2835
4421
2744
4438
642
1279
2090
3457
3350
3448
1726
3446
2455
1246
1040
2459
3927
1573
2882
600
1514
1508
4942
1475
1464
562
1884
3556
4391
558
4911
2925
3900
2793
2156
2934
926
2468
1024
4566
3668
42
4703
3406
2525
696
3677
1195
1191
3164
409
1182
3162
2790
2785
1709
4745
4759
2028
3400
5
3484
1197
4059
3650
1481
1189
1183
1962
1181
4892
4345
1564
1198
2900
3678
63
3796
3795
1711
3161
2786
2791
4758
4760
3163
23
1710
3165
2678
4764
5104
5105
5088
5087
3862
3850
5086
5076
2554
1274
4498
4497
4496
673
4495
3982
3984
3496
1835
3149
3159
3988
1836
1264
3495
1839
1260
4479
4478
4477
693
694
3493
3160
1277
663
662
628
629
4533
2259
633
3967
1821
3133
3134
1822
640
641
1258
3972
3141
1282
2244
2243
2242
4514
2723
884
885
4295
4294
3290
890
891
4289
2032
4287
4286
899
2031
903
4281
907
3299
910
3300
2023
4275
4273
4269
3305
3306
3309
2011
883
882
4297
4298
2085
818
4352
3250
3251
4349
4348
4347
4346
2077
4341
839
840
930
3267
3268
2062
4324
4323
5070
5075
2046
2042
2039
4322
3274
3275
869
874
2002
1994
1985
2049
1353
3320
3332
4251
4250
3334
4244
3338
3339
3340
3341
1955
1954
3319
3342
3239
4361
2116
750
753
3195
2110
2108
4404
3720
772
3208
2094
779
3236
780
3214
4382
4381
789
4378
4377
5061
5060
4417
746
1494
3184
3190
3191
4402
4375
4374
4373
3224
3181
1945
1931
1925
1916
3356
4230
4225
940
1907
1904
4418
3227
3175
4427
3122
3123
3127
3128
2140
2139
4474
4467
4462
4461
3174
4460
4458
4449
4448
4442
4441
4437
724
4433
728
4429
4459
5042
5055
3855
3582
3581
1229
2951
2952
4161
3576
2955
4160
2958
4157
4156
3569
3568
3575
2944
4714
4715
2342
404
2340
2339
2338
2337
1214
1644
2937
2939
2940
1647
3583
2943
1645
2968
1212
2971
4663
4662
4660
2989
4658
4140
481
1194
1193
4654
4653
1683
1187
2931
2930
4186
4188
3422
2919
2918
3598
2916
4748
4749
4750
2915
3599
1805
2344
2346
2347
3601
3602
2910
3605
3606
2356
2357
2358
3607
3608
2361
360
2345
3610
3976
1797
3543
4143
3545
4144
1772
1159
4016
1673
454
4679
4680
4148
4150
2973
973
3553
3765
1149
2292
2294
4001
1179
1180
1606
1602
2886
2880
1590
2878
1148
345
2875
3618
1587
3619
2868
2867
4797
4798
3624
3625
1577
3629
2876
1145
1144
4029
1089
4650
4651
3004
3003
1095
1096
473
472
2997
2996
4066
2238
1099
4061
3529
3530
4056
1110
4047
5039
5038
3772
3630
1550
4824
3631
3632
3633
2381
4832
4833
4834
3374
2384
1542
2386
2822
4847
1534
2397
2398
2399
2382
2400
3379
3380
3119
3120
4210
4211
4213
4214
4215
1789
3395
2858
2836
2857
2855
2854
2845
1560
3383
3382
4813
4814
1556
4817
3394
4205
2619
4863
4864
4866
4867
3651
1520
1519
3652
3654
4878
4879
1512
1511
3658
2407
1507
3009
3648
238
3647
4858
4555
4552
583
584
585
3099
3100
625
626
4512
4511
4508
2810
2809
1528
2807
4857
3646
4556
1506
3933
198
4925
193
4926
191
2445
2446
188
5035
5034
3798
204
2415
3679
3675
3674
214
215
3670
3669
2772
4889
4034
4035
4043
203
1075
1073
1062
4075
4076
4082
4083
2263
1048
1046
1041
1038
4037
1037
2416
3681
2472
141
1433
1434
2462
150
151
2461
3709
3708
3706
2453
2452
3705
2450
2449
4949
2583
2672
2158
4102
1385
1386
4101
4100
3064
4099
2157
4095
4094
3724
1416
1699
2671
2481
2482
2670
3466
2171
3465
1255
1254
2168
2167
1420
2495
3751
93
94
3750
1378
5013
2669
2494
2173
3011
1704
506
507
508
3051
552
551
3054
4598
518
4597
520
4582
2743
1879
1881
4616
987
4615
985
3793
3844
3794
3930
3929
2522
2523
2601
4121
2600
3857
2621
4637
4636
1463
4940
3762
3763
4939
3033
2634
3474
3475
4583
70
4584
4120
2620
4130
3845
2597
1898
1899
3511
2201
2560
4131
3512
1462
6
2204
2205
2574
2585
4608
2572
2571
2587
1389
2541
2542
2595
2593
2563
2562
3834
