422
451
115
442
345
396
398
339
390
426
424
365
353
462
461
482
449
376
439
388
404
408
358
465
342
4301
450
425
340
346
896
354
463
2704
378
402
409
373
385
413
387
370
473
435
351
368
448
372
394
467
469
466
116
444
121
662
50
208
403
2977
350
360
343
391
437
431
347
419
890
349
225
386
460
481
421
399
401
445
152
1885
344
453
464
188
894
459
470
758
377
2087
441
898
479
1446
400
352
2073
472
64
1442
204
6
446
1430
315
226
341
471
452
144
96
1517
330
855
65
583
630
222
221
1124
765
269
643
27
2341
405
750
519
3186
155
74
1291
296
854
857
45
926
277
66
936
1493
615
393
2979
190
939
19
904
1468
181
131
136
282
162
1278
280
1227
931
2525
852
652
227
392
924
617
440
536
218
853
285
989
1102
220
484
1451
40
382
2072
1457
621
1443
407
1129
279
1178
4422
1138
538
657
1296
183
1515
2344
2460
61
518
706
712
1250
1294
1470
1292
1458
4962
274
170
695
3045
414
2431
2168
1289
2163
562
2448
768
298
228
468
1599
1415
4808
941
319
176
849
540
863
230
447
49
1483
1364
1869
985
3072
293
528
126
380
2106
1297
523
2450
579
357
497
856
286
5337
1007
355
1287
709
205
2427
184
930
916
302
951
1125
2459
937
383
4302
1008
516
160
570
234
658
2245
89
1375
200
637
1962
2229
1613
1197
1656
198
537
502
574
58
2
704
2167
1400
858
666
1285
284
1353
1648
1621
724
4443
3451
2465
762
1418
1878
4928
29
364
933
2156
710
1188
932
132
2252
312
1137
1279
917
1228
1745
1232
1403
10
922
697
2868
76
935
191
1482
140
1526
8
416
2914
1011
594
784
977
4452
1191
804
1843
1766
1043
509
739
1167
1175
670
389
1600
148
825
655
1256
3668
124
1017
654
719
2249
243
159
564
1959
1153
337
571
2627
335
332
1657
1371
925
611
1293
703
940
2976
500
1341
714
161
568
53
138
701
215
1826
1524
21
819
1373
501
907
3077
2362
163
239
94
331
47
1419
1100
2021
979
2974
1085
1507
2481
1170
1288
949
610
211
4156
1151
1796
272
2520
773
619
2497
2161
430
813
2354
117
1965
1290
696
210
720
2409
209
1626
157
705
2953
317
1963
1579
835
5330
4039
1120
968
1146
1304
22
1868
994
1589
38
2313
2621
3452
747
1251
297
105
1095
823
1354
1436
1337
371
2104
149
2165
4084
241
201
1652
1169
650
1744
1060
4215
599
2035
887
810
1750
2449
561
2713
860
700
193
1286
2029
1186
2406
628
4321
757
186
1283
1323
3716
92
1508
953
4884
515
196
397
588
2230
1583
2549
46
2773
4026
1765
2815
1909
4442
1696
2380
2783
223
4900
3357
1474
4184
504
794
2662
2228
171
179
4264
334
44
559
2740
4445
316
259
4254
3732
2480
2926
1746
2467
3407
591
4217
3026
3941
2558
1241
1246
841
659
1000
1150
268
1543
975
55
629
147
1478
839
1469
4149
1467
4710
886
2820
1425
2934
4454
900
2673
1680
2759
920
1032
379
2516
2472
1252
3820
1009
830
4336
1713
146
4272
1737
1582
5212
1023
1487
1217
1693
2744
3170
1308
4106
158
3126
645
596
4007
1243
3458
882
1372
605
57
902
328
2340
1089
919
1299
3742
1152
2181
782
1424
1505
687
3693
2171
487
1531
533
807
1969
4876
2841
123
1359
1946
978
1492
891
485
565
2785
281
716
512
826
3818
3245
361
202
5016
4136
2179
918
631
2842
206
1783
868
2282
1692
1360
684
534
3606
1204
219
627
113
308
1942
2296
3425
1559
3104
2741
1674
1511
783
752
2533
1412
310
3628
180
653
1705
903
257
927
2575
5302
1282
156
3345
1092
248
1811
638
973
1527
2672
812
3566
4913
255
213
101
493
2576
3338
2117
2192
3866
2253
2843
2734
1076
2469
249
2578
1378
224
1850
1033
548
1172
1830
1547
2430
1203
4968
2592
1513
4148
1989
1242
3226
1494
789
777
759
1384
842
15
2949
1629
1051
1689
1348
2856
307
947
1587
2870
2597
242
233
1263
828
3387
3032
3647
1512
3707
2422
2583
1106
3715
1912
829
1
1190
2847
808
1650
3543
1189
2484
192
4206
572
851
1094
1565
73
214
938
1485
680
2637
2882
212
4488
1248
544
1312
3436
2456
1910
51
733
1914
1350
1179
797
2361
1519
1193
182
730
1506
175
954
799
3761
1913
1698
2160
2367
623
2291
54
2930
1194
4207
1751
569
1740
511
2711
665
4154
1711
2155
71
4153
2746
3297
4081
1213
549
2726
2323
3152
1083
3119
37
2524
3862
359
2387
913
1471
410
2232
4032
1624
673
2855
25
1165
2929
2057
3172
369
929
4450
3169
2108
356
2159
2688
2107
4346
1086
1187
840
2709
1018
103
897
246
3688
2651
1275
2943
415
3326
5106
821
663
1101
4147
3812
4263
1195
1672
1322
1396
4344
3229
3696
1679
1879
2935
1670
847
1133
5265
75
3153
1212
1397
1302
1295
2305
914
2162
2240
2164
910
1280
1163
948
4333
510
321
3151
1649
1025
5248
1221
600
455
2747
4848
2666
1236
2064
4578
2602
1164
1034
3782
2129
2458
2722
756
273
104
1838
2675
1958
601
1907
1168
908
4125
3651
3650
2545
517
3888
1363
2048
2105
946
906
1459
1284
883
1918
1651
1281
457
846
1939
1366
2095
3270
4377
893
1247
1072
2125
1405
2845
1787
271
1764
3524
363
1761
1778
2765
4590
1983
4629
1135
1952
1015
1003
1046
3442
4
944
1254
956
1117
1045
1580
2609
1098
2727
2128
2574
3236
1934
3518
1647
1404
4582
3889
2958
375
294
1654
2008
336
1107
1463
4343
1979
486
16
3348
2413
2393
3737
1075
276
4043
2969
2196
1208
889
5238
1298
785
4076
1815
252
3828
4213
1574
174
1971
9
4389
4118
374
275
4772
367
3501
5006
2185
154
2047
1056
333
2284
1974
3496
1557
3499
4220
2891
3960
3128
2739
4322
2234
4759
4761
292
2239
3145
1728
1310
3408
2136
3725
3643
1633
4172
1941
2397
1149
3366
2424
2425
1185
1634
2209
166
1038
2565
4205
2812
1001
4655
4654
4335
4214
1432
1817
3788
3485
1953
4652
4653
3533
1905
3751
4127
1226
2238
4280
3027
2723
1082
2863
3250
2938
1200
2187
2622
5216
2724
3775
2654
848
1211
1020
1019
2988
5056
1518
133
2966
2993
2885
5416
2194
5017
2195
2968
3284
4611
2655
5401
578
261
1042
4158
963
945
967
102
3198
723
4155
3528
2615
1239
1758
3548
3233
264
3039
2237
2235
2222
4231
1988
3010
3433
729
1386
776
173
2962
686
4858
2560
4984
2330
566
3443
2236
4364
604
3103
2552
3278
2720
2733
3092
2289
1734
3575
1391
4692
2601
4686
1776
3337
3107
2830
3694
3417
676
3418
3695
3697
2522
3419
3065
4520
3067
3066
1694
1695
5258
2415
4776
314
1998
976
2493
3202
4553
959
3200
3381
3738
1558
1071
3523
3201
4117
3963
3380
958
3923
1594
4165
4034
1951
2381
1180
2333
1844
4867
2175
3879
3221
4275
1309
2003
3097
3515
3002
3448
1748
1858
1747
3974
3176
2051
1702
3508
4778
1937
3507
1206
1452
3982
3158
3159
1421
3264
4435
4797
1671
1635
693
1488
4554
1379
5471
5362
1684
1848
1439
3492
1798
2515
3327
2402
1546
2769
4880
2360
52
1181
4178
4458
318
1945
3267
2685
2037
3610
1821
3328
2948
4659
1207
1214
2403
2083
4881
3681
2345
3652
2061
3842
2513
3714
1812
1685
3895
4316
1562
1538
1534
4463
2584
1318
2626
1160
1093
1062
3527
915
4853
770
3453
2840
4920
2860
2884
597
551
5055
507
2952
3003
3342
3017
111
1628
1683
3619
194
4145
1973
4138
2274
2126
3886
3959
1781
2218
2307
1756
3968
3988
3843
2247
2262
4020
3455
862
869
5399
1498
1490
1854
1440
2978
5392
2643
2017
2617
1849
3898
1111
3864
4408
4410
4615
3816
434
1365
1361
2103
4789
1514
1816
1595
1707
3324
229
934
1577
1576
1567
1566
1754
2782
4299
4300
266
1024
1026
4112
1029
4111
1035
1037
3062
3553
5320
3178
525
1174
2322
3749
3637
3638
1759
1414
2613
2618
325
966
2639
2642
305
2645
971
4702
1402
1398
3438
5240
1428
348
675
2508
2511
1480
2518
1476
1823
4830
3910
2536
681
2547
809
2572
2587
3446
5250
982
5253
1948
4905
2757
2758
2762
4444
5324
1306
4449
3316
4473
1898
2829
727
1789
648
3578
1730
4540
838
142
4251
3790
4152
3225
3227
1499
3237
4518
3243
3532
5034
4508
912
2046
767
5137
4549
5134
2881
2268
97
1118
1550
4967
2275
1873
1545
3519
107
4561
4695
5390
2298
2852
5124
4223
761
1140
2865
2267
592
590
2474
1955
1381
866
1966
251
2990
3710
3720
3739
3754
2043
3766
3770
3780
454
5071
3851
3871
5051
5050
488
495
1863
3687
3677
3675
2154
2718
2702
2691
2669
3286
5296
232
3394
1862
253
3504
3511
2258
2250
2242
2193
3641
3660
3406
522
1791
1771
1224
1220
1218
1216
737
1198
753
4491
4872
1114
5407
2992
4017
4957
1346
1704
4954
1357
3013
699
4944
3082
4005
1048
4934
1104
646
1097
4141
4171
635
885
2883
4574
880
4594
546
3121
4988
4986
555
4783
2959
4089
928
3140
3101
5420
2973
4770
4402
576
3141
4142
2109
4595
4107
2707
3684
4605
4090
1047
326
4559
5488
5487
877
4687
879
2265
881
2264
884
3469
3470
4676
4675
2254
4670
876
3477
4667
3478
3479
3480
3481
2246
3482
2244
2243
3487
4649
921
4647
4646
4668
4644
4688
872
4754
3414
3415
3416
2317
806
2316
4743
4742
3427
2304
3428
4730
4729
873
827
3431
3432
1678
2894
4897
1333
3295
1332
2411
2410
1326
3303
3304
656
2405
2404
660
4879
4878
4875
4874
668
1320
671
1319
3313
3314
640
677
639
4899
1888
4933
1352
606
607
3273
4927
4926
4925
3274
4923
2442
2441
3279
2433
1900
4909
1339
1338
3287
3291
3292
2421
4898
678
1316
5483
5479
5010
1859
3246
3247
1860
1314
3253
3254
3255
1311
1866
1867
1872
4308
2391
2390
2389
4309
4313
1277
1276
4942
3240
4950
3743
4981
4980
4979
4255
2455
2454
4970
563
4965
4964
4963
3784
4959
4958
4956
4955
4953
4952
580
581
4951
3239
4318
1270
4982
692
3721
5475
5476
4570
5091
3134
3848
3136
3137
5086
5085
3138
3847
1063
1064
3630
1066
436
5078
5092
5093
5094
3849
843
1753
4495
2535
2534
4693
4494
2166
2530
3854
3853
4226
3629
3850
418
1067
5076
1068
5112
1785
3164
3165
2486
1786
3167
5044
5043
3168
474
475
4252
477
5437
5436
1549
3098
3099
1735
1041
1040
3444
2183
1742
3108
3109
3110
3112
2182
5130
2540
3113
2541
4504
4505
3867
3868
1725
1724
3086
3085
5144
5145
3873
2555
5131
3114
3115
3116
3829
1772
3826
5073
3150
4480
3830
4774
5066
3155
4775
2211
4777
4479
3154
2556
4768
4485
4765
532
531
530
529
526
524
4994
3218
3217
4997
4998
4999
3215
508
4372
1199
5011
5012
5014
5015
4355
3199
491
3197
3196
4349
4348
3193
3192
4345
3206
5035
4373
4375
3331
3680
3329
3325
3318
1112
1113
1121
1122
4428
4427
3722
4418
4417
4374
1144
4407
1147
2350
5235
3021
4568
5210
3603
952
3602
2582
1636
732
290
950
734
3926
2593
3005
943
3934
3935
3000
2999
4204
3022
3024
3025
3608
3900
4800
5179
5180
329
327
964
2559
3907
322
942
2561
5189
5190
5191
5192
3908
962
2564
3411
3912
309
5188
5236
2603
2604
3589
3588
5431
5432
3509
5252
3946
3947
5257
245
1592
1591
2607
240
2608
238
4202
3951
2611
2612
5251
4802
4804
5247
3382
3384
3385
3392
4826
4825
4821
1618
3952
691
3403
3404
3586
3585
4805
5244
5245
5246
3592
231
1585
2963
3568
3567
3971
2940
5306
5307
4621
2646
2944
2647
5415
5417
4130
4040
4041
4053
4054
4060
4070
4071
4103
4104
4109
1401
4128
4129
2792
1390
1389
1388
1387
4161
1266
1406
1491
1495
4011
3645
3656
3657
3663
3664
3678
3679
1827
1717
1265
1716
1688
1687
3891
3893
1555
1554
3997
1523
4010
1701
1255
1253
1230
4533
4547
4548
5286
2892
5348
5347
5346
2893
3374
3373
2897
5340
143
2898
3068
3369
3368
2904
2905
3367
164
165
4857
3069
5328
5351
5352
2680
3536
3540
3541
4477
4478
108
109
2874
141
2665
2875
2653
5364
2652
5361
5360
2648
4642
4641
2664
5327
3365
2624
5288
5287
1073
5285
4514
5293
5393
1936
2112
2111
2692
2693
1935
3364
3363
2946
2355
3361
3360
2500
3161
3160
5292
3495
3494
2499
4631
2714
4326
3174
2835
2115
3531
3530
2921
1166
2920
1159
3056
997
998
4395
4396
3055
1984
1985
4618
4705
4706
4617
4327
1990
3175
2715
5289
545
543
4525
3621
2753
2038
1052
1053
2084
28
2034
2033
1054
32
203
2956
2957
2793
2794
2799
2800
2801
2039
2040
1055
4470
4469
2041
2754
2055
2056
2742
