345
321
359
129
297
320
323
371
354
301
343
358
2525
299
355
351
308
337
357
3869
368
307
294
360
305
322
130
340
298
350
311
1877
344
319
369
338
302
304
2765
309
342
349
361
372
928
296
295
373
339
347
1605
463
227
77
154
367
1873
736
2526
93
710
144
316
326
327
1668
272
362
132
1027
2027
156
53
318
202
1525
328
315
317
306
413
4380
159
481
1449
346
1008
628
956
460
170
73
78
335
1595
158
99
96
878
176
249
627
687
470
686
1124
91
196
776
56
243
405
2770
15
459
732
752
1741
673
2147
733
107
949
1110
629
474
395
723
729
907
731
953
672
448
2124
2769
738
721
414
2121
2278
737
525
2136
1937
32
54
2248
2325
848
671
86
115
198
906
546
2249
74
2251
169
246
87
1742
1057
722
182
4507
313
392
157
353
522
1743
68
292
2270
250
1733
416
3599
256
2214
1305
832
251
411
454
1932
329
1089
990
1087
3605
774
674
409
1092
33
521
7
310
630
432
417
1056
98
964
1945
2275
1118
2268
835
820
178
0
1020
3307
1952
1736
950
812
141
946
652
139
1306
942
1739
462
12
2271
735
1012
1667
994
325
582
2828
167
2260
668
1
958
447
833
986
333
194
214
2307
393
67
55
136
945
166
83
377
348
866
1219
943
882
647
2247
90
854
1730
728
240
2273
2205
364
356
1221
476
191
370
419
133
4
754
254
224
744
658
421
877
855
685
1060
581
746
580
1039
390
1033
993
179
917
585
868
59
578
944
1186
1732
286
109
637
426
89
212
1220
146
2763
285
1204
397
3153
288
1308
193
134
829
4093
435
939
81
458
1287
551
142
197
138
1245
152
3154
161
2469
3003
352
205
1043
1025
590
204
101
724
2668
143
394
303
717
542
1735
1737
834
3133
401
734
2276
3964
2546
1120
727
2411
3427
1496
560
408
1135
2033
381
579
487
564
4860
1774
780
2277
2353
948
1444
151
181
3675
610
1729
465
3792
145
3717
1365
600
992
1479
4520
455
66
491
468
1112
1808
503
155
489
2384
1569
3266
140
2120
893
988
469
124
618
234
1151
3872
1121
871
492
486
2590
2264
1905
3329
2615
2267
1540
229
799
3081
1423
336
108
1731
1704
1081
583
2997
3085
1993
225
2814
1097
114
3832
341
2038
796
237
464
4130
330
4017
2643
536
2888
1433
2092
1964
289
2580
1061
3119
382
3617
509
607
248
529
2523
3842
549
823
31
1000
1429
221
1671
2030
279
1288
1091
1960
947
1799
2948
707
4013
1441
1175
2441
3745
602
3573
177
4254
2433
1346
1487
280
916
2368
667
1156
195
1019
1065
1977
1371
267
39
530
52
1038
1096
2429
4386
149
688
1766
236
148
1940
1878
804
2011
905
2483
1815
247
34
837
1437
3542
1361
172
456
975
767
1123
363
1519
189
932
1847
3370
2867
95
1898
1439
1677
3440
1266
3300
168
1042
88
3791
1125
2113
3788
898
217
1516
2084
2530
1712
1191
1041
1672
1005
2805
3656
1738
2497
1004
4730
1996
858
2640
2152
1419
3497
2740
2941
1985
2190
624
657
2203
676
614
499
2138
4413
1021
112
3299
716
699
2949
2609
1313
4487
1301
427
1513
207
41
428
2550
5036
2595
750
895
3631
3783
982
258
930
1443
1075
242
3916
2118
3422
273
184
2151
1403
2781
1163
1786
496
1242
3346
1201
745
1755
514
3641
3028
2847
933
190
1801
909
430
1013
2333
845
2639
2787
3651
1023
4303
2821
3385
3078
1746
1311
880
826
3888
2722
2916
1926
889
300
552
11
1629
2283
14
137
403
4502
2392
4016
2274
291
1134
2822
1363
689
3762
870
1366
2856
1209
4552
164
2114
586
987
3546
213
1202
22
4553
819
3547
883
5035
2635
2572
2561
2731
3157
3311
2187
1662
2986
199
2559
681
2193
969
526
4149
483
2630
1476
2414
3139
824
3995
2018
453
2061
926
150
75
472
2774
3778
1063
424
1450
4744
1146
2737
1131
498
25
215
2631
2014
749
208
818
278
434
1518
1448
275
3670
2570
1368
276
523
785
506
825
2752
3284
180
1028
640
3771
2809
1113
797
4412
563
547
1816
1979
122
3843
4178
2693
872
442
1562
410
1377
622
3804
402
867
1933
4425
2979
709
135
1049
1203
846
2730
742
1362
332
441
1011
1067
4453
2186
3376
1249
2531
4367
2532
809
2436
2140
1035
743
100
2410
3242
334
609
2460
4275
3630
2228
3525
635
2179
1594
4933
127
3218
3135
5030
3337
2617
3394
537
2459
1129
1886
2142
2240
270
538
2533
3166
2013
1578
1304
1751
1561
3261
1489
810
2608
183
3611
2766
3734
1718
648
3710
891
2199
1770
4858
1046
82
656
2135
1955
3830
2499
3593
147
3245
2651
1032
186
730
1029
1454
2534
2776
70
952
1119
974
976
3034
1887
262
2456
1307
1040
2462
3380
3336
1050
567
2408
374
1773
2669
3366
3351
3576
1970
2042
1790
2672
2182
1728
211
209
2243
500
1425
3998
3632
2592
2337
4580
1989
3668
887
376
3023
2689
3571
1410
2130
1632
4796
3853
1855
545
4499
2736
2091
3520
4676
3063
4728
4508
2263
2262
1990
2458
461
934
725
3389
802
2725
2910
1190
2230
2231
2302
535
556
2299
821
3383
2339
2335
2340
2336
1779
2346
1941
439
4864
1225
2594
1094
281
3058
4526
3866
452
1552
3065
650
504
639
3657
2039
2246
786
4019
3526
3379
3384
713
3016
2823
1702
1717
960
1988
661
3662
3318
587
1036
2019
4536
2382
3984
2400
5006
2047
2444
2928
4247
92
2241
2963
2242
2864
2577
4171
2021
4048
588
899
2807
4822
2667
94
3848
2454
3738
118
2486
119
2861
3207
4806
3677
3215
3485
3912
2424
2732
2161
3608
1185
3186
764
4485
1396
3521
2597
1436
1258
4230
1705
3487
3323
1567
2984
915
740
2713
1144
4947
1006
1312
2157
2350
2717
1158
2074
1357
1150
2006
2557
571
1748
4062
443
1974
978
1638
4002
450
2758
2711
2068
4621
1756
3894
2371
2802
3951
2008
2612
1369
261
44
490
4281
1471
3417
1442
63
2484
2738
665
2566
2363
399
162
188
3741
1293
4516
2868
2398
2938
1182
1003
3879
2185
524
3149
4924
293
4223
3711
2582
283
2602
708
3114
4528
2696
3445
3446
4468
967
28
4047
3659
3940
968
1399
3319
3882
4045
1481
1413
1414
228
2634
2994
2742
2637
230
1480
2744
1832
4320
50
962
1138
1068
1546
3973
3027
2393
3747
4809
4415
3461
4910
3241
1515
13
3471
2373
2757
1374
4684
2756
3514
2544
1137
3470
3607
2824
1016
2064
2054
2044
2025
1030
2020
3454
4156
171
2127
3488
1098
1923
1919
4741
3501
1902
1103
1895
185
3535
1079
3554
3332
4236
4304
111
2343
900
3175
3182
4285
3212
3221
912
4226
3231
3233
3234
385
2237
920
4266
2200
3291
2176
2170
4280
433
1421
2476
2472
1431
1474
575
2451
1477
2449
3821
1491
2442
1494
558
4551
548
4558
2480
1407
605
2494
2909
691
2605
2603
1250
1261
3976
1290
3787
1292
2556
3955
2537
1367
3907
1373
1380
613
653
696
1577
3044
4647
3587
4831
3578
1782
4661
4849
4974
2848
71
3628
1698
4107
3566
4118
3644
4372
3562
1745
1747
2626
2801
331
3070
2789
2619
1115
4073
3648
4610
3704
3886
2416
4577
3687
3685
1206
1196
1602
1153
2375
1145
2885
407
4055
2367
4064
4679
4769
3089
1721
881
2684
5017
3298
252
3126
4616
2721
3131
3095
3094
876
2660
873
841
4347
806
769
803
793
843
2662
4327
2665
201
2700
4618
844
3475
842
4716
840
838
807
869
3691
805
3577
801
3679
4765
1426
875
406
4617
3132
203
3314
3130
4894
2103
4326
3097
3096
1291
5039
5025
1348
3934
3930
1244
1246
3925
1252
3922
3921
3920
1257
3918
3915
1263
3911
1276
1277
3935
2673
3854
3860
3867
3868
1302
1350
3883
1298
1295
1294
3890
3891
3902
1299
1233
1229
3953
3991
3992
1166
1165
1159
4005
3990
1152
1148
1142
1141
1132
2655
2062
4338
4335
770
771
4334
4333
4332
777
778
2057
3185
2048
2046
2045
792
3187
2043
4314
4313
2041
4310
4309
4340
3190
4341
2065
4394
4393
4392
2102
4390
2097
3147
4379
4378
4377
4376
4375
3148
4361
4360
3162
3681
2075
747
3164
2072
4350
5021
5003
539
1723
3009
3010
4539
4538
550
3449
3448
3447
3029
3030
2196
3437
4514
3436
572
4544
3007
3695
3005
1181
1177
1176
1173
1172
2245
2244
4571
4570
3970
4566
516
4563
3978
3979
4557
4556
3000
3002
3035
3435
1128
2188
3054
3426
3056
3057
1435
480
4594
4593
2966
2969
2971
1693
1700
1701
1126
4022
4028
4029
3432
4042
479
3420
478
4603
3496
4626
3495
4624
4623
3494
4620
3962
3963
2265
2946
1674
2951
4608
2952
2956
1086
1085
1084
4492
3411
589
1760
1761
592
3410
1763
2146
2141
601
269
4763
4764
2374
3569
4767
4768
999
2377
2378
290
2380
2381
1001
2813
2026
284
2811
2810
4106
4105
1566
925
3325
2818
4785
3568
996
2842
2841
938
4740
324
2839
3067
682
683
2835
1207
1208
2036
3557
1822
4397
312
1583
3560
4396
4162
3563
2593
3128
3127
2015
659
2016
655
4422
4423
4424
3109
3108
638
3107
3106
3104
3103
631
3099
3098
4444
4448
4449
3048
3047
4495
4496
4497
2007
675
677
3725
4251
4255
4256
4257
4258
1867
816
815
814
3258
3257
4289
4290
4498
1897
1904
3224
3223
2578
2173
2174
2933
2932
2927
2923
2922
445
444
2913
2164
429
423
422
2899
2891
2890
4654
2883
4662
4666
4667
425
2139
2105
1976
1813
3295
3294
4229
4235
3288
831
830
4242
4243
1834
3274
3273
1849
4295
761
3199
3198
1924
1936
706
705
1973
200
4977
1015
4958
238
2750
2749
4204
4820
4821
1483
4205
4824
4825
850
849
1486
2745
239
3585
1485
260
4795
2342
4798
4799
4800
3588
4801
4805
861
860
2348
3584
244
4804
1484
2735
3321
1791
1199
1200
1446
4884
2419
2703
1805
1806
2681
1809
4082
4126
4127
4174
3309
4855
4940
4939
4938
4937
2445
3402
2443
3401
4931
4930
4175
2439
97
4848
3702
79
3701
2793
4787
1510
1511
1750
4225
1010
2303
1753
3690
3689
4847
3313
3305
3304
1077
2280
4157
4158
3377
3540
3375
3539
2792
1417
1418
4891
3769
4209
4210
1469
1468
3957
2328
2329
2334
2873
3618
3619
3621
3347
3622
2677
4911
126
125
2428
2430
3706
3707
3709
3714
3720
2473
2678
62
2312
1072
4677
951
4685
4686
2863
2862
4693
4694
4077
4076
971
972
3350
4070
3519
1524
1523
3534
2782
4792
2568
2567
3731
3730
4791
2481
2482
38
2491
2492
2547
3759
2503
2504
3760
2548
3537
