274
670
286
299
341
672
277
1631
77
313
364
1014
669
663
2782
347
306
4002
78
304
1629
359
295
362
273
1610
1628
290
303
287
280
79
289
281
282
357
328
343
283
278
317
2576
300
1620
294
315
316
1878
1632
1618
302
276
116
234
115
40
81
73
533
32
291
297
161
52
131
664
155
455
1635
279
719
363
271
453
825
284
272
424
157
285
288
587
1212
54
1170
746
275
301
507
3328
4572
471
1922
360
293
666
137
1603
2544
556
2978
772
687
1617
298
1655
307
296
665
57
729
540
49
1311
619
90
1026
380
186
1038
578
156
617
521
1039
1025
976
1140
2333
723
139
1041
377
216
2144
27
718
121
1036
227
404
1160
195
1031
1114
1139
487
1310
2141
3718
420
2276
620
1313
337
715
735
169
411
519
82
1080
618
2130
97
1210
1642
4678
1798
486
392
1795
209
459
61
1076
1600
326
908
217
9
292
208
321
389
1800
1129
199
130
1449
523
1792
599
1141
458
319
2875
2327
728
320
1979
1604
136
1799
1157
700
1641
4679
430
228
1085
770
690
717
56
101
563
2273
12
846
175
541
214
1072
531
46
387
147
31
108
2
934
2254
472
2061
725
584
703
730
5
1138
202
848
403
120
1981
691
722
333
4005
2245
2213
86
837
336
308
692
148
631
1896
378
975
734
39
215
506
2531
144
695
203
733
918
2234
170
615
111
415
399
2207
2052
172
1196
60
379
1640
4677
765
489
174
857
607
102
129
1136
1481
1630
419
2252
267
91
88
191
1480
474
951
517
85
2259
677
96
421
3857
516
1215
1292
1137
162
905
1149
2270
925
520
917
21
1211
1209
866
2271
1396
1058
5040
1365
2502
3244
1309
2456
4164
1296
1122
104
5082
3625
366
233
1112
593
864
163
3622
2169
1786
882
1083
105
1788
146
1996
2546
1433
3245
3246
4295
616
1246
1221
909
518
2392
1111
2237
409
1272
447
1110
405
1983
2530
2884
1787
109
358
1312
1633
324
70
436
87
28
919
704
2408
4158
724
980
679
3917
269
2654
872
23
2913
1205
586
4061
1131
993
44
3918
3858
1781
2717
1452
1854
106
2255
710
10
3811
153
253
2250
1791
2272
2618
83
438
1063
1533
755
1887
483
2309
3016
406
741
2603
698
89
720
547
3523
2677
1613
4743
2778
410
2200
952
766
571
2486
1440
543
2135
933
4352
671
3425
853
840
2840
1162
383
968
762
1751
2942
373
367
2331
1187
2674
152
668
3628
37
1732
2330
1846
2364
929
2757
1400
222
261
859
3586
484
613
3545
1143
141
956
1760
3177
2049
2697
2614
1033
608
71
2746
55
3967
3243
768
923
575
1549
1746
652
167
1615
1287
809
962
1421
1032
1331
1286
757
2266
658
927
1429
1276
1192
1614
890
603
1473
431
4160
2343
1740
2604
935
1330
2822
981
3132
1580
3144
368
1447
1652
2812
1420
1084
437
1444
450
490
1249
2399
219
580
150
988
2499
2256
1167
1108
1219
2145
2881
5123
2824
3228
871
2422
965
145
132
1254
123
466
1900
3689
1627
1
3112
2749
2428
2683
2612
626
1067
2113
119
589
4702
807
1801
1191
4346
2467
1082
1976
3891
1969
2897
785
4598
2738
1490
2037
2789
622
135
2380
1225
2575
855
2046
1155
4055
808
604
3909
1230
4854
869
59
713
805
124
210
889
1071
1840
417
2257
3910
628
4217
2279
2596
995
1024
66
2684
1013
2944
1166
567
1988
1102
4360
2116
1990
655
706
1589
936
2176
803
1762
159
1023
1398
4583
1866
716
5039
2864
4264
3855
312
226
678
133
2945
5028
2599
1224
1413
999
3571
810
3587
3185
1094
950
2941
212
143
350
1126
2156
989
3361
1020
740
69
2648
1938
2137
1037
1245
1121
2315
1865
1372
1811
3413
1340
4827
5130
1197
1514
1492
711
1259
1764
1062
1328
701
1096
2389
2694
841
2134
158
3214
2265
1838
2584
930
4047
851
856
3481
630
928
1343
461
2005
3494
972
1943
1218
565
240
4023
1435
945
1125
1730
849
4547
597
916
2688
1636
3488
2740
3638
1261
2465
4577
1602
2770
508
501
171
1179
777
1721
3152
2434
3478
2616
4856
1584
961
2008
3218
3191
1002
3647
731
1204
568
564
1572
1621
891
2705
1844
947
784
2187
4239
562
3270
1146
595
833
3668
4555
1920
2324
970
2765
530
949
335
4390
134
2795
2249
3512
3941
588
1248
95
189
58
3509
3930
3139
3109
2372
826
2225
2588
2871
1206
1992
183
4107
340
847
2752
3644
188
2750
463
323
3268
1726
1639
4308
398
3126
1637
1881
93
854
977
2160
548
3168
254
1043
62
2994
2758
2943
2274
45
1379
1624
534
352
1585
760
2605
2413
742
68
1527
22
3630
248
251
4147
3193
1850
3251
820
684
4932
361
1646
1626
2442
2415
739
738
354
4778
3442
1611
1964
4988
1848
2310
92
3101
649
1280
2078
5129
2275
3960
2430
1985
1744
3966
1405
3522
712
35
2548
268
160
2783
5007
1777
3536
3281
200
3827
884
205
2374
2011
827
3786
4597
2311
983
2077
33
817
2421
1399
1228
3626
798
639
1931
2082
4123
2044
510
2321
3794
4210
1841
3554
764
196
2542
3277
1404
2582
551
5099
5077
2555
499
1571
966
3506
3601
2631
11
2963
3635
964
4301
3454
3860
192
681
3480
3482
4139
2791
4485
2572
3624
4260
2524
960
542
2416
815
2419
2418
816
3248
426
958
1470
1053
2139
2637
921
2821
1128
1437
1494
5180
4222
4671
643
1052
1535
705
2895
4937
2818
1776
959
3059
2904
1802
1853
4961
3211
2182
4809
3650
1425
2817
3186
527
2946
1977
1534
494
2649
2475
1411
2411
2724
2253
3887
2540
939
2455
4779
5215
1593
2435
198
2190
3744
1243
2520
1207
1164
246
559
3568
708
3167
4628
1048
2247
444
4991
3227
771
2991
514
865
3847
1540
5153
1465
997
4344
4035
3260
3444
1826
1530
3345
1306
3344
2751
3921
5043
149
4029
1401
2753
3473
2050
4561
3209
1099
2440
3559
3203
2587
2865
4168
650
2131
875
3611
3609
374
4564
2338
3471
4996
3123
2393
94
2982
223
3570
2960
2347
2952
181
2036
3745
4108
4121
140
4157
1189
1302
749
1307
2286
4113
818
5134
3562
2989
428
2170
2041
3472
371
2847
4464
1859
931
1871
3314
4514
3317
1942
1953
3073
3336
5176
2497
2485
435
2967
759
752
67
3447
2387
4657
707
502
3459
640
635
3483
5156
342
1783
3815
2284
2651
2663
1594
1130
1397
2641
1124
2802
1117
4968
1064
2861
1190
2776
3926
4409
3903
3028
3192
5118
2541
1247
4972
4504
3734
4728
4730
1016
1241
1240
4939
331
332
2695
2105
4329
1234
1233
4922
4757
3037
3765
736
904
3017
4907
3730
2552
2056
1612
2693
4214
173
4529
5073
5061
3158
3676
3672
3164
1989
3645
645
4324
3173
1086
2006
633
632
2620
2194
3927
1823
1831
1520
1806
3382
3381
2290
5013
2294
2958
1489
4710
1491
1519
786
1550
1436
2756
2196
4278
468
434
554
1517
128
2504
1512
2719
4753
3221
4544
5107
264
1172
3919
987
1178
4402
4263
2501
4844
4745
1947
4741
5119
3998
2739
2760
812
1297
207
2658
3580
4693
4582
3836
3709
525
2278
4269
4656
2623
4575
2611
4095
1833
4097
1575
2268
3357
2676
2742
1780
3743
605
1078
4044
3021
3830
1091
2710
2706
3727
1101
1103
4481
1107
2473
4235
2205
3117
2581
4680
782
4666
1277
2064
1269
4203
830
480
1879
4805
179
177
3125
2477
4610
4881
5083
385
3885
2549
2557
2570
1056
1044
1894
1017
3812
1856
971
3787
907
3131
3520
370
190
600
1431
4672
3297
3271
1475
2109
4117
4133
2351
4530
2357
3456
2362
4638
4726
1528
4901
676
1536
3162
1539
225
2903
3550
488
5212
3760
2785
2838
4519
1765
5206
3762
2893
2848
801
4
5217
2877
1727
16
3764
804
3056
1156
561
2837
4441
3529
1544
2159
2849
42
2906
1766
2094
2892
2876
2878
3763
41
2885
4518
4520
5211
5213
3095
3457
802
30
3124
5207
4992
1300
4593
1301
4081
5202
5209
3959
3965
1407
2786
1389
1382
1381
3958
4001
4006
4007
4008
4011
4012
4013
1356
1353
1373
1438
2610
1439
1509
3884
3890
3892
1488
1487
3907
3908
3922
3923
1463
1462
3928
3934
1448
1442
1441
1345
4030
4040
3879
4114
4119
4125
1238
1237
4126
1229
1226
5195
5194
2772
2138
834
835
3300
838
839
3301
3302
4467
4466
3306
4461
4460
3307
3308
3312
3315
4447
4446
3319
3320
4442
868
2112
870
3321
3322
4458
2140
3293
3292
4521
3265
2168
2167
4510
3807
4508
4507
787
790
4502
4501
797
799
4493
4492
806
4489
3816
1809
3579
1812
1813
3578
3136
585
3137
2297
4683
4682
2295
3575
2293
2287
1220
4670
4669
4668
1216
3566
1808
2280
2308
4697
1794
546
3591
3590
3589
3588
2325
2323
4712
4103
3120
560
3121
4104
1803
2314
2313
2312
1807
4699
4698
4696
1252
4661
612
3183
5183
5184
2741
3596
1771
1773
1774
538
539
1779
1203
1185
3082
1184
1177
1176
3556
3555
1173
4154
1199
4155
3081
3602
1755
4091
2346
2345
505
4092
3608
3606
3066
3067
3068
1759
2336
3605
2334
1761
3072
4746
3604
3597
4156
2263
3610
3175
4186
3533
3532
3180
2723
3621
4786
4785
475
476
478
479
3623
4783
4775
4773
3050
3051
3052
3553
3552
1733
4165
4087
4792
2370
446
3014
4077
4078
4383
1720
4791
2361
4082
4083
4800
4799
2356
2355
3027
2360
4169
1148
1147
4641
3169
3170
3502
1089
2199
2198
4218
4225
637
3498
5165
5166
2707
4558
709
2099
3253
3261
3851
4532
4531
2076
747
748
750
2068
2067
767
4526
4559
3237
3236
4603
4590
673
674
4589
3225
3226
3229
3230
4570
4569
4568
4567
4566
4565
2055
2043
2040
2030
3375
3377
3378
3379
3380
4396
4395
3374
885
4387
892
5162
5155
3866
2972
2971
4848
4849
397
396
3648
3653
4857
4858
4859
2373
1659
1658
2378
1654
4868
4869
2956
2383
2384
2955
369
2951
2973
2974
2975
2976
1706
1695
3010
3009
3006
3005
3004
3003
442
441
4815
4816
1687
1684
2995
427
423
422
2986
3641
416
2680
823
822
821
1926
819
1927
814
813
3367
3366
3365
824
3333
3331
3330
1986
2025
3875
657
647
646
644
4622
2151
3332
4659
1924
4422
4348
4349
3445
3443
4354
4355
1861
1862
1863
3433
3432
1923
4371
3427
4377
3421
3420
3400
3399
1903
3398
4417
4418
5136
5135
2664
4978
4979
4984
4985
1547
4048
1546
3732
4977
242
241
3733
3735
3736
236
2450
4976
4971
235
3685
3686
2400
2402
4933
4934
2886
2852
3705
3707
1569
4963
4964
2432
2433
4970
3706
4998
4999
5000
5038
2491
2492
2493
3755
2808
2800
180
2799
2798
1073
1521
1523
1524
1525
1526
5011
5010
2832
5005
2833
3464
3465
4340
3492
4326
4325
4319
3682
3681
3508
3678
3677
1133
1132
922
4314
924
2811
2469
2470
2481
2529
3791
3789
5087
5086
3788
2516
2515
2514
2513
154
2508
5071
1598
2507
5068
3779
3778
3775
3774
2638
1606
4174
4175
2917
2918
4178
4179
3665
1066
2931
2932
4909
4908
2934
2935
1060
1065
2794
2792
2790
2712
2713
1267
99
1266
5124
107
5117
5116
3819
3818
125
126
2484
2483
3772
3771
1059
3841
1625
1054
413
978
4258
4259
4272
4273
4276
412
4277
2211
4293
4294
3534
3535
2586
3854
1294
1293
2579
2578
1018
50
53
1050
4206
4205
1049
63
3864
3863
953
4191
74
75
2947
2948
2585
3853
2633
7
338
2191
996
353
2630
2608
2607
2629
2634
998
2193
4232
1001
991
1638
4229
