262
265
264
91
226
255
277
244
263
259
3738
2391
227
235
229
268
243
92
270
236
225
247
258
276
231
267
242
254
233
1438
251
257
260
238
228
224
246
250
288
230
266
237
1431
253
348
282
261
241
58
223
269
234
1460
436
751
140
327
350
38
434
593
329
547
982
94
74
412
240
2390
50
509
106
549
961
4288
2023
647
111
315
366
406
548
28
252
1383
972
3089
353
391
148
1
70
37
143
1436
591
596
354
608
149
417
198
429
132
1609
66
256
607
239
724
2117
278
274
145
289
892
196
245
4289
323
514
392
897
887
1085
110
59
632
2779
183
1614
283
1617
4413
1422
1082
1612
2019
598
320
301
603
340
604
1173
1611
1019
191
516
933
195
364
153
136
2113
275
105
645
0
4368
334
888
911
2115
4795
2142
113
728
1848
2682
63
318
1844
4439
518
72
343
844
750
550
1846
330
4794
1602
1845
2114
30
2086
126
13
303
767
512
2141
980
372
426
2137
146
302
894
73
172
3863
648
1426
544
592
778
468
3018
1430
495
193
104
1440
2479
373
54
98
201
2112
3975
380
1086
605
597
708
342
381
3879
371
1437
109
101
845
467
869
141
727
124
859
291
362
602
464
463
465
1470
36
940
1603
718
843
590
824
988
822
595
599
462
1936
879
142
624
915
893
1945
871
511
2147
2192
102
589
710
745
96
526
174
1136
219
1277
2323
1301
152
346
333
144
67
797
1358
181
397
974
459
2130
2132
1253
71
533
941
1606
2173
285
1841
754
1078
461
646
374
485
95
138
815
965
294
182
317
956
685
2214
635
787
309
77
1394
213
1235
99
170
976
1105
178
376
2352
885
446
365
2642
556
3217
896
643
211
722
1343
725
155
55
1042
127
404
766
1058
978
460
3019
942
2459
3881
368
3017
1375
3686
574
2351
4785
765
884
2471
1320
810
1420
585
681
1677
305
849
3637
769
395
1988
881
3518
1665
938
1087
15
2945
1217
435
902
7
137
2268
2426
134
3555
989
1672
821
3636
2287
3695
420
1466
3891
559
494
1938
147
582
692
296
886
506
760
709
1781
775
1222
1888
4021
2517
3233
537
2229
3240
1461
2445
3031
220
2133
1066
716
221
6
480
1838
4688
809
773
2346
2616
3461
1056
3294
1147
3282
808
3070
779
2244
370
856
1159
3589
1209
1020
2597
3614
564
218
325
682
445
1285
3138
2661
2362
419
3296
991
3094
2648
1795
543
2017
3648
2864
1065
2898
3429
1158
167
2416
579
175
3205
1457
1356
2435
784
774
2014
2499
2889
1989
1224
684
4034
1302
3451
510
3020
314
519
1275
56
1868
4037
628
1528
3155
3314
3780
1918
952
1300
2526
1330
88
1346
1384
704
937
1225
804
214
1765
1877
1037
4587
699
150
75
1842
2265
310
1940
12
981
2624
76
3513
3172
3556
719
711
1077
1382
3081
2432
1283
1800
83
1520
1198
534
508
1216
2886
249
2034
442
714
80
731
337
286
4091
2368
2504
2755
1578
669
786
1206
1925
121
1830
771
1298
2718
901
1395
2080
1256
2578
2654
555
500
532
3201
2476
789
128
3559
931
903
651
185
4336
287
2495
2037
345
1643
1702
2407
2166
3888
2767
2589
2686
1725
3797
1775
768
3495
1441
829
830
846
2462
979
3542
2477
1836
631
613
2823
1290
438
611
1229
3352
1452
1771
4290
652
610
2496
899
129
3705
271
273
1424
3508
200
491
3685
663
190
1072
2310
986
1021
1686
9
3092
1186
954
85
3629
816
3557
1576
2585
2446
158
729
1255
2420
4464
1990
2758
2774
3790
1915
3456
1008
3499
665
2293
1174
891
4666
1467
1381
772
763
4271
2733
2259
2068
2450
1321
1201
3260
407
919
794
715
62
4926
609
2224
865
2210
4207
3437
761
736
740
1883
2425
1808
2660
2267
666
1885
2330
1284
3477
4325
2742
1926
321
1175
1921
2208
166
1525
1172
673
1164
1257
2735
3984
3173
3313
1067
2316
2200
3059
777
89
2253
1812
86
2444
156
1601
782
1933
968
4503
2106
2138
2342
4361
2553
910
1133
3062
2075
1593
375
1837
600
3627
895
1405
3069
378
3003
1050
4406
2964
1598
53
573
625
1408
2530
470
1166
2193
1168
3170
4002
498
3764
1646
2470
3684
1864
2921
2556
100
2217
3858
3253
4722
4038
1334
450
1620
2602
1312
2513
1909
1655
1054
2999
3885
2512
914
1029
575
1130
2196
1328
349
4415
1163
384
4032
4432
2828
1642
4026
3042
3043
1203
387
1502
3180
2960
403
528
2748
1495
439
2069
1787
3844
998
1435
2485
2395
1012
2788
2358
2760
339
484
389
1294
799
3050
164
4674
696
3349
2621
639
171
2051
3202
475
1442
834
3241
4163
3182
996
335
1063
4048
2854
2852
1954
4041
4294
3794
1400
1619
3047
3861
1232
2631
620
1031
918
1592
69
513
4564
3012
499
2431
3344
2242
159
2254
3783
515
1514
3992
3860
4295
4546
4040
3558
3299
123
3704
202
1556
2997
4905
554
2296
2290
2297
2996
1637
2995
3502
560
1266
1131
3880
1267
313
20
850
1095
2584
2957
1154
541
3644
571
3762
3351
3174
1269
401
34
84
3448
2574
4563
1681
3530
2150
2424
4011
2064
2404
557
3503
552
3494
1799
3023
3770
3091
2952
4182
2380
569
1055
1654
2283
1964
1403
2039
1847
2033
4504
936
3072
1338
3489
2708
489
1010
2972
2328
4
4575
2745
1219
800
3022
1415
2867
1276
2231
2636
1326
3196
619
3216
151
1815
1443
1104
2619
2234
4902
2545
2028
4505
3724
4296
332
14
490
841
2410
1007
2427
1785
1044
3189
297
97
576
3731
3443
1920
2272
2528
641
2971
2700
4029
601
1991
3449
2335
2791
118
994
1416
3274
689
2926
535
3441
2481
2697
3082
2205
1887
177
4357
2464
2821
3360
2303
1120
562
3623
2321
1367
2757
3748
1687
921
2978
1210
3535
205
4070
186
3455
1641
162
161
1076
3652
791
4307
3649
1038
814
4870
2314
2313
861
1748
864
867
1117
2840
712
4745
444
471
472
4599
2503
2081
3840
1251
2443
3384
2434
3386
3408
281
279
1161
2931
3252
683
687
2927
2055
4246
2834
983
985
1792
4172
4171
22
33
2396
1115
4425
3244
4788
3055
2645
3251
2107
578
210
1137
2627
3736
1138
1507
2625
3741
565
3277
2414
3267
616
2379
2887
2838
1003
2180
3651
2349
677
675
672
1013
3078
2676
664
1986
2359
653
1588
2472
2524
3355
3859
4675
2507
3873
319
1930
4655
4650
3892
1236
351
1227
2488
2910
1221
3906
2218
377
1944
3848
3919
3828
3825
115
117
1742
2813
1811
2595
1428
3409
1404
3398
1863
3392
3390
1371
3379
1361
2552
3808
4726
1336
1329
4709
394
4313
4398
2189
2739
2936
1971
691
1051
920
4482
1977
2727
398
4897
4593
3095
2305
876
2302
3304
52
4894
3511
3193
2750
650
2018
2024
4093
2771
973
658
2339
2787
4858
4099
1630
3633
1196
2333
2199
2198
3065
4334
440
2008
738
4363
3008
4237
2279
4283
4277
753
3588
3564
4233
3159
837
4191
2658
2655
1580
2423
2440
3959
3283
3585
1148
4264
4265
4278
4279
2422
4284
4285
2699
2281
2280
1582
427
2421
3769
1819
4749
3353
3160
4653
3960
836
755
3322
3319
1581
4235
4577
2070
756
4931
4932
3133
2005
4200
4199
4198
3168
825
2001
2000
4190
4189
1994
3167
4184
3178
4180
4176
4175
1987
848
3183
3184
3186
3187
4167
4161
4158
3177
817
3165
3164
4238
776
2030
2029
4229
783
785
4227
4226
788
790
4224
3195
4223
3151
795
3836
529
530
3870
3871
4458
4457
2974
4454
2975
3415
1165
3414
4446
3412
4442
4441
3882
3883
4438
4463
2987
4466
2966
1190
2947
1187
2951
1690
1691
3426
1693
1694
1179
2959
3425
2961
2962
3424
2204
2203
2965
4469
4467
1685
2988
1156
3900
3013
4280
4499
4498
493
4495
4494
1678
1679
2934
3895
3897
3898
3903
3904
3909
3397
3396
3896
2933
2929
1669
1651
4533
2240
2239
2238
2236
2235
2912
2916
4520
4516
1661
1662
1663
1664
3435
3434
1116
4536
2164
3929
3955
3957
4399
3958
1074
1073
4392
4920
4919
3642
3487
720
3834
2292
2843
2842
943
3832
3831
3830
1591
2835
360
359
357
356
3126
352
3822
2308
2309
3821
3127
1213
1214
344
341
1195
3486
2286
2284
1608
3475
3852
3851
408
4578
4579
4580
3286
2269
2270
2271
3847
4588
4639
4873
4913
694
3136
1950
4263
1949
1948
1947
1946
4249
4248
1934
4244
4243
4239
3135
1955
1956
4281
3090
3093
671
4310
4309
3106
3107
693
1388
700
701
702
706
1968
4282
3153
3075
3154
758
3239
4137
4136
1835
1834
3242
4130
4129
4128
4127
1360
4658
4659
4660
4661
4663
4664
306
304
2782
4669
4670
3290
890
3289
1521
4682
4684
4690
874
873
872
316
4656
898
3507
1568
4367
1566
1565
4366
3312
617
618
3483
2811
2324
1552
913
2278
912
4352
908
907
4086
4087
326
4088
1551
1268
3638
3639
1366
1364
1348
3658
1327
3699
1289
1288
1282
1281
3622
1273
1263
1259
1240
1238
1237
3756
3757
3774
3775
3787
3788
3810
1272
3621
3620
3619
3463
1480
3540
3541
3548
3549
1465
1464
3550
3551
3552
3553
1456
1450
3572
3573
1433
3579
4823
2637
1049
4818
2639
2640
2991
2992
1052
1053
3581
1412
4718
154
3580
157
3936
3935
2716
2715
2085
2373
2372
2371
2370
1413
2084
4822
2635
570
3601
3600
3357
3598
2620
3356
2622
4418
2096
3944
2746
2626
1399
2629
2403
2402
131
807
2400
1573
4756
4755
215
216
222
232
4732
4731
4730
2711
4728
4761
2712
4712
4711
2728
2729
3316
3317
3326
3327
2071
2072
2073
2724
3330
4762
197
3218
1389
4375
3037
3036
3030
3029
3250
4152
4151
3001
199
4790
3000
4145
4144
4423
4424
2337
2336
4055
2563
2562
2561
2252
995
1907
3332
2437
2438
925
2564
2555
4018
1626
2094
1627
60
3333
386
385
2593
2544
2554
2543
997
4541
108
112
4854
1017
1016
2881
2880
4431
2110
2111
79
4054
4864
1793
1794
1005
1004
1917
1916
4215
4542
81
4009
3162
2153
432
431
2082
2083
3339
3340
2751
2752
2753
4591
4592
3990
4602
4603
3996
962
3997
960
3998
3999
1575
1574
4006
4007
4008
3161
2537
4023
2460
2498
2480
2490
2474
29
