315
313
327
312
314
307
394
319
317
305
354
374
385
120
358
119
326
316
323
303
320
311
332
378
2676
310
322
4333
359
389
369
309
2013
308
1785
403
121
342
705
362
306
366
707
1105
335
337
325
376
1295
324
153
341
377
2677
715
183
65
592
96
88
156
132
81
190
25
1335
763
563
363
758
357
154
257
339
441
340
87
1157
194
381
334
1240
338
123
318
401
102
405
163
371
759
382
392
806
85
402
407
304
384
444
336
3
40
761
668
100
802
345
756
904
1805
321
849
368
256
438
159
805
240
64
522
191
2404
995
4843
2282
654
835
762
1755
845
80
2279
831
261
186
61
974
137
669
63
821
2991
409
579
836
67
1909
1914
1114
442
1216
78
807
1857
272
863
54
2296
1078
469
161
837
398
1070
2986
383
1339
1263
424
24
755
1400
503
1906
757
425
993
232
497
572
208
127
574
1218
266
196
2382
2378
2
994
101
92
195
2401
1915
348
1303
573
1171
249
710
1367
427
142
268
1168
1123
2104
1047
476
716
1112
15
816
237
2096
1403
1901
626
1508
300
203
275
1167
859
3079
601
460
1069
259
164
474
2385
355
901
804
5392
624
1560
367
31
2354
295
751
1076
997
2398
396
749
235
823
58
46
2196
214
21
779
812
853
439
5393
1043
1044
2377
1246
39
5013
698
1905
89
224
724
753
171
260
426
1292
700
36
599
1034
1784
1007
1222
693
2833
999
1147
1454
184
458
130
236
869
13
827
726
2293
1225
1016
397
977
1302
4563
1401
694
984
328
14
160
178
349
1304
2730
1447
512
43
1544
1779
434
2344
201
5012
212
612
1329
830
1908
1268
2101
1249
1229
412
834
1790
2137
429
1113
646
2343
2961
448
471
124
1223
819
1380
129
2915
3488
580
253
1445
801
1063
2681
2779
628
820
2988
953
2901
898
1673
125
987
1512
4940
1907
134
271
3354
2099
1317
1638
1299
233
2376
989
126
2393
2195
2407
2651
632
1502
1513
833
3191
1897
170
99
2295
633
456
1193
1392
627
2983
113
145
413
1236
655
1189
732
2785
57
422
1642
1301
3356
193
720
912
373
150
2233
60
2488
1072
1138
1613
1412
3854
523
16
841
1389
352
33
532
1408
608
1170
2937
452
545
1306
623
625
173
629
1900
4484
246
529
1152
1045
4244
842
961
144
138
1212
1453
1491
148
168
622
1290
2474
147
1864
59
546
1064
766
1787
733
1001
488
902
4614
2115
3946
594
2850
2955
6
1800
750
1778
501
502
86
387
1547
1977
3737
796
2138
77
2506
630
899
1030
139
1298
998
839
4169
600
2903
1989
2581
1984
2947
1019
218
1244
3131
2554
3148
380
857
197
1540
421
1379
5079
1556
992
1773
603
158
692
552
1394
1881
1783
644
1793
3355
1387
2146
507
169
928
1986
3423
2097
688
1235
2559
301
570
3176
4645
5385
3750
1933
391
674
4289
291
4479
4358
1281
976
213
4806
1440
131
4932
2148
1254
1293
1187
185
895
765
938
1110
3707
1667
1396
506
2621
2177
4481
1748
3418
678
205
1004
4386
2854
94
776
589
1224
1722
3351
3967
3052
3039
247
3126
888
1089
1683
1149
1079
3350
1489
70
251
935
2297
133
2726
3027
1116
1179
3411
1687
2936
509
1530
4050
774
4259
2192
3461
1476
2526
3472
3019
2301
1980
539
5035
699
1314
647
2957
2007
2894
1071
1169
604
1916
1618
734
1455
1326
687
2953
690
2954
1634
135
4252
204
2087
3306
2824
4487
735
27
1441
4416
418
453
1368
3683
280
2267
175
1859
83
3328
5380
2766
4258
1729
5327
2000
661
146
4485
971
4167
414
1623
2139
516
296
931
2065
832
5191
892
725
860
1
3435
3159
652
2300
3188
104
789
1743
1262
2803
2238
4267
1959
1351
3638
284
1672
1863
1620
1261
2791
50
3075
41
2469
3530
1856
3307
440
2948
1099
187
565
656
2754
209
4166
3824
189
2897
3313
4631
1300
3202
4610
582
697
739
1148
2302
4352
659
2396
1496
1097
3471
2709
221
1308
1049
1963
5267
1090
2303
2395
5462
1310
2599
3187
3766
2241
681
2470
4375
1014
730
110
665
437
651
2128
1256
4074
2461
593
11
239
482
648
496
45
1259
1514
3213
1608
675
2224
538
3749
3495
177
528
3527
179
330
1276
941
1468
255
2100
2519
1015
717
344
771
4832
4336
3194
2755
4482
1565
136
1418
192
8
1273
245
180
1767
1628
98
2197
286
1752
792
329
103
4779
2237
435
107
1080
924
5113
908
242
3915
731
708
288
2419
1501
2535
2742
202
1446
2757
1999
1041
1600
1084
2060
649
786
1073
370
2790
3236
854
1154
1463
2433
613
2234
4599
4693
791
4426
618
3447
463
5468
2765
1531
71
788
1137
2246
3676
2322
2944
2077
1599
4164
2737
20
1689
1694
3421
3723
3852
1143
2736
1636
2714
155
182
499
2594
5351
3560
3964
1679
3163
3804
1186
840
3924
3722
2825
108
2841
42
3122
2223
1549
990
4102
1535
3434
3780
1788
1163
1801
1811
1570
800
4127
17
23
1131
2276
5455
2176
2898
2022
2105
3827
4174
1465
1964
1799
1371
818
5170
1563
894
1456
3394
2057
2822
481
3160
3733
3346
1098
4039
1318
3514
519
1275
828
2380
210
1413
642
2831
3897
1798
289
172
1017
2392
810
2394
1327
936
927
672
128
3764
4739
1782
1009
824
18
75
3165
1637
1695
3164
1786
1614
361
3272
1458
3899
3540
2103
542
1337
1612
944
543
267
1093
2089
1296
3778
2570
3106
2769
1561
270
1206
1088
9
4620
419
1322
858
3881
5005
3654
4227
3859
188
803
399
2071
1226
1594
4918
4238
3158
1538
2615
400
375
848
29
817
3830
2125
1791
5422
3898
2129
3088
3445
1461
2120
1605
4286
1940
745
486
222
2106
4025
1718
1677
760
1053
4815
885
4858
3965
3658
2123
2141
856
4372
3018
635
798
2379
1849
395
3576
76
2217
1924
347
682
3685
868
4988
1697
2459
2458
5018
2653
684
683
2145
2896
5004
5289
4905
1227
4338
1382
1177
2258
4533
1228
4809
1711
3451
4138
962
3169
68
1668
518
1381
1603
1247
1280
1178
3912
4236
1714
4509
1524
3697
2183
4362
3256
1101
2891
4017
2049
4408
1770
4016
478
3300
2184
2287
1657
3178
3073
2175
3443
4235
4189
4188
2578
2083
1205
2574
1756
1136
781
1993
166
167
165
1362
3890
2253
714
943
1022
2517
3492
4875
2867
4151
4347
1010
1285
2593
1894
1062
1926
3250
3584
2533
1255
1100
1582
584
3084
1484
3017
468
610
3248
1264
2711
2959
1891
2771
988
1083
3551
3714
973
283
4354
3469
2070
3910
3726
2534
2807
3320
2547
432
2492
3578
1173
2319
4329
2980
1931
449
1792
2783
4119
4580
1686
3292
3414
933
3856
2119
1678
4383
893
2699
3478
1854
3028
3858
2749
3857
2538
896
2539
2747
2748
4113
3905
3467
4798
3911
568
2780
560
3468
2713
2536
5390
1507
3656
3684
3521
3921
454
3689
5237
10
3261
4299
4300
5238
2166
3402
1065
926
3866
4962
226
84
2541
1133
2328
2088
4829
615
4863
4229
1390
4652
1386
3035
390
1879
5301
2627
2940
1333
2880
450
1511
1622
954
2656
1734
2716
510
1426
3265
536
4242
1937
3123
861
4593
4114
2425
3755
3629
4462
2795
3274
2735
1719
4907
1415
5189
72
3218
2772
1420
3015
472
4345
3614
3709
2374
1660
4812
2758
2565
956
2180
530
1865
4936
1188
219
5047
4586
2130
1414
2102
1200
114
4910
1548
4852
4344
3217
919
3212
1659
4380
5031
1134
2597
4575
3983
2375
1435
3393
3994
5233
292
2878
4810
1774
5025
4741
567
2150
1457
4750
5484
1141
2078
3041
5200
2821
3047
3969
1481
5423
3988
4230
2172
3727
4920
1370
2691
1278
4103
97
3278
1616
2706
2962
1853
2688
2631
2528
1922
2659
1581
1061
3243
1976
2978
4417
2271
2272
5255
2291
4002
3639
1008
4737
1081
3711
2402
3712
2397
3717
3719
1082
1085
2316
1145
2243
2525
2231
3609
969
3450
3452
112
3456
2770
3479
3480
2727
595
3519
3528
162
964
3564
3565
3601
2225
2222
2210
1391
1395
1802
1789
483
5142
416
1438
1619
1444
1571
436
1553
1500
1474
493
3108
2155
2801
1884
2958
1885
3060
658
4044
660
3289
3107
2845
3923
1202
44
3150
2391
3151
5303
5302
1201
3409
4946
2792
2734
1888
4051
4046
243
2743
754
2750
5338
3396
767
1918
4030
228
1923
1919
4034
2759
1932
4622
215
5156
905
4237
890
1685
2875
3339
4834
882
5546
1771
4082
4128
1754
211
4153
1725
1723
4168
1712
1704
1587
1577
1550
1539
1504
1490
1469
1449
1433
1429
1428
4420
1384
198
4001
3943
1983
3618
117
5448
3672
2313
3679
2278
2270
2257
140
2208
3765
2182
3800
3813
2126
3836
3842
3845
2085
3873
2050
2008
5309
1328
1284
3046
2678
1162
4867
1165
2640
3357
4555
2613
1191
2605
3372
4550
3383
4541
1217
3324
4901
2700
2708
2861
2859
2849
3205
5464
106
2818
2816
2796
4656
4651
1087
3284
2723
2712
2704
2863
1234
2518
4993
4996
5147
620
5131
462
588
498
505
5086
520
525
569
541
547
5182
2501
5522
2906
3458
1020
4774
1239
297
703
2486
3110
986
4743
5270
4699
2465
929
736
4727
939
5487
73
3162
2457
3183
5284
947
4735
3068
722
3498
3493
5228
4807
2414
2990
5256
1271
1252
331
2926
3050
2466
5410
4630
5354
5046
480
5409
3285
3687
4226
5467
3190
5257
5549
5543
2967
950
949
3536
3535
945
3533
942
4707
4708
3524
2298
4720
4721
4722
4701
4700
3537
3538
4681
4682
3548
4687
4688
4689
3517
4690
965
960
958
957
3539
955
966
2305
3516
4680
4766
877
876
875
2335
2336
4765
872
2340
4023
865
864
3490
3489
4770
2334
558
1119
559
1402
2516
2515
4303
4304
3314
5029
5028
3706
3315
2509
3317
3318
3319
2505
5020
2504
1398
1397
5016
3316
5015
3552
554
1913
5054
3556
2532
3555
537
3554
1917
1410
1409
555
3839
3303
3304
5042
3838
548
549
1406
551
3553
553
5045
3294
3708
2499
614
1208
3473
847
851
4763
4762
4761
4756
3504
2266
3505
2260
2259
884
2256
4736
4734
4733
2245
910
911
2229
2218
2215
2213
3561
3562
4678
4677
846
2198
843
3477
773
4839
777
778
3437
3438
3440
2332
787
4828
2331
2326
3448
797
2323
799
4818
4817
4816
809
4802
4801
4799
5535
5536
4791
5002
5001
585
586
4355
4357
4992
4991
4351
598
4985
1283
2427
606
607
1282
4368
4369
4371
4975
1902
5006
5007
5008
1874
4332
3825
3823
2468
2467
3280
3822
1882
4974
1883
3817
2456
2452
2451
2449
2448
4350
5010
5009
3818
616
617
3794
1928
4938
4937
1250
1442
3247
5057
526
527
3258
3259
3266
3267
3268
3269
3271
1866
1258
1253
1243
2415
4391
3246
4393
5064
513
3860
484
5090
1822
489
490
2491
2490
1826
1829
3230
3231
5077
5076
3237
3238
3239
514
1238
4394
1232
4423
4424
1198
1197
1196
1195
1194
4425
1192
634
2358
636
4069
3199
3200
3211
1807
3215
1808
5102
1809
1230
1221
1214
1213
1210
4400
1813
4401
5103
5105
3174
3877
5135
5132
5127
445
5104
5126
5124
451
455
5109
5107
5106
5125
1204
3792
3791
4460
4461
3341
3342
3343
4945
3331
1122
4930
4926
4925
4489
3369
4493
4931
1144
2346
4967
5531
5532
4181
3167
3157
3152
1738
411
3146
406
404
3901
3906
3913
3124
3914
4306
3117
3116
3919
3920
5192
5193
3927
3928
5202
5203
3102
2552
2553
3168
3171
1760
1768
1051
4536
1057
1058
3704
3705
3710
1067
1068
4519
4518
4497
4496
4495
2370
4453
4452
4447
4446
3785
3786
5515
5516
2839
282
281
2189
2607
2608
2609
2610
1990
3036
1991
3034
3627
5295
5296
3031
1995
1336
1627
2624
258
3973
2625
1325
2602
5248
3640
2573
3958
1654
1653
4278
3959
1648
2193
285
4629
727
3049
3048
4264
728
3972
3044
3043
2600
2601
2591
1996
4249
5307
2645
4646
5509
5508
1475
3009
4868
3005
3004
695
3617
4666
5326
4667
2999
5329
1602
5331
5332
3010
2995
5314
4873
673
4888
4887
4660
3424
3425
1621
5313
3426
4879
4878
3428
3429
252
250
4874
3427
4889
4861
3999
1575
2654
2655
4234
2657
2658
4233
1576
2960
3597
5383
2667
2668
3596
5494
5493
2809
748
747
744
743
742
2055
741
2132
2133
4854
4855
4856
2169
2170
4134
2054
825
829
3678
3675
3668
3667
3666
3665
4890
4641
3649
3647
2012
3580
2014
3579
4642
3681
4891
3415
2558
2560
2567
5343
5344
5346
5347
207
206
2972
2971
2648
2649
5400
5401
2556
5490
5491
4171
5449
2888
1497
2890
1498
2892
4613
4612
4072
2686
2685
2684
2683
3386
5450
1665
1664
2884
1183
1182
79
2865
4545
5474
3954
5473
1682
4546
1485
3376
5456
2883
1012
1184
3387
2905
3097
2928
3398
3399
3400
5246
5245
4601
1681
4912
4913
4914
4915
4596
4597
3098
1376
4183
4572
4573
2746
2745
4578
3788
4192
4193
1436
1437
3787
4125
3949
2830
4199
4200
2834
2835
4123
4122
4579
5408
5407
4583
4055
2925
3950
4124
1377
4581
4135
4056
2782
2781
4
3391
2778
2777
3390
4162
4163
3692
2787
4182
1031
1032
1422
4141
22
4140
4136
1026
