1477
234
579
224
78
239
247
255
220
256
578
221
79
991
3709
271
4260
257
252
244
254
264
989
1473
237
229
1692
233
251
241
243
238
219
225
990
235
228
230
250
281
263
258
246
222
231
226
240
232
98
90
42
129
100
262
394
957
217
249
248
218
82
4259
55
270
852
227
1461
938
223
140
1454
54
992
141
242
137
597
954
469
2408
7
294
60
1463
236
580
2002
402
853
962
1758
1476
511
277
525
605
28
136
585
245
575
386
1191
2149
994
142
50
639
766
548
103
510
370
4189
546
593
864
598
342
547
426
369
2146
1824
1998
351
936
104
1821
550
368
174
545
325
599
308
118
2138
977
1612
874
863
106
1820
901
2144
167
188
707
182
212
309
2116
2118
274
323
105
1013
1436
187
765
260
265
4321
720
330
457
334
2673
310
455
453
40
723
973
763
1252
47
113
719
1195
452
2
2267
2015
278
2114
1467
298
328
176
172
1456
1091
2998
617
181
2080
1468
4365
930
602
914
121
456
146
1437
512
935
454
754
96
577
1016
57
756
261
475
642
867
33
587
84
764
868
23
392
706
1928
1150
164
114
866
791
266
2996
1249
1284
636
514
2142
1189
2997
391
451
869
21
596
180
591
32
170
1603
1022
404
919
600
88
774
603
2599
127
1911
784
111
493
2230
1105
862
327
1395
312
470
301
85
359
2467
1836
1092
711
718
2343
59
63
673
494
908
530
725
886
590
849
413
450
2279
390
556
1819
3866
3523
922
117
594
145
1017
1006
2461
2382
1010
934
2682
751
3552
3122
300
880
322
724
1607
293
315
614
355
2736
350
2916
818
829
1194
612
51
133
2415
115
1008
1604
773
353
1256
909
119
373
72
865
1368
1815
213
319
555
1133
1750
292
1962
1106
132
2222
2464
1083
4757
1357
715
984
523
94
1359
332
169
83
39
538
1364
975
3859
424
93
1670
640
896
2912
3469
710
3663
1662
670
124
616
1081
539
125
1237
2375
573
797
501
3375
1376
517
781
1666
397
581
2999
741
2713
4436
743
286
2299
1974
3742
191
753
177
87
3868
1648
380
2983
536
1274
3674
2596
1290
2117
827
567
372
2645
1563
1927
1680
1857
2133
985
820
3622
357
828
2702
2845
2446
200
2571
2207
2770
2151
4098
552
2853
1390
92
2929
421
2030
1312
1973
3135
3151
316
2909
3580
2581
3625
4830
1018
1251
317
2470
762
3762
1770
656
3300
793
431
946
2429
130
122
907
2009
1826
1554
728
804
116
879
795
1901
3632
477
905
498
1403
1232
2354
2032
904
183
1650
376
3422
139
609
2582
4067
1986
150
3242
2251
960
400
409
2303
635
943
2507
3738
507
684
3884
3551
259
2478
2319
1235
3276
1065
712
2280
138
3004
2218
2435
1014
2038
731
178
2040
3039
3553
3230
110
1795
2285
4791
295
1424
615
1279
134
592
1916
273
2421
1227
1777
4735
2050
1862
1314
3659
714
1052
1058
43
750
154
2621
1843
1716
2597
3968
796
215
916
1
1313
3481
700
3265
979
1283
906
2235
776
1762
624
1099
595
1399
414
375
970
1760
62
3063
131
1495
2531
1210
149
775
1216
1655
2591
588
549
2024
2168
1239
2204
497
158
2767
1814
208
296
1417
1186
388
3199
1535
2273
2510
280
4245
3499
427
76
1300
1858
859
67
2143
699
1236
1365
891
2439
2022
2145
41
584
1823
4264
1478
3051
3273
3322
3772
2867
499
3207
1638
340
80
832
3616
504
1015
3292
442
61
4550
2973
1740
953
2601
282
2315
1009
958
8
1244
3347
1341
830
410
2674
2708
3759
22
976
3186
2749
2733
71
3614
779
972
520
2522
1159
2193
3201
2577
2352
287
35
268
3610
2527
46
2504
205
4020
3348
3505
672
3068
3861
2327
631
2310
211
1500
2103
2790
998
713
91
3661
4642
3154
2321
381
2474
1551
1547
833
2730
3862
1000
2979
3860
3714
89
3773
3204
2268
1624
2866
189
1582
3364
70
2261
767
1460
1084
2900
2926
2057
680
2332
2968
2444
1184
2067
3673
3665
2988
1687
2754
1580
619
2023
2810
1593
4732
4433
4527
1889
1947
214
503
2744
2505
1117
2063
1453
1304
817
2059
2519
1581
2277
2056
1192
637
1053
687
3198
1401
3920
3208
2632
4441
2203
3018
1077
1342
101
3771
1396
3197
1766
3026
4350
4106
102
1031
490
3810
2669
3160
522
633
2381
925
1206
3159
379
2991
1315
2054
809
1055
384
4358
3917
2206
611
2109
2108
604
2359
1782
2379
3341
2214
1904
4552
2021
4471
152
3168
2655
37
3927
3016
1656
1592
3525
1248
883
4619
2813
3153
1893
835
3769
2323
1783
2148
3338
997
532
4747
2276
2278
1308
1171
1375
1811
4914
2908
3256
4838
2779
2509
4359
618
3163
4178
1028
68
69
2887
1059
1336
2723
3528
2372
2113
4608
1869
445
4038
3336
2570
2430
968
2426
613
799
3215
95
74
623
792
571
2722
4876
681
1816
348
610
913
429
933
648
143
303
267
2592
166
2331
2549
3896
1181
2608
2609
1041
175
1266
1268
2147
3869
275
1334
3567
1854
2738
3996
1269
1704
2678
4391
654
2953
1608
276
2695
1599
171
1040
733
4539
1420
685
682
3444
3386
3373
3997
3707
527
4699
3352
1722
2753
3569
1788
1672
2952
3970
3262
2783
2417
1145
2225
2237
155
3065
3829
1839
2606
487
981
3828
752
2249
3306
56
2939
1033
3536
3195
1909
1579
3458
1215
1231
204
4671
3179
3290
1416
1683
674
3962
3355
1230
1842
3826
4686
4678
4293
2240
2607
4143
3848
159
44
1620
1568
4167
4646
3977
1996
695
3689
4117
1589
2342
1584
2530
2325
2515
4251
1326
378
483
297
2759
1929
4600
2292
2636
1430
667
813
1914
3049
324
2389
2498
2500
163
3225
1674
3602
563
2620
1658
1778
3053
2289
3478
3477
2629
3809
3811
3463
2472
2283
3003
3218
31
4472
1011
2868
1691
1024
1669
4097
4454
1729
2028
1693
560
472
1971
2712
1360
2553
2551
1393
1089
3331
1366
558
1905
4425
2745
2076
1225
9
1224
2992
2617
876
4745
789
847
2990
207
780
949
20
3167
4902
2079
2746
871
3429
3935
3211
4789
1200
144
911
912
2794
1536
2797
4505
3818
2961
3767
940
1646
3649
2427
3258
2589
3558
2368
1229
2643
589
3837
4211
1665
4207
3001
2171
569
3681
2631
1429
3555
4444
123
884
4800
2634
439
1899
436
4612
347
4694
1044
3508
3044
1045
3875
2894
2526
2528
1096
2532
3040
1445
3534
4663
4360
3389
4362
634
1861
678
2202
2068
1087
3185
3189
730
3172
2450
601
2046
2445
3471
692
194
2438
2437
3396
2244
3346
3500
1677
3399
4009
632
4262
1621
4069
1566
825
3319
2693
3579
3585
4389
3814
2750
2657
30
3803
1026
3302
4687
1975
1763
727
4239
3723
2137
3588
1351
823
1587
3548
4306
2326
2697
4908
3247
2701
1005
4053
3893
4311
732
735
4690
4688
2136
4126
4840
3725
2378
1382
2703
1353
3724
2704
4128
3726
2460
3842
3843
1223
1222
3844
1212
1203
3864
3867
3872
3873
3876
3878
3879
3880
1233
3886
3832
1240
1317
1303
1302
1292
3786
3787
3788
3790
3792
3793
1267
3806
1264
1263
3827
3831
3758
3887
1170
1094
3960
3961
3963
3964
3969
1082
1079
1078
1075
3086
621
622
4357
625
1755
1168
1167
3340
3339
1759
4349
3888
3017
3019
1761
4343
4342
3022
3023
644
645
3343
2134
3344
3002
4406
4405
4404
4403
1727
1728
2977
2167
2978
2981
647
2162
3363
2159
2984
4387
4386
4370
4369
2141
2140
1748
2982
2019
565
568
570
572
2963
2969
2970
1155
3894
1146
3895
1143
1126
3326
3918
3921
3922
3923
3924
2954
4418
4419
4420
524
2931
4443
2932
2933
4437
533
534
2174
2094
2940
542
2942
2943
2944
1700
4424
4423
4421
553
541
2930
3317
3932
3054
2217
2842
2262
4223
758
759
2266
4560
4561
4562
4563
4564
760
761
2836
3113
3442
3114
2817
2818
2819
1601
2823
2824
4553
1958
1960
3117
2829
3116
3445
4040
3232
2260
2259
2258
2243
2242
2855
4228
2857
428
2854
2858
3234
2860
2861
3425
3424
4916
4913
4912
2881
705
3103
744
745
1950
747
4226
1940
1937
729
1934
1933
1932
1931
3131
3132
4205
1938
3101
3098
4204
4292
689
4279
4278
4277
4276
696
697
4275
4270
3090
4257
4256
4255
1970
3097
4250
3100
3133
4198
4199
4163
4162
826
2548
2890
2889
4484
4485
4491
2882
460
459
4500
4502
1642
2865
444
443
2189
438
437
2192
3401
3402
3404
3405
1625
2848
3407
3408
420
415
2211
2893
2899
1071
4465
1002
1003
3304
3309
3310
1012
3975
1035
1037
1038
1039
1049
1050
2928
2212
2215
3433
2804
3434
2799
2231
366
365
364
2787
361
360
3432
2784
2781
2780
4594
2247
2248
1555
3454
344
343
341
2772
2782
3431
2811
2812
4017
4016
3289
2062
3293
4000
3999
519
2922
2921
2920
2911
4457
4458
2907
4462
4463
3941
3939
1066
4872
4899
3145
4319
3037
2316
2317
2318
4692
4693
1480
4697
4698
4111
3511
2684
2683
3515
1481
3516
1487
3036
858
1504
4095
4096
1765
1499
4100
4101
4669
4670
2302
4672
4673
4675
4676
2304
2305
4320
4709
4310
4309
3209
2355
2356
2357
2358
3061
932
1435
3545
3416
3212
184
2346
807
4140
2651
2652
2341
4139
3213
4137
4136
4135
196
4132
4131
917
203
4723
4722
209
4719
4715
4714
3283
2055
1434
2675
3546
2640
135
4788
2615
2384
4782
1413
1415
1784
147
148
931
4775
4031
2625
2626
1373
2580
2393
2392
3175
4192
4191
803
3174
1372
284
4640
3046
3045
1377
3178
2740
4804
108
107
283
889
4304
3512
2410
2409
4064
4063
2405
4823
878
2403
2402
4644
279
4643
4062
4061
3180
2741
3578
3577
4771
4168
2761
4166
4165
313
4059
4862
4861
1890
3608
3609
4078
3465
3157
302
3466
304
4080
4841
4842
3141
2763
4616
4755
4614
3623
3624
4613
4852
4853
2728
4083
1310
3607
2764
4632
4763
2727
2725
2724
4173
4172
2362
2363
2365
2366
3183
3182
885
887
1389
890
1349
1348
1347
4074
4073
2469
945
947
950
4019
836
834
290
2425
2489
2424
664
665
671
2041
675
289
2447
951
2488
3686
2468
3248
3687
3249
2448
2481
2482
3252
2039
2487
