420
338
4069
303
360
398
331
305
332
438
308
337
373
106
295
1727
109
316
343
358
777
317
342
307
361
107
397
299
318
301
306
346
341
357
311
4609
324
322
309
417
388
687
416
414
326
778
296
300
323
310
339
1674
135
2581
690
548
403
413
297
319
302
161
362
68
450
121
328
327
1696
399
423
314
298
2579
312
321
779
313
4071
352
73
2091
304
439
344
1686
426
348
333
1714
329
108
330
132
660
378
410
1726
2854
156
1673
549
335
1687
775
1176
188
112
21
86
737
81
739
9
1216
157
804
561
83
506
875
1295
532
207
735
738
293
1104
880
2705
805
740
229
1226
1024
1695
142
1069
820
876
536
990
146
460
1266
276
531
1106
1820
807
796
233
96
1129
790
736
158
583
511
1123
600
1
380
429
1107
244
23
1122
184
2342
183
2340
681
479
177
877
1260
825
401
54
1103
631
958
722
1121
356
499
1105
1225
227
235
169
2193
428
395
733
320
846
245
286
604
1265
2312
512
476
691
1033
1138
191
347
734
2309
52
85
683
2369
180
2010
340
208
727
481
533
870
1312
1120
151
234
640
2274
1118
1427
1124
345
259
797
18
819
950
494
461
764
1117
431
695
336
178
475
1186
741
478
192
419
2323
150
129
810
411
613
1465
633
77
84
154
1000
1182
256
607
124
118
140
17
1068
262
2132
953
186
447
1219
489
1602
602
3008
355
1100
114
143
2580
4715
2815
568
291
268
272
459
2996
1821
802
3696
803
630
653
463
3689
155
3147
110
808
535
0
176
569
636
369
4
793
1206
136
628
2308
365
75
3153
1433
1149
597
1087
334
2339
1824
288
115
576
632
881
1112
148
1240
702
325
422
2300
152
1407
500
2724
1220
1258
831
811
982
2002
1211
817
194
666
2395
2603
127
1023
3316
1404
682
941
809
946
149
1135
2213
1300
2099
516
794
1217
1739
2014
376
257
446
3148
1289
1228
1566
287
1012
1197
1063
645
119
1212
1194
2109
2264
377
2237
2969
1432
182
2330
2745
1287
2258
123
697
1113
1115
1497
471
1028
2604
987
1038
1666
1006
2509
2512
202
2281
2660
5075
525
1099
153
200
3012
944
1431
64
145
3690
751
452
1073
901
1222
1495
3489
2620
3934
1185
1591
806
515
1162
120
3508
2479
1703
1280
1896
651
3688
113
42
745
125
598
800
509
2900
774
1315
24
975
2793
3697
5105
366
2521
1387
555
510
1059
2567
3817
1299
199
3239
2692
1195
3831
1322
926
1599
668
974
1268
270
71
172
101
932
579
2426
2500
1885
1079
4072
1872
703
2318
966
3241
4421
1964
3327
448
3069
4351
165
879
174
219
834
4094
280
2186
838
189
951
2197
704
679
488
3888
418
185
1233
599
1032
1010
2746
1534
1856
1649
175
936
903
581
2462
538
126
701
2817
4214
13
2844
2617
179
3182
4667
2457
162
2616
1573
3993
925
3215
772
7
4387
2043
546
672
1050
1581
933
137
1152
896
2752
2038
1343
716
4774
465
669
781
1242
2087
1905
866
3548
1037
2341
3635
95
1565
1499
3998
560
2092
1589
134
743
3719
3233
1540
594
370
3392
1504
224
2609
1837
1323
4038
1333
619
1034
912
2784
1213
3068
87
611
828
4969
520
128
756
1157
2972
2613
181
2907
221
1628
592
260
1008
2063
853
2719
1553
937
2809
3828
267
2299
3342
2204
1215
1316
2905
1029
792
1317
386
28
2192
714
1030
1503
2434
1051
122
1804
715
1633
910
858
1481
3837
2165
963
2441
2223
1116
2215
2495
542
231
1571
3562
196
4425
1891
66
3640
1474
1227
1866
232
76
674
860
367
1512
2525
3464
570
2469
117
1713
2649
864
1390
2142
688
1725
1232
2721
4556
1042
1486
2602
1231
1601
4185
3732
1537
3375
763
3488
2302
223
3440
1395
2442
2190
2690
1781
1489
1058
2088
1062
1250
960
1214
4209
1060
2583
523
3842
1329
795
454
1321
1776
1049
2863
1846
315
997
415
2065
1745
1782
1641
1629
190
1067
4937
1119
4029
4365
2484
1402
46
2992
967
2227
970
1596
629
1529
3051
2483
813
441
3549
3053
2496
98
1045
1193
1378
3733
3010
3054
634
453
2652
3435
3718
1963
2820
1088
3
1705
61
1371
2713
91
246
2301
557
4203
1004
2216
1595
1416
427
1164
3006
723
3383
2923
2993
2534
2152
1048
171
507
1414
2814
1551
4205
1548
2261
1071
469
2611
984
4202
359
1296
1505
2020
56
4603
248
2354
284
1109
442
2511
90
92
2027
2447
3105
2716
1181
2031
848
1278
996
5153
835
375
5128
712
1409
1355
3295
237
3703
2487
2491
2870
1156
618
3201
434
2707
435
211
4191
1057
3698
1464
4735
574
2307
1039
3109
1813
1356
976
1339
1744
212
832
566
281
45
2730
3933
3890
784
1720
4629
2157
1913
780
665
2371
2727
885
3938
4926
3860
526
2662
3481
2164
2502
394
1040
1270
1533
3599
3505
2471
3101
4112
1379
2747
2455
2363
2984
2335
3784
625
3326
3543
657
3734
4073
1778
100
2934
396
147
776
671
728
3064
1777
3334
3502
3801
3932
104
878
2243
3336
2004
4451
1262
524
2709
1981
1319
2226
3202
277
1090
195
2160
709
3140
1047
609
3757
1334
3337
4628
673
3579
381
1084
3930
3248
656
852
1192
2387
3553
2001
3317
193
1184
4098
3871
3706
4625
230
236
1056
3220
1332
3748
501
5001
2370
498
2348
2257
3578
3902
3057
1205
4147
3901
4122
383
4665
647
1588
3319
4695
210
4158
1845
437
243
4579
2452
5116
3117
5081
3118
5150
4494
765
3401
3954
2249
2493
3547
2378
2086
1799
1847
3402
4131
1652
502
2480
711
2000
3251
2481
1125
544
1257
1889
2486
2072
3413
1263
1521
3960
2884
1851
4598
1498
3667
4752
573
2409
3047
4086
201
3089
4182
3770
1398
923
283
2852
1541
2492
1549
2220
2879
2191
4617
3604
3397
4593
3997
514
4028
473
1381
729
4318
48
1054
2420
3171
4270
1900
744
102
1561
2304
1559
74
3297
3170
862
2633
3162
4863
1241
4075
3079
3080
1143
1410
2695
2638
1568
4082
4171
2571
2384
1971
69
1389
2294
2295
552
4709
1239
3941
1611
841
3356
3793
2427
1031
1806
748
1814
2835
2214
4881
1393
3093
962
3204
2546
2545
3799
4479
2544
4079
173
2094
814
2991
4144
2990
2988
2989
1662
2456
2833
1584
2268
822
2776
2539
888
1358
3918
4312
1811
2894
2182
2232
3920
4315
2688
909
456
4111
1368
2389
766
440
4088
1036
187
1902
1904
4284
2550
2973
2428
3585
2158
2333
3050
4697
2682
2849
2627
615
1002
1805
3247
3926
2283
1132
2473
1306
2097
3529
554
3534
1646
4097
5002
3066
3268
2422
596
3142
3989
3444
3483
2902
1577
1858
769
2714
3973
1074
539
2816
4726
519
470
1841
4453
1827
1077
3221
3927
601
4973
3174
2329
1768
955
1382
133
3077
2715
2987
3224
4731
2738
907
2750
2980
3659
3866
798
2786
4576
3786
1919
2805
1538
279
26
956
2630
349
2615
1667
3958
4470
4803
1658
4212
5144
2964
3406
493
2453
2654
3429
2438
2899
902
3100
3965
4537
1766
3963
3102
2548
3396
1734
1180
3067
2153
3648
1183
1789
826
4577
2530
4031
4993
3833
4885
3323
3324
3996
2782
3384
1651
3386
4997
1660
3372
1078
1834
1081
3091
1009
2100
993
3595
2459
3593
1676
1252
1630
4743
4220
3545
205
2864
1843
3055
5209
203
1842
34
3496
1254
4839
168
2303
4159
608
3755
1361
5040
4706
3762
2770
2557
4149
1833
2764
1815
2781
3058
2788
595
1338
558
1344
251
2520
575
1348
1914
1350
240
1351
239
5160
1353
93
3810
859
5139
643
1484
705
2648
721
4030
3135
1531
1536
1544
1624
3114
2697
2669
405
1988
3360
4379
4004
644
2728
1026
4367
258
5004
2022
3181
3178
2046
2248
2225
1091
2287
3532
3985
3205
2830
3864
3310
2937
915
3899
918
921
2953
2954
927
2965
698
2971
3611
961
2463
3351
3670
1098
4300
2621
1276
2130
4246
518
4779
4781
4242
4834
2407
4276
1298
468
5201
1237
3431
1305
354
2084
2366
474
3526
4796
529
1310
4799
2198
53
4253
773
4121
57
4277
3427
4908
2081
466
3411
1740
827
3471
4944
2397
3159
2582
496
2184
2873
855
4554
4871
1706
3433
759
2889
2878
3032
3037
1448
3038
4661
5232
5230
2802
4382
4383
3365
3364
2143
947
4388
943
942
4392
939
938
4393
4395
3366
3367
3371
2148
2105
2106
2108
4350
2112
2113
2116
981
980
2117
2118
4360
3382
3381
4371
957
931
930
4403
892
4427
2172
4430
4433
4434
893
4436
2187
2188
868
867
3278
1291
1290
3586
4612
4080
3584
3207
3208
4606
4605
4604
3583
4602
4601
4600
3210
3211
4084
1283
1861
3216
4592
4591
4590
699
4616
2273
3200
4619
1313
3175
637
2310
4068
4635
4634
3592
3590
3588
3193
655
3194
3587
658
4077
1293
661
662
663
664
4623
3285
3157
3606
622
626
1267
4090
2292
1264
4091
4092
3152
4093
4100
4101
1251
1249
1248
1247
1246
1245
2271
2270
1256
3151
3612
1809
3627
3625
4694
3125
582
3128
584
585
586
3129
588
589
3132
3133
1796
1797
4681
1801
1802
3143
3144
4672
1808
1244
3628
3968
844
3321
3322
850
851
3339
2079
2078
3347
3348
4416
4415
4410
4405
2060
897
898
899
911
2042
913
2041
2040
2039
2036
3320
922
3318
4463
3277
4500
786
4497
789
3288
3289
801
4485
4484
3292
3293
4478
4477
4476
812
4475
3298
3299
818
3304
823
5228
5227
3258
4754
4753
3642
2344
521
3063
3065
1731
534
4755
1738
537
4729
4728
4727
3081
3082
3073
4757
2350
4721
3653
2368
483
484
485
486
3652
3040
4758
3041
2362
3044
4772
4771
3045
4769
4045
4046
3043
4720
4718
2373
4109
1200
1780
2266
2263
2262
752
4798
4797
3016
4795
4794
4793
3660
3021
1699
3028
1700
3031
1236
1235
1230
3015
3014
3011
4804
3676
2393
2392
2998
4823
4822
2386
1210
2999
3001
3002
3004
2375
2374
3009
4805
3000
3677
1209
1189
1167
1166
1165
1161
1160
1159
1158
4129
1154
1150
1767
2251
4525
4887
1622
2421
4320
4016
2933
4893
4894
2932
1620
1619
4321
760
4886
761
2433
2924
2435
3705
3443
4909
4910
3442
768
2916
4916
3712
4918
3704
2419
1623
2417
4307
4523
4522
1875
1645
3679
2962
3680
2960
2959
4520
2956
1877
3684
3685
2400
1878
1636
3274
5222
5223
2681
1960
1946
1933
3394
3404
1898
1897
3419
3425
3447
3448
3449
4334
824
1972
1975
1978
1983
1998
2003
2006
2007
771
755
754
4535
3262
719
718
717
4331
4330
3456
4544
4219
3550
4225
4226
4228
4229
1035
1772
4239
3540
3539
3538
3531
3530
3528
2845
3524
252
1525
1524
249
3525
2475
2477
1421
2478
5009
1520
3992
5012
5013
5014
5015
5016
5008
3991
3765
2840
3242
2855
3243
4141
4142
3246
3520
3249
2467
3250
2217
266
3252
4990
4991
261
3253
3764
2846
3988
3987
2823
3975
2501
3974
5043
3781
2505
2506
5221
5220
3940
3942
3943
3952
3953
3970
3971
3978
3979
3980
2656
1327
1173
1172
1171
1170
1169
4117
4118
1133
1131
4134
4135
3981
1328
3924
3923
1401
1396
3876
3877
3878
3879
3881
3884
3885
1377
4156
1376
3895
3896
1367
1366
1363
1362
3903
3904
3914
3915
3893
5211
5210
2646
4846
2976
2975
4876
4877
2940
4923
4924
4929
4930
4931
4936
4942
4845
4947
4844
4842
3227
4701
4702
4703
3099
3098
3096
3095
3087
3084
3083
2210
2211
2230
4812
4843
4948
4958
3228
5035
5038
5054
5055
5056
5057
5034
2498
2773
2772
5079
159
2510
3463
1425
4967
4968
2554
2555
1420
1419
1418
1417
1569
1567
1413
1412
2712
4195
4196
3479
2708
3478
82
2706
1094
78
2574
2872
2871
72
70
3853
3231
3230
1492
1491
1462
2767
2766
1457
5074
3805
1085
2756
141
1083
4167
4168
289
2526
5168
2527
4177
2532
3742
3743
213
3486
215
216
1557
3717
3716
3715
3714
225
226
1556
2736
2867
5130
4208
4207
2677
5178
5177
2866
2679
2680
1550
2859
2858
3460
5204
214
3459
3825
2637
5205
3736
3737
3738
2639
4574
3739
5
4571
4570
3740
5127
4573
3826
3735
5033
3458
5126
1672
