2628
2467
2481
2722
2472
2473
2478
2469
2480
2475
2488
2511
2477
2479
2468
2474
2496
2485
2499
2471
2484
2489
2494
2495
2491
2486
2470
51
2492
2144
354
84
402
241
83
359
2166
483
418
410
199
60
223
709
58
509
416
167
507
508
720
1579
506
1507
275
415
1508
435
28
105
3
2702
56
14
12
53
2506
334
481
293
2504
231
128
2826
821
838
1725
1279
4
1700
395
11
1280
703
5
704
1281
376
2512
108
333
7
997
772
27
443
1456
613
442
2555
254
154
38
206
518
1735
243
724
20
32
1707
1687
1055
1713
2172
2885
721
538
717
198
22
375
2498
898
208
326
611
2487
726
584
348
279
727
1397
503
342
196
2456
61
2500
2515
1276
352
2490
1181
2625
2620
417
137
209
29
25
430
889
1436
1778
678
1143
90
113
634
859
314
798
121
280
363
2562
2699
185
9
157
797
2081
377
237
101
1569
382
2782
133
640
984
432
129
156
304
2156
445
328
2273
1234
1665
72
149
2887
201
31
1953
413
125
438
1047
424
2276
516
204
2493
162
1957
281
2513
531
2575
317
1741
2800
1412
1228
1258
977
1027
791
2828
216
1113
10
2007
2231
76
319
900
590
2509
2514
240
1415
358
2032
2760
337
88
714
80
585
1697
152
1074
1145
1394
346
2666
308
952
1133
1581
263
2090
1025
1785
1072
109
793
1053
1515
180
1535
151
2529
1247
648
155
1320
2840
2761
224
882
504
1723
667
665
993
2395
565
995
2029
671
2621
1875
691
106
1586
2759
1052
2617
467
1061
949
411
2762
30
1564
188
1130
302
2900
1106
24
597
1955
1487
1703
1094
2133
1355
307
523
1483
478
1257
574
998
1593
1499
1666
2523
2527
820
1749
833
2532
1338
2453
122
846
1017
723
872
1979
1753
2560
143
1795
1974
1019
663
316
2801
666
642
763
929
762
310
1720
370
546
1588
751
65
1173
1022
35
2368
127
2907
1994
409
131
95
2391
255
867
580
1310
1790
860
1590
331
1064
1734
233
230
1335
1303
1269
474
1024
1650
1299
232
2235
1690
1704
1293
350
794
2206
1189
183
730
731
609
2176
1444
2263
1904
905
253
1
211
1769
1138
207
1374
1773
1423
1576
2137
893
2610
205
1610
460
1422
1601
2366
1500
689
425
145
2281
2400
26
1992
784
2370
341
683
265
1948
2753
1152
1237
837
861
1311
111
398
945
1108
2220
251
1325
322
2812
728
1351
930
1997
2145
2704
401
1155
2242
276
2240
272
271
2241
1595
1818
126
1822
1596
973
1233
141
2149
1681
1050
497
697
69
1935
78
2424
344
1158
679
1471
948
511
104
103
380
444
866
484
1124
66
306
2139
1878
668
1326
741
138
2289
1504
488
586
2728
1170
1669
1191
407
699
36
979
1318
486
1081
1654
534
174
153
1467
338
1926
356
1966
220
2597
394
268
754
1030
2043
651
1627
1763
1793
583
2850
1638
732
289
2004
914
191
970
372
1104
652
2116
2053
2398
1607
1910
1986
433
2091
1413
1195
975
2804
371
2293
494
96
1530
1908
182
549
2897
1451
662
598
2111
2303
573
2849
140
1312
2483
614
617
1968
1621
2465
118
236
1288
1285
1987
1993
2002
2421
97
2879
737
2382
759
2372
768
1223
2359
77
2282
2708
303
300
1166
252
1149
2615
809
814
245
2291
1114
2926
2758
2843
1204
1809
2694
329
1600
1386
2595
1882
462
465
388
1766
1428
2125
203
921
34
1817
347
2797
2061
1656
890
2135
880
878
1292
330
1088
1696
1020
842
1032
1431
1566
490
172
2763
978
2200
2153
225
213
2839
1048
2767
969
1418
1232
1972
575
2842
2170
2768
1046
2769
2344
2961
1186
1185
1179
1214
529
1178
547
1956
554
1168
545
528
1201
1888
1363
1917
2076
2077
1367
2078
298
297
739
1775
1774
740
1772
1200
742
1199
744
1767
1379
570
2405
1919
2707
305
1383
1916
1359
1796
1961
1006
1005
2713
2714
2715
601
1962
600
1999
2710
1901
476
2088
2298
2297
2296
2295
2089
748
749
1902
2709
2417
2540
708
607
710
711
987
312
311
1014
682
1013
2056
2057
2058
2059
2060
1334
2335
1336
1337
692
693
1341
1342
1346
313
676
675
674
1036
2036
654
2365
2364
1865
2320
698
2319
1352
1353
700
2317
514
967
966
965
249
248
1710
722
955
1705
2323
2324
981
1308
2026
1283
1284
1794
2377
638
2376
2953
2954
2815
1408
190
1409
1410
1411
909
1876
434
2271
2270
2269
2268
178
431
912
913
1402
916
1400
1399
1663
919
1087
923
2777
2776
2943
2944
2522
891
2819
2818
892
165
169
170
2586
2119
2118
1632
399
1069
1068
386
2100
2462
2458
379
378
1672
1673
1059
1970
526
1631
2937
2525
2933
2551
1119
1420
871
135
874
2838
1617
2835
2834
1618
147
1619
2831
2830
1629
1630
1828
1821
1045
1973
146
1421
130
1609
1440
2929
2925
1589
2147
1426
1425
2146
1931
940
2434
107
1597
2858
2857
114
2375
1932
2006
93
2159
1448
1447
1446
1445
603
94
2264
1441
1577
592
1217
1216
485
120
119
1800
116
115
1802
2853
2854
650
1803
479
477
332
831
2161
2162
2163
2164
440
439
2904
480
633
632
1248
1493
2239
1883
1135
1136
2556
578
579
2387
2920
2919
2386
2917
2916
2018
1147
1148
2017
2909
2430
2011
1905
1906
1907
2363
2362
2238
2040
2429
2196
2197
934
769
932
1102
1103
13
1477
1478
770
8
1685
1684
937
