3281
3460
3352
3243
3274
3257
3250
3254
3308
3436
3318
3295
3270
3298
3490
3265
3312
3304
3290
3279
3236
3259
17
3292
3317
3291
3251
3262
3428
3278
3230
3275
3334
3305
3238
3224
3303
3280
2084
35
75
93
102
21
34
193
300
276
24
197
3481
1124
3301
184
148
372
654
727
1
3263
554
415
380
412
3815
3309
3261
183
172
404
543
3239
296
724
689
264
32
322
445
565
416
426
3246
3473
3260
84
340
308
3302
540
257
396
546
3315
3283
664
130
811
339
210
207
397
3299
99
645
182
3264
671
341
181
61
234
660
3240
190
46
185
3474
3235
1920
3237
663
3540
946
329
1921
299
608
163
309
646
667
162
2092
3252
129
648
45
336
613
414
3247
3272
771
772
1156
153
1128
428
76
3256
3271
116
863
422
260
115
3245
47
273
3234
33
520
429
592
155
859
3322
332
2431
3324
597
284
2287
602
2310
433
1173
1195
2426
2459
2418
1085
2032
1056
435
1928
1561
1051
2411
1189
306
3286
149
748
19
3249
529
778
3225
651
1602
2345
791
652
650
850
673
233
1218
851
432
1307
676
692
991
595
118
538
547
647
1080
5
2530
430
3637
2935
437
3231
548
781
3712
212
280
766
274
3713
858
158
3273
198
323
2306
240
2180
113
3326
398
1422
1317
344
716
324
180
770
357
204
1755
564
1748
4
558
1044
1324
1027
929
345
3277
338
1254
658
456
302
331
3306
337
384
1642
1222
528
1203
601
375
812
1413
2276
509
488
94
3548
3742
44
151
79
370
282
374
3581
1941
1400
809
223
596
1310
910
2950
83
1221
1756
1458
906
1559
997
3643
593
688
3423
534
3635
2338
703
1924
43
1931
3232
452
555
252
3644
141
38
417
933
2693
507
3446
1341
86
701
959
1586
2070
753
986
1864
1534
949
1426
2196
355
927
1861
864
379
206
186
1184
1610
3432
1050
1074
2952
3733
3516
1103
817
2658
1137
2156
1035
2809
1241
2483
1603
1176
23
290
179
1206
28
1465
1984
1404
512
321
715
738
386
1538
2587
295
1186
383
2145
1362
1986
941
1753
1104
659
3576
2051
2201
944
315
289
3267
8
42
3618
448
2830
170
1500
1590
849
2297
200
1463
1424
617
868
82
333
434
678
268
303
1382
639
954
1721
1295
1158
3780
969
394
3374
95
74
3654
285
1198
1029
736
105
584
2458
1457
598
1621
3486
7
1200
3879
2533
283
2851
874
3715
427
1049
6
64
896
1483
749
480
1661
1652
2752
51
3063
518
1343
112
683
14
1113
2558
101
460
313
3672
3269
1987
187
2357
953
1361
353
1112
3054
161
1412
1115
2043
2018
2342
704
737
1563
425
1606
3639
988
668
3229
12
955
1555
3616
228
2134
908
1423
571
620
871
635
2318
768
887
1608
3311
1230
316
1830
1720
577
1607
173
553
1054
1651
1217
1107
1196
679
632
636
610
552
1513
1234
3751
1160
1814
2191
599
3294
281
2096
3628
464
2480
100
1119
721
1181
1532
202
3627
2273
2169
1188
3858
152
1493
3266
2449
9
1132
525
2298
909
1446
640
288
705
3258
2430
1325
3623
3569
945
453
2164
568
25
3297
1190
145
80
1820
1639
1365
110
1565
913
3044
1059
471
1494
856
690
1899
164
513
1757
73
1749
686
3710
78
1323
3425
1032
1738
232
2132
3430
560
624
1075
1368
2649
522
71
815
1067
72
3112
342
1527
1752
3652
797
670
1155
622
2519
2332
3325
436
2286
535
3629
2738
77
3475
2774
1533
1824
2564
2403
1183
837
3694
615
713
2233
532
1322
2154
516
3805
439
20
2150
2015
3833
2537
3586
325
458
81
1349
1822
825
286
1519
1976
3392
431
1005
3508
1953
672
1945
1950
413
330
1567
1714
1742
493
423
714
637
931
3033
3034
641
171
1117
2433
2309
2561
2775
2385
2355
231
2843
1305
1031
1036
587
1129
1582
1449
3506
1082
438
1030
1252
1070
381
827
3545
1136
894
3268
1154
626
472
1002
2161
2020
1185
1231
980
826
2211
702
1691
807
1060
2542
2520
2024
1236
3241
614
1850
1654
10
446
478
739
1066
1037
1086
1084
1063
2714
103
2850
1562
1061
2713
2907
3458
3758
2778
3676
3012
167
1010
1028
744
1264
1263
1265
743
2734
1047
2735
2733
2732
304
3690
1786
1364
1728
1369
216
1251
1038
1034
1033
243
922
486
485
139
1740
1589
2803
1733
2045
3422
2185
801
1916
3739
391
923
2788
1702
96
1646
1352
3047
563
3285
3468
1374
1971
1488
1673
919
361
1122
3789
1874
3836
2
3868
2397
229
1182
1233
266
196
3848
2294
2205
1585
3296
265
1267
1270
1838
3551
926
224
2472
3734
376
408
2314
2550
1570
2213
3547
680
2686
1337
3597
950
757
2114
90
3020
741
830
70
1237
3138
1666
3500
517
2417
2102
523
2116
1385
2888
1528
1342
1286
1283
2141
2142
662
674
2970
2887
2435
911
2971
1929
1923
219
222
1895
1894
271
272
1842
1635
1055
914
40
2029
2028
3217
137
365
366
1006
2672
2670
2636
1658
1167
1316
2893
1273
1130
1268
1244
2944
1227
239
1153
1204
2991
3007
1171
3704
1161
2949
1348
2826
1394
1660
1657
2666
1949
2657
327
1550
1545
3614
3610
1524
1520
3604
364
368
747
373
1459
1453
400
1442
407
411
1595
292
1624
3657
1957
1938
1936
3771
3765
1845
3755
3748
1799
3559
2532
1763
1737
1735
1499
3844
779
3282
609
2567
981
784
1357
2386
1419
2050
1019
557
536
1985
3484
2138
3093
1645
1048
642
1724
3075
1026
1638
2014
3811
2781
2010
3071
2124
2006
618
3498
502
2131
1041
1101
2544
883
699
2187
1021
708
3136
37
684
3218
2183
3201
828
895
2812
3187
3162
3157
2817
2157
693
1686
550
2067
481
669
15
1680
2848
1091
474
1078
3156
473
97
3709
1079
3880
3883
2479
1597
1593
2528
1583
685
1578
2545
1566
709
1557
711
712
1556
1553
1552
718
719
2556
2557
1548
2559
1598
2518
3321
3323
1641
621
2494
1627
630
1625
1619
1618
3343
1617
2855
3511
3510
3509
2363
2702
444
2701
3074
1751
2700
3077
1747
1746
3078
454
3512
1744
2362
3515
420
421
3528
3527
942
3525
1356
2359
3522
3521
2360
1760
1759
1758
2703
3514
1743
932
3870
3875
581
418
2710
3085
2709
2707
1741
3095
907
905
904
901
900
3083
2372
1335
928
3049
1311
1312
1789
3056
1783
2716
1781
388
943
1776
393
1774
1773
3060
3102
2691
957
1684
2469
2262
579
580
305
3032
3221
3222
1250
298
297
960
3027
3026
2250
1825
1826
1827
2249
1829
287
1249
964
3024
1257
966
3622
1258
3210
3212
1269
573
335
334
2614
3045
1797
1798
3851
3857
2042
848
1297
861
359
2301
2300
866
867
348
346
878
847
880
881
3592
2272
2271
2268
643
319
1260
877
1259
1718
1713
822
2679
2681
2682
3132
3131
1689
3130
3129
3128
2885
3678
3680
3681
2441
3683
3684
3685
524
2188
2790
2791
2792
2793
1835
3011
2569
2570
2571
3674
2578
259
1804
1805
510
2204
2203
1837
511
3667
3668
2575
2574
2573
2572
3673
2577
3010
1243
3613
588
1242
1238
1229
2739
2740
270
269
1219
2744
2745
2217
2751
1209
3612
2208
3119
820
789
2677
1695
1696
1697
1698
1699
1700
1706
1707
1710
1711
808
810
819
3120
2674
2764
1001
1841
1142
3726
3725
1143
3723
194
1150
1151
2151
2152
2153
2160
2162
2170
2171
1468
2668
2667
775
774
3160
2655
761
2654
3170
3171
1843
1672
176
174
2973
2974
2832
1886
2831
1881
3792
496
1384
108
1656
3793
1386
2073
2632
2075
2076
1387
2838
2079
2080
123
1892
1893
1515
1514
1913
1912
3819
3818
1911
1910
2402
125
505
1076
2962
2963
1077
1901
1510
2847
504
605
3843
3842
1974
2864
2865
590
591
159
2030
160
2822
2955
62
1915
2954
1917
56
1611
1432
1433
2651
479
2987
606
607
2986
2626
2404
2408
2409
2625
3477
3762
147
477
2994
2048
3332
3454
3370
1120
1994
2579
2580
1927
1926
2582
1438
1437
2997
1435
656
657
1852
1853
1854
1855
1856
1121
1543
1542
1993
1009
1436
2996
1456
11
2910
993
992
3
1467
3173
1978
1979
1452
1944
1943
2900
