63
1146
175
1156
16
72
1145
50
602
1148
1150
3
1140
667
1155
66
107
628
102
270
814
653
108
119
289
25
182
333
297
230
79
74
178
1158
144
946
593
1255
372
185
320
146
916
65
97
15
1142
47
60
1272
219
61
75
64
42
317
616
110
115
1172
139
353
579
642
112
85
1175
59
128
1363
9
711
121
49
1163
590
1095
43
1141
186
1007
81
1059
537
1201
20
100
601
122
368
768
443
445
1212
729
1167
716
965
641
295
568
1152
1169
125
196
105
470
719
267
500
227
717
461
573
5
1138
130
810
1223
685
210
718
304
1294
782
741
759
750
371
161
961
1188
1011
375
1111
239
370
377
176
1157
1112
328
647
152
416
1296
95
251
250
98
415
1190
1191
1192
543
545
609
1261
76
168
148
249
1075
401
596
117
1280
159
132
1
173
136
1045
958
0
137
162
164
172
263
436
1044
381
229
480
1017
316
1069
225
743
733
1021
40
726
52
567
90
1165
1366
928
1040
532
167
361
363
386
630
631
513
14
502
1343
330
1010
255
45
209
324
909
851
882
837
485
839
301
1359
923
490
1137
431
187
300
999
484
457
399
319
408
150
1218
269
400
1250
149
1203
765
218
373
1133
1135
1136
555
913
912
562
1132
563
266
265
566
1050
1129
1130
1131
917
549
254
253
252
1161
1162
575
243
737
220
221
224
874
875
238
886
887
539
533
1127
1126
1365
1362
732
525
528
529
1182
1183
213
212
424
588
1193
1325
1323
944
135
1252
1251
140
1249
1248
143
1247
940
1246
402
114
455
120
1263
623
622
124
1077
1078
127
310
309
194
511
510
507
506
505
504
503
497
495
514
494
488
1304
1320
191
1197
1196
382
192
1123
1122
933
1108
1107
1106
976
88
970
971
972
1295
973
635
636
1301
1302
637
638
640
1205
1232
645
58
57
56
646
62
1065
754
1100
985
1030
292
767
766
70
69
68
67
414
413
398
397
393
996
429
1284
849
848
662
661
1048
1239
995
1240
1286
1053
1243
1236
1055
991
990
391
785
1235
349
287
454
453
450
1031
1032
1001
1002
447
448
1013
1012
1022
