2469
2412
2394
2433
2709
2464
2461
2383
2485
2404
2581
2582
2425
2702
2617
2410
2691
2445
2403
2436
2440
2479
2387
2381
2397
2608
2395
2408
2399
2474
2391
2405
2390
2503
2402
2511
2407
2396
2644
2665
2653
2467
2507
2487
2470
2667
181
2385
2401
2481
2475
2393
2434
2669
2409
2392
2400
2453
28
26
20
2389
2489
2379
2715
2465
2713
2488
2468
2730
2486
2424
2670
2420
2437
2419
2406
2463
2494
2452
2429
390
2432
1016
18
2398
2417
595
457
79
190
51
24
402
68
65
496
70
284
323
290
91
1762
544
500
2506
758
501
1377
2466
15
1781
33
67
384
1376
510
431
458
343
2647
112
89
235
2714
2460
270
2651
292
2508
2415
731
611
2426
243
1769
407
36
1743
1767
313
2692
1774
315
2455
2497
1755
265
1759
35
2790
2416
16
531
1737
827
288
280
712
543
102
10
380
545
22
80
172
23
461
628
715
716
302
439
637
1817
1684
56
1773
2504
1396
2639
1378
2805
1093
2457
1523
306
1574
354
191
58
1056
1185
1501
208
415
31
952
2447
119
1753
316
88
1356
50
994
658
622
1970
689
130
2633
170
630
598
1834
1825
615
379
222
1575
387
432
278
881
946
634
644
555
1361
416
30
143
713
72
5
285
2442
1211
2784
535
385
1268
1958
271
509
818
2238
601
1008
636
1910
427
64
666
231
675
596
546
725
1414
142
118
76
83
560
2660
878
408
718
1517
2778
173
1355
551
2473
488
241
137
429
3
304
632
1660
209
63
1813
1118
1186
826
492
498
985
66
274
1175
1036
2492
1037
935
682
86
2378
1
877
1442
667
882
757
357
732
27
819
40
607
743
1046
238
937
837
34
1877
1075
38
32
647
668
2177
1553
1489
2214
1513
2781
2430
2484
389
552
2451
150
1471
472
1264
2384
2734
283
525
1730
1784
633
2733
282
234
1134
505
1511
1734
2449
1178
447
1785
300
409
2599
337
393
295
2118
451
1966
128
195
1561
1128
475
2482
527
2905
386
2490
301
2225
520
309
2208
2438
287
1123
778
1021
2423
328
941
956
1111
1040
1048
308
324
395
943
563
1563
1085
2834
2876
2446
1126
1395
1926
503
988
1033
2413
741
317
624
168
442
1050
1313
318
1099
483
2454
1148
321
1607
348
2179
1859
466
726
2889
1388
2380
663
2046
129
1265
331
1538
1675
1401
964
1320
547
2161
2893
662
1634
755
2146
1398
2300
29
700
559
1241
484
1039
1321
813
1364
481
482
1120
1751
915
558
920
2716
951
967
660
1233
704
2152
2155
1573
1687
884
104
2513
1161
734
604
2173
750
749
1029
2159
1312
2011
2092
473
861
2286
1625
374
2030
2201
1167
2676
534
879
891
779
1035
2014
840
1170
742
931
474
1990
1836
2288
1222
2476
857
2844
2827
583
273
151
2450
504
1183
1182
1197
1198
251
821
186
1184
2763
2671
2727
1310
1309
2100
1308
2672
2673
382
184
330
400
1144
2922
99
635
60
1599
1149
1463
727
2538
1089
1068
538
1864
1277
1681
487
455
110
109
2871
1220
639
57
100
579
2101
710
575
2205
903
1142
366
1938
1136
1668
745
334
2317
2110
665
1141
1937
364
589
1176
958
746
335
747
2090
2111
1335
1464
739
2318
1514
1135
880
1713
45
25
1078
2860
494
2078
1071
360
1631
2055
2903
1061
949
9
1532
6
1217
48
2232
1472
369
450
2754
1261
2038
2750
2724
1306
1263
1869
1354
1366
2646
1383
470
1450
479
2495
497
149
847
572
845
125
2175
1723
609
1807
1829
811
711
1873
1883
254
256
875
900
2002
1154
1004
1156
984
983
180
433
435
1480
1467
122
1251
1226
2936
1224
1179
131
250
114
1131
78
1940
81
1871
1856
1831
116
1708
1700
2027
1654
294
174
2112
286
176
836
452
1984
1615
834
2132
2717
955
807
258
702
1051
1683
1124
2180
2462
2388
1545
232
823
2771
737
425
530
1630
2281
145
991
2839
735
399
2478
247
862
2126
375
2311
852
2674
1106
2374
2930
1704
602
1077
849
392
533
424
864
863
1380
720
2304
1301
1302
722
723
1305
2303
2590
398
2299
1311
1818
2298
719
2295
1318
2294
1322
2291
2290
2017
2018
1327
2612
1329
1330
1333
2934
2933
905
1297
2005
2322
2316
2315
2310
2309
1043
1042
2022
2023
1789
733
1340
351
2640
347
346
344
342
341
340
339
338
1346
1347
2229
541
2456
1157
1158
2459
1160
1162
1168
1169
521
1901
1900
1173
542
1174
508
1189
1190
1192
2498
2502
1202
2510
1208
1865
467
1219
464
2929
2928
1371
748
950
752
2251
1385
1386
1697
252
2250
1390
591
1695
2249
2248
1692
1691
1690
2247
1688
1389
592
1084
1374
603
2688
1963
2557
2680
293
2681
291
2048
1726
1725
2049
2045
2050
277
276
1351
1712
1711
960
959
2066
2051
2044
986
987
638
1280
1281
1282
1284
2349
2220
2327
2075
940
939
2277
1685
1367
933
240
239
236
1677
2731
1676
229
2331
2332
1001
1003
2369
2368
1998
1999
2365
1272
1273
2736
2363
858
2927
2926
1456
2535
1257
1256
1855
1996
2242
1255
2796
1019
2794
2386
166
1627
1088
1409
1408
1848
1847
1405
1404
1403
423
422
178
1929
2809
2128
855
133
856
410
1849
1249
1917
1918
1919
1248
1606
1988
144
2808
2807
148
1842
1841
1074
869
2129
1915
2824
2825
1438
1437
1991
95
1994
107
108
2141
2136
2135
2833
1995
2832
2829
2828
1981
1980
550
549
1979
121
1978
2846
2850
2863
2862
570
569
2148
2858
2857
2847
2915
2916
1109
2422
2742
2741
1110
1235
1236
218
830
97
825
1569
1568
916
824
599
597
1956
1138
1555
2865
2866
1554
1137
1550
1549
810
2191
910
911
913
806
805
804
803
871
1534
1656
1533
794
61
2883
2884
1529
55
1443
1444
1448
795
1449
2755
1655
1012
2444
2098
2099
2908
2911
2172
776
777
43
44
1516
1566
1637
1638
1639
1640
2765
907
2907
2198
1649
1102
2372
574
573
1936
1935
1177
326
327
329
2199
2189
2190
1458
14
1459
1115
1116
8
