2301
2295
2247
2233
46
2475
14
2318
72
2297
2230
242
2261
2316
2285
2373
2229
2296
2450
48
2263
2294
2298
2286
2468
253
2237
2328
151
2017
64
261
2330
262
32
274
257
2010
2323
186
2002
3
263
265
267
62
304
223
268
1516
1463
2013
2719
1154
15
733
23
235
198
1506
1508
1518
1358
1524
18
1269
1324
1333
376
2317
194
1500
1342
458
446
2264
187
1502
1337
1326
1501
438
386
485
776
196
195
2325
448
94
631
630
764
355
5
165
742
427
83
258
266
691
2462
328
70
429
10
2309
167
421
131
645
71
548
2560
344
2326
2311
960
319
455
1027
867
170
539
636
61
2331
2242
93
2721
2014
2361
447
1454
54
2348
2290
325
58
139
120
471
290
34
68
546
1401
244
127
898
1447
505
528
2440
31
545
432
1142
119
1345
56
739
1346
122
484
373
80
85
542
394
169
63
335
695
2109
342
1439
291
75
283
134
59
475
115
874
1226
95
168
1301
1700
731
575
389
21
17
902
969
88
1128
1228
514
2416
499
411
2236
773
693
2324
272
535
6
494
2342
37
524
478
2287
613
433
832
1615
19
443
174
637
278
887
294
828
420
247
100
465
407
221
802
1099
1442
1948
1452
641
544
435
1575
1634
974
133
270
2335
220
1140
823
20
937
346
897
279
2336
2582
354
1774
1973
601
2322
69
101
753
467
192
269
348
369
770
678
320
453
377
67
1189
330
913
2090
299
1043
1787
2327
347
639
863
1444
872
190
193
493
1874
2508
260
459
495
2188
350
107
660
1988
537
264
1887
483
771
1912
282
534
1220
2056
97
932
226
250
1656
336
428
1364
381
2089
706
1805
2093
2675
2369
1002
2448
1355
643
188
1332
1053
1180
1147
234
184
831
285
90
1802
914
1523
1347
1553
1086
1905
1327
1329
1210
1499
1522
111
673
675
430
951
834
77
905
323
1204
2669
2292
1922
2641
437
129
1672
50
106
1178
1153
1794
2329
1818
694
1262
1677
2254
886
1933
128
976
91
1986
1640
1008
248
836
786
140
155
331
464
1126
686
2341
510
481
2533
150
388
936
457
552
1042
116
1041
910
476
1431
962
2746
553
744
991
582
2556
1614
280
997
761
2747
779
1049
1194
2239
105
1029
1164
741
81
86
445
818
2458
714
2548
2634
39
1737
1812
1449
1456
1096
1414
1256
9
1947
1000
65
1464
341
372
1216
2088
2551
0
2447
703
728
1664
956
2173
1119
1176
1979
1397
1886
1557
1826
1560
1804
1231
587
1733
530
246
2727
362
363
2625
368
405
449
424
2552
541
866
964
1465
958
522
1517
597
799
1643
397
2610
2357
1282
175
1125
603
113
289
1192
1549
1051
1050
332
333
1181
1131
102
237
2223
885
1898
894
87
895
1873
1208
1038
710
513
76
2248
1032
338
1419
1319
434
594
696
1840
36
2643
1940
1085
677
41
680
682
1836
1279
2638
382
296
375
1082
2411
357
200
1056
2623
57
225
791
2619
844
931
1201
2408
1876
2414
173
808
1692
567
2438
952
410
2442
2346
1863
996
2456
1196
162
1490
1171
1611
1168
1990
490
940
159
2151
1185
980
477
1351
479
2614
647
2561
2579
2578
480
482
2632
909
979
1344
659
1505
650
2615
1177
1187
2616
2153
1186
2152
1682
2511
1248
316
1716
1714
312
2210
2517
2518
2519
971
2520
662
2523
663
2209
2208
2529
2530
2531
295
1260
1712
321
1955
1720
2067
1243
2222
2221
2220
293
954
953
651
2538
652
284
1964
2542
1690
1688
1687
1266
1267
1684
1242
2226
2227
1237
340
981
2244
2071
1678
1676
1971
1673
935
1671
934
629
1972
929
928
927
239
1647
233
232
930
619
618
616
1202
1203
591
1729
1728
1727
463
416
415
871
1847
2160
875
182
183
2162
2163
2164
876
2622
2621
679
879
880
1310
1309
672
671
2175
2176
404
207
403
1457
2371
2372
1815
1814
1064
1065
1066
1067
1069
1070
1076
2395
2399
1091
2406
452
1817
1058
1057
1871
2312
1868
1005
1006
511
1867
2081
126
1538
1097
1341
1340
1098
132
1773
1100
2249
466
2023
2022
2660
2659
1555
1891
374
152
153
1890
125
1559
1537
2034
1363
1092
2086
391
392
395
396
398
399
1822
1823
474
1864
488
489
1879
1880
978
977
519
520
1910
1911
1923
549
1093
2445
360
2771
2772
804
805
1199
1526
813
2465
2100
1529
814
815
816
1725
1724
1528
114
1514
1513
2726
2725
2047
2046
1491
1492
1354
2039
229
614
66
2737
2738
1162
1365
1161
60
1367
1368
2061
2062
51
49
2120
1573
1459
1474
848
568
2731
1572
789
853
1570
1569
2698
29
30
218
219
1994
1941
1440
2699
800
1993
746
1450
1631
752
1635
1567
1566
2653
2652
768
769
851
850
801
2770
1942
899
1996
722
721
720
719
1995
900
608
1393
1394
724
725
712
711
8
7
607
1403
