1435
1432
1433
1448
1565
1610
1497
5
765
1449
467
1456
1439
1469
1434
1442
1443
761
1459
1445
72
33
307
1452
1482
849
764
127
762
1440
829
1555
824
192
1438
1486
1592
1629
752
474
25
196
40
1546
113
1453
265
483
1437
763
1084
1093
964
252
1473
62
98
159
370
14
287
1061
195
835
1460
111
446
125
75
1455
685
96
61
114
91
595
190
1605
712
382
397
312
333
1022
157
1085
102
784
586
167
1114
298
1171
1530
445
136
737
215
1454
409
676
406
1075
796
1464
1480
15
37
301
1005
790
786
174
60
70
254
497
108
700
269
391
222
180
1618
930
879
224
543
413
599
435
12
1466
672
969
698
408
854
1531
1617
339
583
991
357
1740
1491
478
1463
475
959
841
256
1479
1047
541
820
555
315
201
310
45
253
1149
488
726
821
1105
1124
1556
278
495
627
561
463
1079
1179
607
1222
926
314
286
280
304
558
294
1174
1733
197
393
1099
115
1051
228
1503
219
100
277
1153
303
629
569
1297
26
552
28
171
39
1104
603
55
1098
7
8
1636
415
528
1477
601
1315
326
598
542
1762
1303
1430
242
571
965
267
928
933
1
538
1450
756
584
1427
427
464
419
637
291
331
44
633
88
1671
428
681
36
214
530
940
902
104
1115
1054
1162
1318
517
516
515
1209
17
887
1321
232
1662
453
1288
874
692
66
908
237
365
1712
624
669
986
1239
1501
755
1527
1274
1715
918
292
355
546
718
460
99
456
1377
328
1447
112
1560
611
1668
1790
1407
392
35
1730
1693
149
150
412
54
1507
553
554
913
912
621
1648
644
1650
249
64
206
3
1425
803
341
983
449
1266
888
616
352
188
694
909
513
1228
86
398
172
1125
1520
367
288
728
1309
306
848
537
877
1200
1416
247
22
547
1165
358
564
1330
360
646
667
673
1291
896
165
162
1225
628
205
949
434
443
948
1601
666
1129
1829
1823
1422
1548
772
773
776
777
778
779
780
1559
1561
1199
327
1573
325
324
580
244
243
465
839
1281
1637
1638
1133
1640
1641
1132
1644
1645
845
665
1128
226
1810
1805
994
320
319
318
317
766
767
768
769
770
305
1183
1182
300
299
1586
1803
1793
1661
438
439
440
1108
1660
274
199
198
1285
1286
194
193
1284
441
1658
976
709
710
1210
713
725
727
708
284
282
281
1175
1173
1167
532
283
707
1211
1759
1758
526
169
1689
1688
1687
1686
1685
1089
1090
1682
178
179
1681
418
1679
1678
962
1155
1154
124
1240
570
653
1241
573
574
1436
1052
1242
1243
1244
1245
1441
431
1756
1757
551
109
869
1029
1030
1423
870
1424
1230
1231
1234
642
426
425
641
116
1389
1633
1632
1160
1161
263
703
702
690
689
680
678
670
1212
1213
1214
1656
1216
1672
1494
388
882
883
1410
818
67
610
990
989
988
987
1405
59
389
631
1371
1465
1483
904
400
380
1002
41
42
1001
105
106
94
1101
49
50
51
52
973
1386
1385
374
943
944
873
623
1014
596
1276
1277
951
952
953
954
597
1013
620
1380
1334
1333
21
20
18
910
911
74
73
19
9
589
588
802
980
