1359
183
185
181
1
1362
1459
98
1356
364
410
1414
418
1366
63
789
88
13
508
1397
435
1395
213
91
127
116
71
1385
846
485
424
528
426
42
167
917
12
1394
1360
1398
126
277
237
221
14
1496
783
75
102
119
29
212
184
195
510
148
534
973
856
101
62
309
911
404
216
644
657
1349
80
825
4
278
17
376
718
444
302
533
379
66
163
671
1402
524
490
69
918
196
599
1007
26
442
160
434
260
220
1378
133
1383
1553
519
518
3
665
143
132
94
156
1566
486
134
58
521
1419
610
543
1199
53
307
129
214
1152
1593
8
103
899
198
670
9
15
128
693
419
706
44
306
28
287
317
316
303
55
488
124
1125
437
851
1246
702
499
23
697
615
602
324
64
1256
494
637
412
312
512
373
573
601
896
1391
445
915
916
319
579
446
598
1646
591
649
691
1451
139
73
440
777
1614
84
109
1309
1226
951
1021
784
433
1040
1049
498
755
683
1111
177
1263
857
936
197
1045
500
1061
1132
1042
388
210
480
301
311
482
1289
332
48
50
836
1597
79
1215
481
1549
21
744
5
733
1034
537
1195
72
865
1507
2
291
731
1255
741
758
135
580
238
611
547
725
1095
223
1437
25
114
1400
1145
1026
1527
638
46
169
651
1357
405
766
438
428
1376
647
110
414
65
1176
962
187
270
712
1022
173
269
429
514
1237
234
190
296
273
1296
933
120
1543
1154
505
504
106
736
484
96
1085
1253
1083
772
786
1303
283
60
56
515
677
175
704
451
826
1229
1093
681
947
172
685
409
575
1516
594
1418
242
833
19
622
589
854
330
1521
1167
1390
1165
530
703
699
1168
1652
1653
1429
1403
208
207
735
1141
202
201
893
200
739
740
1308
401
493
1305
1306
1144
188
1312
1313
1314
1315
1015
1143
727
726
378
1134
1473
1640
112
1644
1604
1051
751
996
749
748
1506
1505
1150
1500
1499
1149
372
1617
1618
669
662
661
660
659
656
655
1413
1412
1079
275
276
1080
1056
281
1552
674
967
968
675
1228
1449
764
763
762
761
1450
130
131
1171
868
136
1161
368
367
1158
1157
1523
1522
1162
1520
1519
1329
1514
1513
161
625
1559
1560
293
1562
1563
292
289
946
945
944
776
217
1184
1185
218
1092
82
785
924
923
538
539
791
1196
1197
1198
314
603
67
604
335
1245
475
479
501
502
523
527
1128
1127
1119
1118
1117
1116
1115
1114
617
955
904
895
894
472
471
1612
1613
909
1037
643
642
1273
806
807
1272
636
673
690
692
152
717
721
672
1539
958
957
939
938
932
931
722
228
1209
40
39
294
295
1379
1381
1220
229
458
852
16
850
1210
632
842
620
1242
1241
621
7
