2469
2499
2550
2533
2646
2412
2465
1257
2501
2506
2445
2714
2539
2585
2534
2432
2537
2458
2549
2666
2525
2548
2504
2542
2428
2544
2536
2471
2479
2426
2417
2437
2502
118
2414
2683
2628
2568
2521
2463
2433
2468
2492
2507
2527
2541
2448
2450
64
2513
2482
2453
2480
2438
2457
2620
2481
2523
15
652
2690
2697
2726
2505
2656
2725
153
99
1096
2706
70
2466
2430
2427
2221
2467
2418
2473
2449
2562
2509
3
2647
2478
267
2441
650
188
12
32
254
301
193
149
597
1149
292
333
651
401
510
1517
334
471
173
1779
2514
1588
46
2435
2421
66
1593
122
136
2617
357
19
405
540
145
10
1598
2788
459
834
2488
177
1829
190
1386
13
2705
2535
335
108
24
773
552
865
356
423
132
440
920
406
255
146
2493
159
294
269
655
183
299
8
302
216
2338
158
1528
16
259
496
457
1504
84
340
4
768
331
728
9
257
110
1133
43
376
1655
654
323
867
548
87
415
2675
765
239
327
141
2407
1485
995
882
1637
20
317
931
1144
2496
874
2886
85
1622
1550
800
22
1604
701
137
878
648
2558
2500
1366
1027
469
2555
2021
490
307
711
444
176
129
128
113
1291
2522
233
2152
627
1184
574
2456
723
297
262
339
1103
753
550
26
143
243
315
94
608
1353
559
412
1143
7
226
2669
554
657
855
817
1441
157
868
609
206
432
203
414
1375
2737
494
754
38
2145
2446
56
258
180
2475
1138
1282
2674
1285
581
2354
21
2899
399
2238
272
72
147
95
303
2474
23
191
2728
560
266
493
1393
130
638
1852
442
816
1890
151
1052
341
2557
2766
1273
156
2556
1081
942
564
2747
1301
39
441
539
1824
349
2554
519
98
521
1799
1651
2103
731
764
663
2282
89
1419
1434
1893
824
691
547
553
165
759
393
264
2150
458
2278
1337
314
194
1270
436
703
2367
2870
2151
1584
1212
34
178
1537
1498
774
2452
2530
1124
618
1177
382
1664
336
1590
398
715
2490
763
345
162
481
224
766
1306
781
508
2311
475
1379
152
1542
1409
1851
33
342
150
1696
265
354
2355
2265
1054
2569
114
353
2622
714
228
350
121
2222
907
200
1033
2209
2545
227
1428
740
2305
409
1065
2459
104
2563
1310
910
1287
2235
1429
2489
1876
473
2518
712
2710
2045
2066
1252
2129
1104
1256
2005
2241
470
1224
1689
460
783
1987
2802
556
935
793
2741
2820
1750
320
477
1188
2422
2511
780
474
1262
464
2036
1652
823
912
425
2373
2702
785
466
1906
2192
0
1376
2194
397
505
14
994
849
347
853
1098
647
60
687
2369
844
2370
2371
1186
1227
572
433
2297
1802
63
125
2050
236
1164
1554
2948
2980
1691
1019
1560
1020
1021
2363
115
2237
2013
2074
2075
207
1308
486
1497
416
601
939
1013
2058
2059
585
676
192
543
231
1023
708
1935
2025
501
2027
2026
1885
1066
209
937
1566
1304
1989
887
792
1847
812
835
310
313
74
462
2163
2110
607
2498
321
1579
390
1277
2211
285
661
1653
326
2164
1159
2003
495
77
1850
1121
1474
996
819
2950
371
796
131
1900
212
1404
1241
451
840
1368
105
202
456
1009
851
1974
1267
181
184
2880
1447
2031
2672
1942
561
982
1452
1453
1392
1390
575
524
847
174
1192
1387
1932
250
845
2671
1410
1336
2002
68
2000
742
263
116
2159
873
828
2052
2342
1245
2423
2360
2226
1950
919
2126
838
2078
1193
2131
2462
2876
2928
1196
1465
662
363
134
2345
1525
51
2510
80
2472
1332
1966
107
1320
820
276
1051
1266
1547
1513
41
2264
102
329
2116
1699
1984
2942
1620
2118
889
316
613
616
2731
1235
756
296
644
746
215
2793
275
673
185
384
485
509
1395
692
1913
394
2247
1114
1356
2154
809
2276
402
856
171
2865
1738
420
2317
2180
1321
1026
2088
2866
2155
2867
2320
806
533
534
537
538
1201
1200
1199
1198
1197
1961
1962
558
1183
2486
1180
2512
1179
1207
2516
1239
1238
2547
1925
1926
498
1223
2531
1220
2967
2938
1248
1982
1145
1146
1147
1981
1977
1976
1156
1157
1163
1170
2515
520
1941
2528
455
1895
1896
1898
468
1908
566
1909
2560
480
2553
2936
2933
993
2093
1361
1364
732
733
1367
2100
2724
735
290
289
1370
1371
286
1372
1761
1760
282
736
280
1758
2327
2101
739
2329
352
2913
2922
2257
1111
1112
1122
1123
1130
1131
1139
2561
1888
1209
1210
1886
1882
1881
1877
430
2189
1872
1871
1862
1861
1856
1110
1249
1109
1101
2200
2108
2109
2199
2774
2775
713
1380
237
1381
1383
2113
223
2114
717
1707
1706
1382
238
2107
2106
1733
260
1732
1731
1730
698
2755
2756
1991
2796
2797
1688
1687
2123
1396
2794
1397
928
1400
1401
2124
2812
2813
929
1681
2460
705
1723
379
2016
2632
958
1048
1062
1049
388
389
2357
719
1414
1413
2307
1408
908
909
2828
2827
2826
911
179
392
391
2128
916
917
1671
1672
189
1988
690
1828
2009
675
1825
1703
161
1536
2854
144
2853
148
2849
2848
2847
155
2844
891
1283
892
895
897
898
361
1040
1039
1037
1034
1809
1808
894
668
2304
138
2153
1440
2384
2878
2877
2875
2874
2301
2302
2148
2735
2143
2860
2142
2668
1028
666
665
1605
1603
1424
1425
2907
82
83
2906
1591
1437
1436
324
2898
2748
2749
2398
611
2387
2386
614
2382
2381
1345
1346
1349
1350
771
101
100
96
93
1431
1432
2176
2177
2291
826
1444
1445
2399
2403
2404
2411
2250
1294
2249
789
1093
2208
2207
251
1463
1462
790
1545
1546
309
1088
794
1094
795
588
1084
1448
1083
1734
1735
1736
1737
322
1455
2225
2224
2033
2034
2072
2071
1535
1534
2068
