2224
2237
2232
2235
2222
2236
2221
2230
2254
2358
2448
2217
2233
2282
2216
2227
2223
2297
2229
2278
2240
2226
2259
2238
2249
2242
2241
230
385
2294
2261
2228
2252
2234
2225
2301
2231
436
2467
2256
2253
2220
2260
2408
476
2262
2245
2275
2263
391
2239
2287
2437
2268
389
413
28
592
1234
487
322
2349
589
2270
2295
2318
2299
2284
2283
2438
2446
2277
1488
2328
2255
660
63
2266
2274
2265
2247
95
2257
1235
388
2258
1500
141
192
101
368
107
390
120
91
23
513
139
131
196
67
66
184
379
73
84
209
903
1140
426
688
546
804
90
564
1236
49
1570
39
51
338
290
2298
109
1233
715
1429
57
410
112
2581
548
2215
148
1797
382
2250
171
2443
2619
616
1746
612
399
827
384
713
1389
1366
722
1302
130
850
2478
810
37
888
1338
1145
1494
1658
35
2286
2219
829
1237
123
1124
99
681
333
406
497
992
771
666
726
1347
103
149
1339
361
2244
2648
324
41
1221
2580
2518
1907
851
2557
2086
634
36
861
1987
83
447
198
246
265
772
1042
498
423
15
524
407
1046
2582
529
355
266
395
898
504
902
135
465
116
133
636
146
1911
340
611
526
429
614
956
45
2056
1330
527
991
2530
899
104
315
694
1914
1209
586
317
1252
830
1996
1828
419
238
348
773
2288
31
271
159
299
1802
2389
1350
200
2733
331
2320
8
124
1433
558
7
1153
220
9
2300
2441
2426
671
2280
2578
764
353
1557
961
2218
56
1900
609
549
2099
2336
2344
784
508
270
218
641
5
2331
2269
2303
535
1079
539
136
2248
2404
1493
537
2332
976
569
72
2281
1832
481
256
499
2382
1266
2606
1335
1516
336
1152
2353
2304
725
2402
724
2092
374
1200
1202
418
2554
2521
792
43
356
1999
1816
522
909
1217
520
22
2119
3
906
649
779
2392
718
405
648
316
1850
174
1818
371
1164
151
858
312
1117
1623
1536
936
646
1806
523
2003
1065
2313
1173
1135
1852
475
613
595
210
1919
881
761
1944
629
669
1782
1745
412
560
1075
1187
483
2539
2532
765
553
552
430
834
411
342
711
1356
215
1532
2296
2208
1123
1304
1995
1994
1993
702
703
704
2045
21
1898
48
197
716
2293
292
540
2439
132
1289
1441
1739
940
1462
593
532
354
664
11
707
1495
1414
1972
2482
1334
2515
222
74
93
1
396
427
1738
1844
2534
890
668
79
1499
1454
833
1051
2067
417
825
1192
603
1207
29
606
1114
1240
1267
1279
1467
615
803
1319
780
1341
1450
2038
720
2393
2312
574
1052
1771
1787
152
44
156
572
435
505
294
581
714
1671
470
33
1669
1142
366
1239
1619
1446
1991
1770
432
1939
1151
814
1144
812
811
1681
1422
2548
240
563
800
567
1929
1037
577
2048
1839
204
2279
2568
1661
1182
168
2251
1170
1921
2029
657
2018
2158
2366
521
1048
1909
1078
661
55
1119
1847
47
2323
493
1808
1199
2351
1045
1041
1012
678
2062
821
854
2095
2101
884
897
2016
420
986
1567
38
2012
1382
1364
1352
844
1315
349
284
289
1294
2171
697
1275
1265
318
2476
313
1790
1552
24
1358
975
1986
1503
1981
2720
1504
1230
1505
82
89
2721
2722
698
2147
2424
699
700
362
363
364
985
984
0
701
1699
981
2440
2139
2442
1483
517
1815
1814
511
510
1813
1092
2292
1812
1807
1805
1102
495
1801
518
1800
490
1107
1108
484
482
1120
466
1781
1130
2335
2093
1225
1226
1675
955
314
951
950
308
1663
304
1224
672
1655
1249
1250
1251
675
1253
1652
2480
2481
286
1656
1223
325
1676
728
1061
1062
1063
1068
1069
1071
1072
2307
1076
1077
1082
1060
1083
1768
1766
1765
428
2356
425
424
1737
1146
1147
1148
1769
1059
183
2552
1945
887
327
610
1948
2551
1150
2106
2562
1950
1295
1296
1297
2107
2204
965
892
2535
223
1895
2537
685
1273
1274
686
2689
2688
394
1022
1053
1057
408
2021
393
2387
377
376
373
372
1692
1690
2412
1689
1688
1021
1020
1019
1016
2211
566
565
2212
2027
2602
2601
1526
2599
1527
2597
153
154
2596
268
1529
1530
2206
1533
1960
1959
164
165
2495
2496
2497
1837
1540
1541
1838
2420
2680
2681
2615
824
1300
584
1824
1825
585
1827
2605
2604
708
2513
1920
1863
836
837
1677
655
654
653
2616
2617
2618
1303
105
645
963
339
633
632
2131
337
628
627
2134
637
625
2135
335
1258
330
1543
1544
1546
2577
2576
624
1547
2126
647
98
1486
2678
2679
1397
1174
2504
2503
248
2489
2488
1617
1621
1622
1625
1627
1635
1637
972
971
933
908
1175
1176
1177
235
1305
1481
1482
2041
1934
1491
1490
2630
2631
108
106
1973
1974
1976
1977
778
777
1307
1308
1989
1990
763
762
2000
2002
1933
2164
2165
2166
2525
2573
2574
721
723
2072
2073
857
856
1419
1420
1424
1427
2570
2571
691
743
744
227
228
229
2189
2188
2187
2186
2185
111
682
2051
2052
27
26
2036
2037
866
865
1387
1359
1360
867
1385
1386
1381
