1575
1580
1578
1577
155
591
1584
45
25
286
771
284
289
288
287
752
282
285
415
1007
1589
1586
1596
1160
170
203
965
44
163
205
1725
84
519
144
283
1013
47
1611
86
769
1623
1610
82
159
184
116
403
299
131
422
703
140
1020
834
22
323
467
213
55
506
186
1528
517
68
1588
201
214
800
406
356
762
107
1150
375
21
1445
29
27
1873
1679
476
1389
1644
294
1680
894
293
974
312
1616
258
15
516
207
125
57
1713
218
64
637
979
1018
1411
164
441
320
51
491
239
123
571
1457
196
976
1432
759
787
1202
5
80
971
1186
543
961
698
1364
1671
376
891
169
559
363
803
460
357
77
871
970
1615
1839
694
231
1319
600
575
512
1374
948
480
1138
1263
1518
1547
410
88
291
391
14
731
62
43
1009
846
612
1673
778
408
1473
617
498
10
1201
211
541
280
416
1724
31
924
611
46
892
50
464
531
881
0
303
905
1409
1132
594
592
399
463
572
92
792
70
736
1643
17
1755
134
455
597
1175
908
486
147
1627
74
327
452
1190
1500
829
348
607
487
690
940
1267
774
1467
193
577
472
1551
1466
773
152
191
538
932
994
990
1695
1428
63
1437
1701
1346
352
1990
565
1222
317
589
97
534
1299
1101
849
127
1025
644
1182
485
1041
251
1316
1052
1317
739
397
584
737
1326
696
281
252
1234
909
126
304
119
1947
1738
101
292
1036
838
221
716
1787
866
1048
53
646
1385
228
721
648
257
66
1688
71
652
546
274
349
1433
1626
488
1900
728
212
1047
693
91
1998
587
34
535
1570
504
1241
1218
954
235
236
1193
980
1762
1030
1023
1165
564
1029
1024
1194
1195
1167
1763
1878
984
981
1014
1215
1760
889
741
255
254
1274
1273
1272
896
1271
1624
900
901
902
903
1414
1265
489
888
259
2024
2012
310
1404
1405
1262
1261
477
478
233
727
726
725
1251
1250
1249
225
224
232
1403
1505
457
458
1401
1246
1245
219
1400
1416
208
206
708
1231
1424
1425
1417
1399
454
1396
432
537
797
341
340
798
330
329
325
1329
324
1740
1743
1750
1751
308
1756
1757
1739
824
344
1767
1880
179
1879
1196
1197
1199
1200
687
688
1208
1209
175
691
1214
1216
1217
449
448
700
162
120
121
496
643
364
1777
1451
1450
1778
365
747
1351
132
133
275
1783
1784
1785
1440
1606
1568
98
1567
837
389
1705
1122
1706
500
1950
1951
501
390
1604
173
1772
929
1958
928
549
636
635
634
633
1692
1693
115
114
113
112
1698
1699
105
104
103
102
401
602
601
1987
1988
1038
386
1658
1659
1661
1662
1382
1381
362
361
1331
760
761
1764
1510
1655
785
786
38
35
36
37
581
39
40
41
42
1492
1491
1490
1489
641
557
558
640
942
54
986
1522
1471
1393
585
586
939
938
596
598
414
1472
413
848
405
404
1172
1171
869
870
1646
1003
1506
1507
1032
1031
1530
1531
1043
1004
1044
1046
