15 13106
15 18612
15 18775
16 18612
16 18775
17 18775
19 13106
19 18775
20 409
20 13106
20 17727
20 20953
21 13106
21 18612
23 3803
23 22954
38 2848
38 2849
41 18775
42 13106
42 18612
42 24878
43 18612
108 13786
112 2849
184 8495
184 21104
215 13215
217 13215
232 20811
254 4046
254 12381
254 15015
254 24211
268 269
269 16689
272 13558
272 22355
272 22994
276 17847
292 13215
343 10349
343 13215
351 13130
367 19349
368 19349
371 19349
372 19349
373 19349
374 1583
374 1585
374 2671
374 8931
374 15134
374 17471
374 19349
374 20055
425 5184
425 12737
425 15593
432 1938
432 2205
432 2469
432 3762
432 6458
432 6639
432 7659
432 7855
432 9071
432 11701
432 11939
432 14313
432 14459
432 14495
432 14670
432 15029
432 15553
432 16907
432 17106
432 18078
432 18989
432 19680
432 21032
432 21237
432 21539
432 21866
432 22055
433 4019
433 4493
433 5741
433 6458
433 7659
433 7855
433 13950
433 15043
433 18078
433 18442
433 21038
433 23127
434 472
434 1996
434 2205
434 3762
434 3846
434 4493
434 5423
434 5741
434 6458
434 6639
434 6641
434 7659
434 7855
434 9071
434 9724
434 10629
434 11314
434 11701
434 11936
434 11939
434 12207
434 14459
434 14670
434 15044
434 16907
434 17106
434 18078
434 18442
434 18989
434 19680
434 21032
434 21237
434 21539
434 23127
434 23541
434 23542
438 3890
472 1094
472 1938
472 2205
472 3762
472 3846
472 4493
472 5741
472 6639
472 6641
472 12262
472 12683
472 13164
472 15044
472 18442
472 21539
472 21865
472 21866
474 1938
474 12207
475 1938
475 6637
477 21551
479 7992
481 7992
503 425
507 505
507 14555
507 20964
507 24051
515 21104
556 17903
556 22525
593 18920
632 16599
632 19790
675 7571
675 13309
675 17756
675 21925
676 1119
676 1296
676 1390
676 1762
676 2990
676 3595
676 5674
676 6405
676 7568
676 7571
676 8165
676 8176
676 8930
676 10351
676 11764
676 13483
676 13485
676 14891
676 20413
676 21280
676 21924
676 21925
676 23530
681 23530
691 7930
727 732
739 16979
739 23355
751 17727
761 16599
775 8194
775 16894
776 8194
776 16894
778 8194
778 16894
782 10984
807 24076
812 9642
812 10349
812 24988
813 13215
830 2110
830 7930
830 16599
830 19152
830 22095
843 7571
843 21925
843 23530
844 7571
844 13309
844 23530
858 5910
858 13116
862 13106
862 18612
863 409
863 2826
863 3122
863 8030
863 10459
863 13106
863 18775
863 23085
865 13106
865 18612
893 13589
894 1877
912 12379
912 24379
912 24382
925 16392
931 18709
939 9505
939 9506
939 19334
944 8801
945 23430
954 953
966 16675
966 18106
968 16675
971 2099
972 3387
972 3690
972 11298
972 14477
972 18043
972 19848
972 19849
972 19850
972 19851
972 19852
972 19857
973 14477
973 18043
973 19850
973 19851
1001 1554
1001 3814
1001 3903
1001 6672
1001 10307
1001 13209
1005 3814
1005 6671
1005 6672
1012 20504
1019 24762
1024 13215
1036 11572
1043 7612
1043 15980
1043 20422
1049 13786
1054 5666
1054 8839
1055 14497
1094 1938
1094 6639
1094 6641
1094 18442
1117 13097
1119 21150
1140 1938
1140 2205
1141 1938
1141 12262
1142 2205
1143 472
1143 1938
1143 6641
1144 1938
1151 7039
1151 13205
1223 10349
1223 13215
1223 24988
1275 17028
1277 8194
1283 6380
1283 22491
1296 676
1313 10839
1313 15858
1313 21257
1328 5818
1355 472
1355 1938
1355 4019
1355 6639
1355 6641
1355 15043
1355 16907
1355 21038
1356 7659
1359 2276
1365 4470
1368 4470
1371 472
1371 6637
1371 6641
1372 1938
1372 2205
1372 6639
1380 13830
1380 19175
1380 21338
1380 21369
1382 3140
1384 7565
1384 7571
1384 10352
1384 12629
1384 13486
1384 24987
1390 16689
1398 23697
1398 24712
1414 21551
1416 17207
1418 8565
1421 8931
1421 11570
1421 12514
1511 1969
1511 3478
1511 4266
1511 4449
1511 5650
1511 6634
1511 7930
1511 8279
1511 8633
1511 8634
1511 8635
1511 13749
1511 15302
1511 16599
1511 16787
1511 17804
1511 18872
1511 19152
1511 22095
1511 23630
1554 1001
1589 19349
1592 19349
1595 21104
1600 7992
1600 12373
1601 7992
1612 24732
1661 11800
1661 13741
1662 10312
1666 4363
1669 16656
1670 16656
1685 1164
1700 2663
1700 11231
1700 14494
1700 15314
1700 20422
1720 6005
1720 15977
1720 19059
1720 19349
1745 9846
1752 4611
1762 21551
1772 1119
1772 12514
1775 5496
1778 20573
1798 7394
1798 12379
1798 24382
1824 2808
1824 15746
1844 6011
1844 6380
1858 4611
1870 16997
1870 16999
1873 16999
1877 2886
1877 4706
1877 6296
1877 14621
1904 1903
1906 4470
1906 9411
1906 11293
1906 12980
1906 14698
1907 2849
1907 14334
1907 18760
1907 21104
1907 21105
1917 16689
1917 19214
1929 4500
1934 5212
1934 20169
1934 23042
1934 24731
1935 9468
1935 21551
1935 23042
1935 24731
1937 16776
1938 3828
1938 21924
1938 21925
1938 21926
1938 24330
1938 24333
1940 3829
1940 5738
1940 24333
1941 1940
1942 21925
1961 13786
1961 19653
1972 21551
1974 6756
1974 16689
1993 23355
1996 472
1996 1938
1996 3762
1996 6637
1996 6639
1996 6641
1996 16907
1996 18442
1996 18989
1996 23317
1996 23319
2000 7659
2001 16153
2002 1938
2002 2205
2002 4493
2002 7659
2002 12207
2003 1938
2003 2205
2003 7659
2003 12207
2054 276
2054 18646
2054 18775
2060 13215
2073 9642
2073 10349
2073 13215
2073 24988
2075 9642
2075 13215
2078 13215
2099 3778
2099 11231
2101 17028
2110 22095
2130 16302
2130 19595
2131 14560
2141 22954
2141 24256
2184 23056
2203 3814
2203 7566
2203 7567
2203 7569
2203 7571
2203 8839
2203 10347
2203 10349
2203 10352
2203 13485
2203 13486
2203 14497
2203 19927
2203 24682
2203 24987
2203 24988
2204 1938
2204 1942
2204 12207
2205 4259
2205 7956
2205 10740
2205 12202
2205 12683
2205 23726
2210 7571
2242 7440
2251 9777
2251 16152
2263 11369
2263 11567
2276 1700
2276 1974
2276 5455
2276 15333
2276 15976
2276 21551
2276 21938
2276 23843
2279 2281
2284 6331
2284 15054
2289 11293
2289 16918
2290 9411
2290 11293
2290 12251
2290 12731
2290 20300
2301 1055
2301 21520
2366 16894
2378 1938
2378 2205
2381 7659
2383 9642
2384 1938
2384 7659
2384 12207
2384 12683
2385 2205
2385 3762
2385 6639
2385 16907
2385 18078
2385 18989
2398 13786
2422 18612
2424 24355
2425 3778
2450 8194
2453 20057
2461 12658
2461 21003
2461 21004
2467 2466
2469 101
2469 1140
2469 1356
2469 1372
2469 1942
2469 2204
2469 2205
2469 2385
2469 3270
2469 3297
2469 3316
2469 3540
2469 3762
2469 3841
2469 3842
2469 4021
2469 5073
2469 5074
2469 5225
2469 6408
2469 6458
2469 6639
2469 7664
2469 7665
2469 7853
2469 7855
2469 7859
2469 8511
2469 9754
2469 10443
2469 10644
2469 11701
2469 11702
2469 12060
2469 12202
2469 12207
2469 12261
2469 12262
2469 13500
2469 14314
2469 14316
2469 14459
2469 14462
2469 15031
2469 15032
2469 15043
2469 15046
2469 15883
2469 16237
2469 16902
2469 16906
2469 17103
2469 17735
2469 17740
2469 18078
2469 18440
2469 18444
2469 18659
2469 18975
2469 18978
2469 18996
2469 19677
2469 19680
2469 20539
2469 21347
2469 21535
2469 21539
2469 21864
2469 21865
2469 22055
2469 22347
2469 22348
2469 22657
2469 23726
2469 23759
2469 24226
2469 24230
2469 24565
2518 9468
2518 18193
2550 15458
2558 8634
2558 16675
2562 4635
2562 14453
2562 14455
2570 8165
2570 24376
2575 10274
2583 1940
2583 18821
2595 24682
2605 21867
2608 21867
2635 8977
2635 8983
2635 11739
2635 17990
2635 18227
2635 18229
2635 20057
2635 22919
2703 4689
2703 15526
2703 15529
2707 16498
2741 3074
2742 11231
2748 5684
2748 23901
2779 8695
2806 13589
2808 6673
2826 409
2826 2054
2826 3122
2826 3235
2826 5455
2826 6634
2826 7292
2826 7555
2826 8030
2826 8495
2826 10030
2826 11745
2826 13106
2826 18590
2826 18612
2826 18775
2826 19245
2826 20422
2826 20953
2826 22919
2828 2848
2828 2849
2829 409
2829 2054
2829 2826
2829 13106
2829 18612
2829 18775
2829 23151
2830 7292
2830 9061
2833 7292
2845 13786
2848 2091
2848 4163
2848 8779
2848 18488
2848 24860
2849 11231
2849 13937
2849 18488
2850 13936
2886 6296
2886 7448
2886 14621
2887 7571
2887 10347
2888 7571
2888 10347
2888 13483
2888 13485
2889 7571
2891 10351
2891 10352
2891 13209
2891 13483
2891 13484
2891 24987
2892 7565
2892 7568
2892 7569
2892 10349
2892 10352
2892 13209
2892 13483
2892 13484
2892 13486
2892 24987
2916 1043
2922 17585
2933 16740
2938 18612
2943 18697
2987 9612
2990 676
2990 7571
3005 1421
3007 3006
3011 3006
3017 5455
3017 23151
3041 7114
3041 8931
3041 12033
3041 20986
3057 1511
3057 8634
3057 9314
3063 19876
3067 17881
3073 18707
3074 11570
3074 16689
3074 18707
3074 23178
3075 9314
3088 1794
3118 3122
3118 3124
3118 15827
3118 18393
3120 3118
3122 8030
3135 1973
3135 14494
3135 21441
3140 7337
3211 21105
3211 22919
3235 2826
3235 6328
3235 12975
3235 16689
3235 19850
3235 19852
3237 6634
3237 7612
3237 13106
3237 21551
3247 17026
3247 19001
3254 1143
3254 2469
3254 5423
3254 5741
3254 19680
3258 1938
3258 2469
3258 6462
3258 13950
3258 14460
3258 19680
3258 22654
3258 23127
3270 1938
3270 1942
3272 1938
3272 7659
3273 1938
3273 2205
3273 7659
3275 6641
3275 18078
3275 18442
3275 18989
3285 7571
3285 14453
3285 14455
3290 7396
3292 1938
3292 2205
3297 6639
3310 16392
3321 13589
3345 8633
3345 8634
3345 8635
3345 22095
3376 1938
3376 4493
3383 2943
3383 10983
3383 21551
3384 3381
3387 3688
3387 4611
3387 4612
3387 18043
3389 14477
3389 18043
3390 14477
3390 18043
3523 10232
3523 14706
3523 16675
3523 21104
3527 22217
3528 22217
3540 6639
3595 1119
3605 10031
3605 13786
3609 9061
3611 14455
3619 1938
3619 1942
3619 2469
3619 6639
3619 11939
3619 14458
3619 16907
3619 19680
3619 22055
3619 23319
3621 1938
3621 2205
3621 13950
3622 472
3622 1094
3622 3762
3622 5427
3622 5741
3622 6458
3622 6639
3622 6641
3622 7763
3622 7855
3622 9069
3622 9071
3622 10314
3622 11314
3622 11701
3622 11939
3622 14076
3622 14670
3622 15641
3622 16907
3622 17104
3622 18078
3622 18442
3622 18989
3622 19680
3622 21236
3622 21237
3622 21539
3625 1938
3625 2469
3625 7659
3625 23127
3646 9963
3663 9774
3669 16689
3670 2425
3670 6756
3670 9846
3670 18694
3670 24617
3670 24618
3670 24620
3671 3384
3671 18693
3671 18694
3671 24618
3671 24619
3671 24620
3686 18043
3688 1750
3688 1754
3688 3690
3688 8442
3688 9545
3688 11298
3688 18043
3688 22296
3688 22297
3690 4611
3690 8442
3690 11298
3690 22296
3690 22297
3700 21925
3733 15078
3733 15081
3747 3762
3747 5741
3747 6641
3747 7659
3747 11314
3747 18078
3747 18442
3747 18989
3778 15846
3778 16689
3778 17577
3778 21012
3791 8658
3793 8658
3798 3800
3803 4136
3803 13786
3803 24712
3808 3804
3808 5455
3808 12175
3808 19742
3808 19743
3814 4231
3814 6715
3814 14453
3814 14455
3828 5340
3841 1938
3841 2205
3842 1938
3842 2205
3846 1938
3846 3762
3846 6639
3846 6641
3846 12683
3846 18442
3856 9846
3858 863
3858 13106
3862 3118
3890 6010
3890 9430
3891 10349
3891 13215
3902 8734
3903 6053
3903 11574
3903 24160
3908 6195
3908 8495
3908 11745
3908 20953
3926 939
3926 8734
3926 21104
3926 21105
3927 15723
3927 21104
3934 24878
3937 3245
3937 3246
3974 7930
3978 18106
3981 18106
3996 10771
4004 23530
4013 6195
4013 13786
4013 16152
4016 1938
4016 2205
4016 21539
4017 1938
4017 1942
4017 12207
4018 6905
4019 3376
4019 6639
4019 15029
4019 18442
4019 18989
4019 21539
4019 21866
4021 1942
4021 2205
4040 8078
4044 14477
4044 18043
4091 9253
4091 13309
4092 13309
4092 21925
4092 23530
4101 21210
4136 13938
4175 4611
4175 14477
4175 18043
4175 19848
4175 19849
4175 19850
4175 19851
4175 19857
4176 18043
4176 19848
4176 19850
4176 19851
4176 19852
4176 19857
4177 4611
4177 14477
4177 17035
4177 17040
4177 17041
4177 18043
4177 19848
4177 19849
4177 19850
4177 19851
4177 19852
4177 19857
4177 20063
4177 20064
4178 14477
4178 17035
4178 17040
4178 18043
4178 19848
4178 19849
4178 19850
4178 19851
4178 19857
4179 1117
4180 4611
4180 14477
4180 17035
4180 18043
4180 19848
4180 19849
4180 19850
4180 19851
4180 19852
4180 19857
4180 20063
4181 14477
4181 18043
4182 3688
4182 17040
4182 17041
4182 19849
4182 19857
4201 15521
4201 24763
4202 13589
4202 15521
4203 9887
4203 9896
4203 9971
4203 15521
4203 21051
4203 24763
4204 9887
4204 15521
4204 24763
4206 9887
4206 9896
4206 9971
4206 15521
4206 21051
4206 24763
4208 4203
4208 4206
4208 9971
4208 14482
4208 14483
4208 14487
4208 15375
4208 15521
4208 19948
4208 20035
4208 21051
4208 21053
4208 23056
4208 23711
4208 24762
4211 9642
4211 13215
4216 13116
4231 5505
4231 19441
4266 8633
4266 8634
4266 8635
4266 16599
4266 19152
4266 22095
4279 20422
4287 24712
4319 15861
4331 20811
4423 971
4423 12054
4423 14520
4423 15333
4423 15764
4423 15766
4423 21918
4423 21919
4423 22953
4447 11574
4447 12486
4447 16689
4460 15862
4470 1778
4476 21924
4478 1940
4479 2848
4479 13786
4479 14334
4529 19226
4536 7115
4536 10978
4536 10983
4536 10984
4619 4611
4633 9631
4633 14453
4634 7571
4634 14453
4635 3814
4635 5505
4635 5805
4635 7565
4635 7567
4635 7568
4635 9642
4635 10347
4635 10348
4635 10349
4635 10352
4635 13209
4635 13483
4635 13485
4635 15185
4635 19441
4635 24987
4635 24988
4637 8635
4637 14385
4638 16689
4644 1119
4644 6673
4644 7566
4644 7569
4644 7571
4644 8176
4644 9253
4644 10348
4644 13309
4644 17008
4644 17756
4644 21925
4682 24937
4689 16675
4701 2285
4701 4709
4701 6296
4701 7448
4701 13160
4701 13830
4701 14621
4701 15698
4701 19175
4701 24530
4707 6296
4707 16675
4723 3007
4732 24978
4739 1903
4739 6003
4739 6005
4739 7417
4761 9642
4783 21672
4794 2853
4864 13309
4864 16689
4864 20035
4864 22217
4864 23445
4866 22217
4872 13786
4873 22355
4911 5666
4920 13106
4939 7569
4939 7571
4939 10347
4939 10348
4939 10349
4939 10352
4939 13486
4939 14293
4939 24988
4940 7571
4940 14453
4942 7426
4963 17028
4964 4963
4971 13215
4986 13786
5007 21551
5010 7992
5021 3805
5021 3808
5025 15521
5027 15521
5067 1938
5069 1938
5069 7659
5070 3762
5070 4493
5070 5741
5070 7659
5070 18078
5071 1938
5071 2205
5071 6639
5072 1938
5072 1942
5072 2205
5072 6639
5073 1938
5073 2205
5073 7659
5074 1938
5074 1942
5074 12207
5076 1938
5076 1942
5076 2205
5076 3762
5076 6639
5076 7659
5076 16907
5084 9971
5084 15521
5087 9642
5091 13786
5125 7992
5125 11574
5126 7992
5127 7992
5140 1938
5140 2205
5140 2469
5140 7659
5140 19310
5140 22055
5158 15723
5160 5192
5160 9358
5181 22140
5192 15640
5192 22919
5210 23042
5212 15182
5212 23042
5220 11121
5221 23844
5225 2205
5225 7659
5226 1938
5226 1996
5226 19680
5226 21539
5227 1938
5227 6639
5227 7659
5227 16907
5227 21539
5229 1938
5229 6639
5230 1938
5230 6639
5230 7659
5232 1938
5232 2205
5233 2205
5233 7659
5239 10954
5240 13589
5243 1972
5243 5984
5243 6634
5243 14290
5243 16689
5256 16675
5256 21104
5272 5271
5276 16791
5334 6010
5340 11510
5409 13215
5412 10312
5413 10312
5420 1938
5420 2205
5420 13950
5420 23127
5423 472
5423 6283
5423 11706
5423 13950
5423 14317
5423 14458
5423 15883
5423 16907
5423 17106
5423 19678
5423 19925
5423 23317
5423 23319
5423 23322
5423 24920
5426 1938
5427 1938
5427 2205
5427 2469
5427 6639
5427 7659
5427 10629
5427 12207
5427 13950
5427 14458
5427 15044
5427 16907
5427 17106
5427 22055
5427 23127
5430 547
5438 9642
5440 11086
5453 4331
5453 16498
5453 16689
5453 20169
5453 20422
5453 20796
5453 20811
5453 21551
5455 2848
5455 8495
5455 8982
5455 9203
5455 11733
5455 12042
5455 12424
5455 13106
5455 14334
5455 15639
5455 16689
5455 16691
5455 18650
5455 20053
5455 20291
5455 23151
5491 13786
5500 7567
5500 24987
5505 23697
5555 11485
5555 17385
5562 13589
5592 6715
5598 18707
5617 9642
5617 13215
5634 9642
5634 10349
5634 24988
5650 19152
5652 4911
5652 11231
5663 8074
5666 1617
5666 1700
5666 3778
5666 4911
5666 6756
5666 15862
5666 21165
5666 21551
5666 22217
5666 23183
5699 5701
5700 5704
5740 20422
5741 1938
5741 6632
5741 6639
5741 6641
5741 15032
5741 15044
5741 22347
5748 7936
5758 21925
5763 24988
5764 10349
5764 13215
5764 24988
5767 9642
5767 10349
5767 24988
5768 10349
5768 13215
5818 1328
5832 7567
5832 7569
5832 9631
5832 9632
5832 10347
5832 13215
5832 14455
5832 19441
5832 24712
5832 24987
5864 15412
5864 15414
5864 16747
5889 6634
5889 8565
5889 13150
5889 14096
5889 16513
5901 14555
5910 8889
5920 13215
5930 409
5932 409
5956 1585
5956 19349
5957 19349
5960 374
5960 1585
5960 5964
5961 1585
5961 5964
5964 367
5964 368
5964 371
5964 373
5964 374
5964 1584
5964 1585
5964 1589
5964 4101
5964 4992
5964 8931
5964 9652
5964 9655
5964 10140
5964 14498
5964 16123
5964 19349
5964 20055
5974 21280
6001 1511
6001 2110
6001 7930
6001 16599
6001 19152
6001 22095
6001 22833
6003 10523
6003 16689
6003 19484
6005 1720
6005 16689
6006 23042
6011 1762
6011 6634
6011 8808
6019 18106
6048 21925
6053 3833
6053 9777
6053 16689
6056 7992
6064 18043
6065 18043
6068 13215
6088 13786
6089 13786
6116 14185
6116 20422
6160 15410
6160 15412
6161 15410
6161 15412
6170 7571
6170 8078
6170 14453
6170 14455
6170 21925
6170 24987
6184 15895
6195 950
6195 951
6195 954
6195 6671
6195 7272
6195 9798
6195 15846
6195 18650
6195 20352
6195 21499
6208 13215
6210 20811
6246 24927
6265 13786
6267 9642
6267 10349
6267 13215
6267 24988
6269 17881
6270 13215
6280 7659
6280 11706
6280 17106
6280 23127
6281 13950
6281 23127
6283 1942
6283 4493
6283 5741
6283 6458
6283 10629
6283 12207
6283 18078
6283 18442
6283 22055
6284 1938
6284 19680
6284 21539
6294 7992
6295 10312
6296 14621
6297 13589
6299 4500
6300 3890
6300 8199
6300 15627
6300 23115
6300 24762
6307 5733
6307 11894
6307 13589
6323 9642
6323 13215
6326 13130
6327 2276
6330 19876
6331 13608
6331 19387
6333 6690
6333 21925
6334 10523
6334 11121
6334 15764
6335 6195
6335 6756
6335 10523
6335 11121
6335 21104
6366 17
6366 2826
6366 2829
6380 12570
6380 23912
6400 21925
6402 21924
6408 1942
6408 2205
6408 12207
6426 24456
6458 472
6458 1938
6458 3747
6458 3762
6458 3841
6458 5070
6458 6639
6458 6641
6458 7659
6458 7855
6458 11701
6458 11706
6458 12262
6458 12683
6458 13164
6458 14313
6458 14315
6458 14317
6458 14458
6458 15032
6458 15044
6458 16907
6458 17106
6458 18075
6458 18442
6458 18989
6458 19680
6458 19925
6458 21539
6458 22347
6458 22654
6458 23317
6458 23319
6460 1938
6460 2205
6460 6639
6462 1938
6462 7659
6462 13950
6462 14317
6462 23127
6467 19707
6503 16689
6503 16891
6508 1938
6508 1942
6508 2469
6508 13950
6508 22055
6508 23127
6562 7115
6566 6380
6589 10349
6589 10639
6589 13215
6589 19070
6589 21826
6589 23504
6589 24712
6589 24988
6633 21499
6633 23986
6634 950
6634 2001
6634 2110
6634 2795
6634 2826
6634 3903
6634 4266
6634 4637
6634 5650
6634 6011
6634 6056
6634 6672
6634 7930
6634 8634
6634 8635
6634 8931
6634 10347
6634 10940
6634 11570
6634 11745
6634 13309
6634 14096
6634 16487
6634 16489
6634 16493
6634 16498
6634 16599
6634 16689
6634 18872
6634 19152
6634 21499
6634 21925
6634 22095
6634 24237
6635 954
6635 21925
6637 1938
6638 1938
6638 2205
6639 2204
6639 2205
6639 3762
6639 4493
6639 6637
6639 6638
6639 12202
6639 12683
6639 18442
6639 21865
6639 22347
6641 1938
6641 3762
6641 4493
6641 6639
6641 18442
6641 21865
6641 21866
6664 3890
6664 13589
6664 23546
6671 4136
6671 6195
6672 4136
6673 2943
6682 6681
6690 2001
6690 15333
6690 23967
6693 21551
6727 2848
6727 2849
6727 6634
6739 13215
6746 14520
6746 21918
6746 21919
6747 6756
6756 971
6756 2001
6756 3902
6756 6335
6756 8839
6756 10723
6756 11933
6756 12054
6756 12876
6756 15217
6756 15764
6756 15765
6756 15766
6756 15768
6756 19595
6756 20985
6756 21916
6756 21918
6756 21919
6756 22954
6940 11570
6946 4808
6951 6405
6972 6641
6972 7659
6972 9071
6972 18442
6981 10026
6981 15882
6990 18106
6991 22793
6992 22793
6995 4611
6995 14477
6995 17035
6995 17040
6995 18043
6995 19848
6995 19849
6995 19850
6995 19851
6995 19852
6995 19857
6995 20063
6995 20064
6996 1753
6996 3688
6996 3690
6996 4611
6996 12771
6996 17041
6996 18043
6996 18046
6996 18050
6996 18052
6997 14477
6997 18043
6999 14477
6999 17035
6999 17040
6999 17041
6999 18043
6999 19848
6999 19850
6999 19851
6999 19852
6999 19857
7000 4611
7000 14477
7000 17035
7000 17040
7000 18043
7000 19848
7000 19849
7000 19850
7000 19851
7000 19852
7000 19857
7001 14477
7001 18043
7002 4611
7002 14477
7002 18043
7002 22296
7039 861
7039 1151
7039 8477
7039 12598
7039 21441
7050 15627
7052 13786
7052 23099
7053 2703
7053 16152
7053 21104
7061 13589
7071 1043
7071 6164
7100 24878
7112 10983
7114 10978
7115 10978
7115 10984
7132 7134
7190 3778
7190 5453
7225 24878
7234 8635
7234 19349
7284 9642
7286 13215
7287 13215
7294 2904
7311 1111
7311 1116
7311 1117
7311 8514
7314 3808
7334 7336
7355 13215
7355 24988
7356 9642
7356 10349
7356 13215
7357 10349
7372 13215
7396 2110
7402 5505
7402 5805
7402 5832
7402 7567
7402 7568
7402 9642
7402 9643
7402 10347
7402 10352
7402 13215
7402 13483
7402 13484
7402 13485
7402 13486
7402 14891
7402 19440
7402 19926
7403 1382
7403 1398
7403 3803
7403 5505
7403 5805
7403 7565
7403 7567
7403 7569
7403 9631
7403 9632
7403 9643
7403 10347
7403 10351
7403 13215
7403 13483
7403 13486
7403 14886
7403 14891
7403 15634
7403 16169
7403 19441
7403 21826
7403 24987
7404 7567
7404 7568
7404 7571
7404 9631
7404 13215
7404 19441
7404 24987
7417 12890
7426 10983
7431 17628
7436 2635
7436 18230
7436 20053
7436 20057
7438 7688
7448 14621
7470 21924
7488 3602
7488 6946
7488 7491
7509 17028
7533 13215
7534 13215
7535 6589
7535 24712
7545 9642
7546 9642
7546 13215
7565 3140
7565 6715
7565 14453
7565 23697
7565 24712
7566 14455
7566 23552
7567 1722
7567 3136
7567 3140
7567 4231
7567 4873
7567 5616
7567 6002
7567 6715
7567 8788
7567 14453
7567 21818
7567 21824
7567 23232
7567 23503
7567 23504
7567 23695
7567 23697
7567 24712
7568 954
7568 3136
7568 4231
7568 5616
7568 8788
7568 14453
7568 14706
7568 21551
7568 23552
7569 3136
7569 14455
7569 14706
7569 24712
7571 489
7571 1722
7571 3803
7571 4228
7571 4229
7571 4230
7571 5440
7571 5594
7571 5718
7571 6002
7571 6421
7571 6671
7571 6672
7571 6673
7571 6710
7571 7565
7571 7566
7571 7569
7571 8171
7571 8788
7571 8790
7571 8791
7571 9797
7571 10347
7571 10349
7571 10351
7571 12934
7571 13215
7571 13484
7571 13486
7571 14703
7571 14704
7571 14707
7571 14708
7571 14886
7571 15634
7571 15821
7571 15825
7571 16170
7571 18579
7571 19927
7571 20835
7571 20836
7571 21819
7571 21821
7571 21823
7571 21824
7571 21826
7571 22159
7571 23146
7571 23147
7571 23232
7571 23503
7571 23695
7571 23696
7571 23961
7571 24712
7576 23430
7584 4911
7588 13786
7599 850
7599 17026
7612 16257
7612 16689
7612 18303
7612 18596
7659 101
7659 472
7659 1094
7659 2204
7659 2928
7659 3292
7659 3297
7659 3316
7659 3376
7659 3762
7659 3841
7659 4016
7659 4017
7659 6460
7659 6632
7659 6638
7659 6639
7659 6641
7659 7664
7659 7666
7659 7956
7659 8242
7659 8511
7659 9754
7659 10314
7659 10443
7659 10644
7659 10739
7659 10740
7659 12060
7659 12062
7659 12257
7659 12260
7659 12261
7659 12683
7659 13165
7659 13537
7659 13539
7659 13913
7659 14007
7659 14040
7659 14076
7659 14495
7659 15028
7659 15029
7659 15031
7659 15032
7659 15040
7659 15042
7659 15043
7659 15044
7659 15642
7659 15643
7659 15883
7659 16906
7659 16907
7659 16908
7659 17735
7659 18438
7659 18441
7659 18442
7659 18655
7659 18656
7659 18659
7659 18989
7659 19519
7659 19677
7659 19679
7659 21347
7659 21350
7659 21535
7659 21536
7659 21538
7659 21699
7659 21864
7659 21865
7659 21866
7659 22347
7659 22697
7659 23317
7659 23319
7659 23322
7659 23726
7659 23855
7659 24225
7659 24226
7659 24227
7659 24230
7664 472
7664 1938
7664 2205
7664 6639
7666 1938
7666 2205
7680 20053
7680 20057
7681 22919
7699 9642
7699 13215
7731 24988
7737 1043
7737 18707
7781 1929
7781 15314
7781 20749
7781 20753
7781 23075
7781 23076
7781 23843
7781 23854
7782 20749
7786 21455
7789 7787
7838 1043
7838 7455
7838 23085
7838 24460
7850 11706
7851 5741
7851 7659
7851 18078
7851 19680
7851 21539
7852 2205
7853 1938
7853 1942
7853 6639
7853 7659
7853 12207
7853 14458
7853 16907
7855 472
7855 1094
7855 1355
7855 1371
7855 1996
7855 2385
7855 3376
7855 3762
7855 4019
7855 6639
7855 6641
7855 7659
7855 8242
7855 11701
7855 12060
7855 12262
7855 12683
7855 13164
7855 14076
7855 14313
7855 14315
7855 14317
7855 14458
7855 14467
7855 15029
7855 15032
7855 15044
7855 15641
7855 16907
7855 17106
7855 18075
7855 18442
7855 18989
7855 19677
7855 19680
7855 21539
7855 22347
7855 23317
7855 23319
7855 23544
7855 24563
7856 1938
7856 7659
7859 1938
7859 1942
7859 12207
7862 10349
7877 20422
7877 22953
7880 1877
7880 4701
7880 20749
7880 20753
7893 10523
7893 12980
7893 13136
7893 13309
7893 13786
7893 16689
7893 21551
7936 5748
7936 9855
7956 1938
7978 361
7978 5714
7978 8165
7978 9455
7978 21012
7978 21502
7978 23844
7992 15823
7995 1700
7995 16689
7996 2635
7996 18230
7996 20053
8066 1055
8074 13786
8081 24688
8089 9642
8089 13215
8112 7396
8112 17541
8113 17535
8113 17541
8115 17589
8165 6940
8165 7978
8165 13786
8165 17638
8165 24153
8167 24153
8169 24153
8175 13309
8175 17756
8176 1119
8176 13309
8176 17756
8179 16675
8186 13215
8186 24988
8194 751
8194 2946
8194 21110
8194 21115
8199 13589
8228 17471
8242 5741
8242 18442
8278 8279
8285 6195
8324 8328
8344 9658
8369 7948
8369 22491
8415 24428
8416 23509
8429 16675
8436 9642
8436 13215
8437 9642
8437 13215
8442 4611
8485 16684
8489 8801
8489 10232
8490 3383
8490 8797
8490 12598
8495 2826
8495 3118
8495 9622
8495 15846
8495 16569
8495 17682
8495 21984
8495 22919
8495 23697
8500 8839
8511 2205
8535 8539
8565 1421
8607 13936
8616 11662
8616 21104
8627 5455
8627 16689
8633 2110
8633 7930
8633 8634
8633 8635
8633 19152
8634 5650
8634 7930
8634 11898
8634 19152
8634 22095
8635 2110
8635 7930
8635 8634
8635 19152
8635 22095
8654 24988
8656 2284
8656 20667
8682 1993
8698 7571
8717 8734
8717 16316
8731 13589
8734 1981
8734 19334
8738 1055
8763 10349
8763 13215
8763 24988
8764 9642
8764 10349
8765 24988
8784 2904
8797 2285
8797 6064
8797 8840
8797 11298
8797 15333
8797 17727
8798 8801
8798 10229
8798 10232
8798 13106
8798 18775
8800 20150
8800 20953
8801 3778
8801 8783
8801 10225
8839 2425
8839 12409
8839 12934
8839 13741
8839 18693
8839 18696
8839 24618
8839 24619
8839 24620
8852 1938
8852 6639
8884 3041
8884 21703
8884 22217
8887 5910
8889 5910
8889 19123
8890 5910
8931 6634
8931 7893
8931 12514
8931 13309
8931 16689
8931 21551
8931 21924
8931 21925
8931 22217
8934 2186
8977 8982
8978 3383
8978 21551
8982 17990
8982 22919
8993 9773
8993 9774
8994 17028
9057 11572
9059 9057
9059 23427
9061 2830
9067 13215
9068 1938
9068 2469
9068 6639
9068 16907
9068 19680
9068 23127
9069 11315
9069 11706
9069 13950
9069 14458
9069 14463
9069 16907
9069 17106
9069 22658
9069 23127
9069 23322
9071 1094
9071 1143
9071 1355
9071 1371
9071 1938
9071 1996
9071 2385
9071 3275
9071 3747
9071 3762
9071 3846
9071 4019
9071 5741
9071 6458
9071 6639
9071 6641
9071 7855
9071 8242
9071 11698
9071 11701
9071 12262
9071 12683
9071 13164
9071 13913
9071 13950
9071 14313
9071 14315
9071 14317
9071 14458
9071 14459
9071 14460
9071 15044
9071 15641
9071 16907
9071 17106
9071 18075
9071 18078
9071 18442
9071 18989
9071 19680
9071 21032
9071 21539
9071 21865
9071 21866
9071 22348
9071 22654
9071 23127
9071 23319
9071 23542
9071 24563
9072 1938
9072 1942
9072 2205
9072 2469
9072 7665
9072 12207
9072 13950
9072 19678
9072 20024
9072 22055
9072 23127
9077 13215
9087 11662
9088 7992
9132 4815
9145 21104
9171 7659
9180 10983
9203 6467
9203 9470
9203 17990
9203 18650
9203 19441
9203 20352
9203 22919
9210 6011
9212 6756
9228 7292
9270 3172
9271 547
9271 3364
9273 11426
9273 18106
9273 21906
9307 3808
9307 8734
9307 21104
9314 1511
9314 2487
9314 6226
9314 18041
9314 18872
9314 20110
9314 20111
9314 23630
9314 23632
9358 5160
9358 11838
9358 12819
9358 19244
9358 20953
9358 22905
9360 6053
9360 9777
9388 13589
9409 1117
9419 21044
9419 21045
9419 21046
9430 10940
9430 24762
9455 1168
9455 2826
9455 6195
9455 6634
9455 13786
9455 21499
9455 22217
9455 23844
9455 24509
9456 13786
9458 10983
9458 10984
9468 350
9468 17719
9484 1196
9489 9642
9489 10349
9489 13215
9513 8734
9544 4611
9544 18043
9545 18043
9612 16810
9620 2849
9622 8495
9622 9623
9622 11662
9623 3908
9623 8167
9623 8168
9623 8170
9631 4231
9631 8788
9631 23695
9632 23697
9642 18859
9643 23697
9650 1586
9650 15134
9650 19349
9651 19349
9652 19349
9653 15134
9653 19349
9654 19349
9655 19349
9658 9656
9676 16689
9676 21441
9691 12077
9724 472
9724 1938
9724 3622
9724 3762
9724 3846
9724 4019
9724 6458
9724 6639
9724 6641
9724 7659
9724 7855
9724 9071
9724 9751
9724 11701
9724 11706
9724 11939
9724 13950
9724 14317
9724 14458
9724 14459
9724 15044
9724 15550
9724 15552
9724 16907
9724 17106
9724 18078
9724 18442
9724 18989
9724 19680
9724 19925
9724 21038
9724 21237
9724 21539
9724 22055
9724 23127
9724 23319
9724 24212
9728 2205
9728 13950
9728 22055
9735 4739
9747 2276
9748 20169
9748 21551
9751 1938
9751 2205
9752 1938
9753 21551
9754 4493
9765 19413
9777 9774
9777 23695
9791 16775
9792 7571
9812 15414
9813 6159
9813 6161
9813 9814
9813 15412
9813 22706
9814 15412
9828 7992
9835 12292
9846 7990
9846 19214
9887 9885
9887 9891
9935 24988
9936 9642
9936 10349
9946 21499
9960 2604
9960 2605
9963 9777
9963 9960
9966 16392
9971 19183
9976 1750
9976 3690
9976 18043
9976 22296
9997 7992
9998 7992
9999 163
9999 6056
9999 12528
9999 14555
9999 15389
9999 16518
9999 21067
10072 17585
10072 17682
10072 19805
10072 20057
10072 21551
10072 24854
10091 6056
10091 7992
10091 17222
10094 7992
10118 10625
10118 13151
10118 13589
10124 5334
10125 10124
10126 16689
10127 10129
10129 15846
10140 1585
10140 10625
10140 19349
10148 2826
10148 22765
10157 12373
10191 6634
10191 18612
10191 21551
10191 22919
10201 3890
10201 6296
10201 10123
10201 14621
10201 19653
10201 21338
10202 3793
10202 8658
10203 18760
10225 10232
10227 10232
10232 2987
10232 5270
10232 5732
10232 6064
10232 8840
10232 11298
10232 12535
10232 13356
10232 15333
10232 17727
10232 17728
10232 18030
10232 18047
10232 24211
10274 2575
10274 12882
10347 954
10347 3136
10347 4231
10347 6634
10347 6715
10347 8788
10347 12934
10347 14453
10347 14706
10347 21818
10347 21824
10347 23232
10347 23697
10347 24712
10348 4231
10348 12934
10348 14453
10348 14455
10348 23552
10348 24712
10349 3140
10349 13786
10349 14453
10349 14455
10351 954
10351 3136
10351 14706
10352 6715
10352 14453
10352 14706
10352 23697
10353 1972
10397 9642
10397 10349
10397 13215
10398 9642
10398 10349
10398 24988
10400 5964
10401 13786
10415 13215
10418 13786
10443 1371
10443 1938
10443 2205
10443 6639
10443 19519
10443 21539
10459 18612
10497 1196
10497 1208
10497 8165
10507 6673
10507 7571
10507 8176
10507 10348
10507 16616
10507 21926
10507 23530
10508 1119
10508 7571
10508 23530
10517 7448
10517 13827
10517 14621
10523 12876
10560 4423
10560 15690
10592 16689
10608 3237
10608 3523
10608 21100
10623 21104
10625 14498
10629 1942
10629 2002
10629 2205
10629 4017
10629 5074
10629 6408
10629 8511
10629 9752
10629 12207
10629 14316
10629 14317
10629 15886
10629 16902
10629 16908
10629 17735
10629 18075
10629 18078
10629 18659
10629 21030
10629 21031
10629 21037
10629 21864
10629 23317
10629 23726
10630 1938
10630 2205
10636 21818
10638 20587
10639 7403
10639 21902
10639 24712
10644 1938
10644 2205
10644 15044
10645 2885
10645 13898
10663 2285
10666 10983
10699 7994
10736 10735
10739 1938
10740 12207
10839 14555
10839 17870
10855 11567
10855 11572
10869 3041
10874 16791
10874 23151
10916 732
10916 1938
10916 13936
10916 17028
10916 20729
10916 24430
10920 6983
10920 10086
10921 24214
10921 24215
10940 8635
10950 13215
10950 24988
10979 10978
10979 10984
10983 2685
10983 12226
10983 19091
10983 21452
10986 7396
10986 10699
10986 11574
10986 13589
10986 14878
10986 15627
10986 20811
10986 23115
10986 23992
11013 24878
11027 9642
11027 13215
11028 13215
11038 21925
11053 15418
11061 11231
11070 15448
11070 15451
11070 18193
11071 15448
11073 11070
11073 11071
11073 11189
11073 20989
11079 6756
11079 10839
11079 21916
11081 4423
11086 3778
11086 11621
11090 3041
11111 17638
11114 17638
11117 21551
11121 1974
11121 20795
11122 727
11123 10839
11140 14249
11170 21551
11201 750
11215 22528
11229 11086
11231 2904
11231 4326
11231 12951
11231 17583
11254 17028
11261 16689
11264 15408
11282 14920
11282 15076
11282 15419
11282 18459
11285 18085
11286 11978
11286 12975
11286 18085
11287 20958
11289 1208
11289 4363
11289 22315
11290 16152
11290 16689
11290 21104
11290 24406
11293 6579
11293 6580
11293 8781
11293 12470
11293 14920
11293 15808
11293 18085
11293 18459
11293 20228
11293 20958
11293 21452
11293 22314
11298 8442
11298 18043
11298 18051
11310 10771
11311 21867
11312 1938
11312 2205
11314 16907
11315 1094
11315 1143
11315 19680
11315 21539
11316 1938
11365 13215
11366 13215
11369 2263
11370 1931
11379 9631
11379 24987
11380 1398
11380 3803
11380 7565
11380 7569
11380 9631
11380 9643
11380 11384
11380 13483
11380 14293
11380 19926
11381 163
11381 1398
11381 3803
11381 7571
11381 9631
11381 9632
11381 9643
11381 13483
11381 13485
11381 14293
11381 19440
11381 19441
11381 19442
11382 7571
11387 11389
11399 10349
11399 13215
11409 10349
11485 5555
11488 16791
11488 20422
11540 950
11540 24237
11541 950
11541 2605
11541 8931
11541 9455
11541 10636
11541 13309
11541 21499
11541 21924
11541 21925
11541 24237
11567 12487
11567 23845
11570 1421
11570 6940
11572 1036
11572 4705
11572 6053
11572 9057
11572 9411
11572 11574
11572 12486
11572 12487
11572 16689
11572 17628
11572 23845
11572 24601
11574 5125
11574 7396
11574 11572
11574 12039
11574 12486
11574 13130
11574 16689
11574 17628
11574 20267
11574 20808
11574 22867
11574 23038
11574 23845
11585 13589
11621 5086
11621 10232
11648 7396
11653 17583
11657 11658
11661 11662
11662 8616
11662 11661
11662 15639
11663 18043
11663 19848
11663 19850
11663 19851
11663 19852
11663 19857
11664 14477
11664 18043
11664 22296
11665 17035
11665 17040
11665 18043
11665 19848
11665 19850
11665 19851
11665 19852
11665 20063
11665 20064
11698 1938
11698 2205
11698 7659
11701 472
11701 3762
11701 3846
11701 4016
11701 4019
11701 4493
11701 5227
11701 5741
11701 6637
11701 6639
11701 6641
11701 7659
11701 10443
11701 11702
11701 11706
11701 12202
11701 12260
11701 12262
11701 13916
11701 14461
11701 14463
11701 15028
11701 15042
11701 15043
11701 16907
11701 18078
11701 18438
11701 18442
11701 18989
11701 19680
11701 21539
11701 21865
11702 2205
11702 6639
11702 7659
11702 21539
11703 1938
11703 10443
11704 5741
11704 6639
11704 14459
11704 18078
11704 19680
11704 21539
11705 1938
11705 11706
11706 1094
11706 1143
11706 1371
11706 1996
11706 2205
11706 3762
11706 5741
11706 6641
11706 7659
11706 7763
11706 10314
11706 11314
11706 13165
11706 14040
11706 14459
11706 14460
11706 14464
11706 15641
11706 16907
11706 18078
11706 18439
11706 18442
11706 19680
11706 21350
11706 21351
11706 21539
11706 21699
11706 23321
11706 24563
11706 24568
11707 13215
11726 20811
11732 2635
11732 20053
11732 20057
11733 2635
11733 8977
11733 8982
11733 18229
11733 20057
11733 21551
11744 10978
11745 2826
11745 3908
11745 6634
11745 8977
11745 8982
11745 11733
11745 11746
11745 12039
11745 13106
11745 18775
11745 20053
11745 20057
11745 23085
11745 24337
11746 11745
11746 18775
11746 19932
11747 13106
11747 13786
11747 18775
11762 7948
11769 15846
11769 15925
11769 16513
11776 9971
11776 15521
11798 1938
11798 6637
11822 14453
11822 14455
11824 21736
11827 4939
11827 14453
11827 14455
11838 9358
11840 3383
11840 5830
11840 15846
11840 17682
11840 22298
11842 20811
11879 11880
11879 13558
11879 22355
11880 11879
11880 20979
11880 22355
11881 12975
11881 16599
11885 11880
11922 10312
11930 10312
11935 23127
11936 1938
11936 11704
11936 11706
11936 12260
11936 13950
11936 14314
11936 14317
11936 15883
11936 16907
11936 17106
11936 18442
11936 23317
11936 23322
11938 2205
11938 13950
11938 23127
11939 472
11939 1094
11939 2385
11939 3273
11939 3540
11939 3762
11939 3841
11939 4019
11939 4493
11939 5070
11939 5076
11939 5229
11939 5741
11939 6458
11939 6632
11939 6637
11939 6638
11939 6639
11939 6641
11939 7659
11939 7664
11939 7855
11939 9068
11939 9071
11939 10443
11939 11701
11939 11704
11939 11706
11939 12060
11939 12202
11939 12260
11939 12262
11939 12683
11939 13950
11939 14314
11939 14317
11939 14458
11939 14462
11939 14463
11939 15031
11939 15042
11939 15043
11939 15044
11939 15552
11939 16237
11939 16907
11939 17106
11939 18075
11939 18078
11939 18438
11939 18442
11939 18444
11939 18989
11939 19680
11939 21038
11939 21347
11939 21535
11939 21539
11939 21865
11939 22347
11939 22654
11939 23127
11939 23317
11939 23319
11940 7659
11940 11706
11940 13950
12002 1239
12002 12003
12002 12007
12002 12008
12002 14750
12002 14752
12003 12005
12004 14750
12005 14750
12030 3121
12030 12976
12030 15827
12039 16498
12039 23151
12059 1938
12059 6639
12060 1938
12060 4493
12060 21866
12062 1938
12065 16795
12068 5239
12110 18697
12110 19658
12118 10978
12118 10984
12135 18043
12141 21551
12149 12148
12202 1938
12207 1942
12215 10984
12215 17207
12216 6756
12216 10983
12216 10984
12216 12091
12217 10984
12217 17207
12217 18603
12217 24462
12230 1938
12230 1942
12230 6639
12230 7659
12230 12207
12249 12839
12251 20953
12258 1938
12259 1938
12260 1938
12260 2205
12260 3762
12260 6639
12260 21539
12260 21866
12261 1938
12262 2205
12262 3762
12262 5741
12262 6639
12262 21539
12262 21866
12262 24212
12264 2922
12322 14539
12325 20397
12364 2808
12374 7394
12374 24379
12374 24382
12377 24379
12379 1164
12379 24213
12379 24379
12379 24382
12384 16750
12386 21925
12393 9642
12393 13215
12457 8030
12458 3118
12458 3122
12460 3118
12460 3122
12460 12458
12485 6195
12485 21104
12486 3917
12486 4447
12486 5010
12486 5455
12486 6195
12486 11572
12486 12042
12486 13786
12486 18650
12486 19214
12486 19337
12486 21104
12486 21924
12487 11572
12500 10349
12500 13215
12500 24988
12501 7571
12509 24878
12514 1119
12514 13309
12526 24988
12535 14003
12540 9642
12540 13215
12540 24988
12544 6004
12545 21104
12562 9676
12598 678
12598 1054
12598 1700
12598 7039
12598 7709
12598 8495
12598 16802
12598 18490
12598 18775
12598 20513
12598 23042
12598 24682
12600 13786
12600 17028
12600 21104
12600 24682
12612 5455
12612 19337
12629 7571
12658 9168
12658 15302
12658 21007
12668 21925
12671 3703
12683 1938
12683 21865
12715 13215
12724 2826
12728 21012
12731 4720
12731 12975
12731 16689
12731 18459
12731 21974
12732 12975
12732 21551
12742 12744
12744 6756
12771 1750
12771 1754
12771 3387
12771 3688
12771 3690
12771 8442
12771 9545
12771 11298
12771 17035
12771 17037
12771 17038
12771 17040
12771 17041
12771 18043
12771 19848
12771 19849
12771 19850
12771 19851
12771 19852
12771 19857
12771 20063
12771 20064
12771 22296
12771 22297
12774 21551
12814 7930
12817 7930
12819 7165
12841 7571
12843 24811
12857 22765
12876 6195
12876 6756
12876 8495
12876 10523
12876 11121
12876 19873
12876 19876
12881 16790
12881 20667
12882 10274
12883 2284
12883 20667
12886 10274
12890 4739
12890 7417
12891 4739
12894 5010
12894 24798
12932 10665
12934 21551
12937 13589
12975 3235
12975 6294
12975 7992
12975 9777
12975 9962
12975 20573
12980 3808
12980 5455
12980 6503
12980 6916
12980 7314
12980 7893
12980 8495
12980 8734
12980 11661
12980 13136
12980 20497
12980 21215
12980 21551
12980 22919
12989 14097
13032 13215
13033 19337
13033 21104
13034 3808
13070 11298
13072 11298
13072 13356
13072 17728
13072 18047
13075 11298
13106 20
13106 409
13106 1167
13106 2826
13106 2849
13106 3383
13106 3801
13106 5932
13106 7555
13106 8779
13106 9153
13106 10459
13106 11231
13106 11745
13106 11747
13106 13934
13106 18612
13106 18772
13106 18775
13106 19245
13106 20291
13106 21003
13106 22911
13106 23151
13108 1382
13108 5674
13108 7565
13108 8416
13108 10349
13108 12501
13108 13358
13108 13483
13108 19223
13108 19340
13108 23530
13108 24987
13130 20283
13130 22867
13136 5455
13136 6503
13136 7893
13136 12980
13146 2848
13146 2849
13146 12424
13146 18612
13148 23151
13150 998
13150 12514
13150 16513
13152 16256
13164 1942
13164 2205
13164 3762
13164 6639
13164 6641
13164 18442
13174 6876
13184 9642
13184 10349
13184 24988
13205 4913
13209 954
13209 3140
13209 23552
13215 950
13215 954
13215 6195
13215 23695
13225 18706
13232 3890
13232 4213
13232 20267
13232 20811
13232 21551
13265 1903
13265 1904
13303 13299
13306 13215
13309 1048
13309 6405
13323 1569
13323 4911
13358 7571
13389 7571
13389 23530
13401 21469
13428 10523
13428 20953
13446 16689
13456 13591
13456 17985
13456 22953
13458 7394
13483 954
13483 3136
13483 3140
13483 14453
13483 14706
13483 23552
13483 23697
13483 24712
13484 3140
13484 14706
13484 23552
13485 12934
13485 14453
13485 14455
13485 23552
13486 3140
13486 14455
13486 23552
13491 14137
13491 19462
13491 19463
13492 14137
13492 19462
13492 19463
13493 19462
13494 14137
13494 19462
13500 1938
13505 1938
13505 2205
13505 17106
13506 1938
13506 2205
13506 4493
13506 7659
13506 21865
13509 10796
13509 13656
13535 1938
13535 2205
13537 12262
13555 7930
13556 7930
13558 272
13558 11879
13558 22355
13562 15521
13562 24763
13587 10700
13588 13589
13589 4637
13589 7279
13589 8342
13589 9869
13589 9947
13589 10939
13589 10940
13589 11893
13589 11894
13589 11897
13589 11899
13589 11900
13589 11917
13589 11918
13589 13151
13589 13587
13589 13596
13589 14498
13589 14761
13589 19232
13589 21127
13608 6331
13649 24005
13670 12051
13670 16602
13718 6116
13718 10725
13724 4701
13724 18106
13728 7561
13728 14755
13741 3603
13742 7394
13742 24382
13750 2285
13750 15302
13751 2285
13783 24817
13786 1168
13786 5271
13786 5594
13786 6466
13786 7118
13786 8779
13786 9643
13786 12711
13786 13928
13786 18579
13786 21452
13786 21499
13786 22158
13786 23696
13797 13798
13833 19349
13875 13215
13892 11489
13892 12030
13898 21551
13913 472
13913 2205
13913 6641
13913 12207
13913 18442
13916 1938
13916 2205
13919 24213
13934 24860
13936 10269
13936 16503
13950 101
13950 472
13950 474
13950 475
13950 1094
13950 1140
13950 1141
13950 1143
13950 1355
13950 1356
13950 1371
13950 1372
13950 1996
13950 2000
13950 2003
13950 2378
13950 2381
13950 2384
13950 2928
13950 3270
13950 3275
13950 3291
13950 3292
13950 3295
13950 3316
13950 3376
13950 3377
13950 3540
13950 3762
13950 3841
13950 3842
13950 4016
13950 4017
13950 4259
13950 4493
13950 5068
13950 5069
13950 5070
13950 5072
13950 5073
13950 5074
13950 5076
13950 5226
13950 5229
13950 5230
13950 5232
13950 5233
13950 5741
13950 6283
13950 6284
13950 6458
13950 6459
13950 6632
13950 6638
13950 7664
13950 7763
13950 7850
13950 7852
13950 7853
13950 7855
13950 7859
13950 8511
13950 9751
13950 9752
13950 9754
13950 10314
13950 10629
13950 10630
13950 10644
13950 10739
13950 11312
13950 11314
13950 11699
13950 11700
13950 11701
13950 11702
13950 11703
13950 11704
13950 12060
13950 12062
13950 12202
13950 12230
13950 12258
13950 12259
13950 12260
13950 12683
13950 13164
13950 13165
13950 13500
13950 13505
13950 13506
13950 13535
13950 13537
13950 13539
13950 13916
13950 14007
13950 14040
13950 14076
13950 14312
13950 14313
13950 14316
13950 14317
13950 14459
13950 14460
13950 14461
13950 14466
13950 14467
13950 15028
13950 15029
13950 15030
13950 15031
13950 15032
13950 15040
13950 15042
13950 15641
13950 15643
13950 15644
13950 15646
13950 15885
13950 15886
13950 16237
13950 16902
13950 16908
13950 17101
13950 17102
13950 17103
13950 17104
13950 17107
13950 17108
13950 17740
13950 18078
13950 18080
13950 18438
13950 18444
13950 18655
13950 18656
13950 18981
13950 19519
13950 19676
13950 19679
13950 19925
13950 20539
13950 21032
13950 21033
13950 21037
13950 21349
13950 21350
13950 21351
13950 21536
13950 21537
13950 21540
13950 21699
13950 21864
13950 21875
13950 22348
13950 22654
13950 22655
13950 22658
13950 22660
13950 22697
13950 23322
13950 23542
13950 23543
13950 23544
13950 23726
13950 23759
13950 23760
13950 23855
13950 24212
13950 24225
13950 24226
13950 24227
13950 24228
13950 24229
13950 24230
13950 24231
13950 24232
13950 24563
13950 24565
13950 24567
13954 9642
13954 13215
13963 8788
14010 7893
14010 17027
14032 14033
14032 19091
14033 998
14033 4513
14033 7612
14033 15601
14033 21918
14037 2848
14037 12975
14037 13786
14037 16152
14037 16689
14037 21105
14039 5243
14039 6756
14039 13811
14039 19876
14054 9642
14076 1938
14076 21865
14093 6634
14093 11541
14093 21243
14094 1778
14094 7402
14096 6634
14097 11381
14151 21925
14164 22217
14185 6116
14193 24988
14197 9642
14197 10349
14198 9642
14198 24988
14236 24379
14236 24382
14237 1165
14237 2285
14237 7394
14237 12376
14237 13742
14237 24912
14239 24379
14248 19876
14248 22217
14248 22528
14249 22217
14249 22528
14249 24178
14260 20155
14260 24547
14260 24551
14261 24551
14262 21842
14282 5910
14290 21551
14293 954
14293 4136
14293 8790
14298 15723
14313 1938
14313 2205
14313 4019
14313 6641
14313 10443
14313 15043
14313 18438
14313 18442
14313 21038
14314 1143
14314 1371
14314 1996
14314 6639
14314 7659
14314 11701
14314 11705
14314 14459
14314 14460
14314 14495
14314 18078
14314 19680
14314 21032
14314 21539
14314 21866
14314 23542
14314 23543
14314 24563
14315 1938
14315 4019
14315 4493
14315 6641
14315 7659
14315 14461
14315 14463
14315 15043
14315 18442
14316 1938
14316 1942
14316 7659
14317 1094
14317 1143
14317 1371
14317 1938
14317 1996
14317 2205
14317 3762
14317 3846
14317 4019
14317 4493
14317 5741
14317 6639
14317 6641
14317 7659
14317 11701
14317 11705
14317 12683
14317 13164
14317 14459
14317 14460
14317 15044
14317 15641
14317 16907
14317 16908
14317 18078
14317 18442
14317 19680
14317 21032
14317 21539
14317 21866
14317 23542
14317 23543
14317 24563
14328 13215
14328 24988
14330 9642
14330 13215
14331 9642
14331 13215
14331 24988
14334 2091
14334 2849
14334 13786
14334 23869
14380 1938
14380 7659
14380 9724
14380 12683
14380 16907
14380 22055
14380 22654
14380 23127
14385 4637
14453 488
14453 490
14453 5589
14453 5592
14453 5616
14453 6706
14453 8074
14453 8788
14453 10347
14453 11260
14453 14707
14453 15634
14453 18407
14453 19495
14453 20841
14453 21818
14453 21821
14453 21824
14453 21825
14453 23232
14453 24988
14455 489
14455 490
14455 3611
14455 3924
14455 4230
14455 4231
14455 5440
14455 5589
14455 5594
14455 5616
14455 6710
14455 8788
14455 8790
14455 11260
14455 14293
14455 14703
14455 14707
14455 16170
14455 19495
14455 19926
14455 20835
14455 21819
14455 21820
14455 21821
14455 21823
14455 21826
14455 22785
14455 23503
14455 24987
14458 472
14458 1094
14458 1143
14458 1938
14458 1996
14458 2385
14458 3540
14458 3762
14458 3846
14458 4019
14458 4493
14458 5741
14458 6641
14458 7659
14458 12202
14458 14460
14458 15043
14458 18078
14458 18442
14458 18989
14458 19680
14458 21539
14458 21865
14459 472
14459 1938
14459 4019
14459 5226
14459 6641
14459 7659
14459 12260
14459 12262
14459 12683
14459 14463
14459 16907
14459 18442
14459 18989
14459 23317
14459 23322
14460 472
14460 1938
14460 6639
14460 6641
14460 16907
14460 23317
14460 23319
14461 2205
14461 6639
14461 16907
14462 1938
14462 2205
14462 6639
14463 1094
14463 1143
14463 1371
14463 1938
14463 1942
14463 7659
14463 16907
14463 19680
14463 21539
14466 2205
14466 6641
14466 18442
14477 1752
14477 1753
14477 1754
14477 3687
14477 3688
14477 4613
14477 4616
14477 4617
14477 4618
14477 6065
14477 8442
14477 9545
14477 9976
14477 11298
14477 14490
14477 15333
14477 18047
14477 18048
14477 22010
14477 22297
14478 14477
14478 18043
14480 9971
14480 15521
14481 15521
14482 9971
14482 15521
14483 9971
14483 15521
14483 21051
14484 15521
14485 15521
14487 9971
14487 15521
14490 18043
14495 6641
14495 12260
14495 18442
14511 3917
14511 6195
14511 10347
14513 14511
14517 18043
14520 4423
14520 6746
14524 13215
14525 9642
14536 20267
14536 21469
14539 13033
14539 21104
14542 10027
14549 3890
14555 5901
14555 15827
14555 17028
14565 20401
14651 8734
14651 9358
14652 21104
14654 12514
14664 9642
14664 10349
14664 24988
14669 18016
14670 1938
14670 6637
14670 6641
14670 7851
14670 7855
14670 9071
14670 10443
14670 11704
14670 11706
14670 12260
14670 12262
14670 13950
14670 14314
14670 14317
14670 15550
14670 16907
14670 17106
14670 18442
14670 21038
14670 21865
14670 22347
14670 23127
14671 1143
14671 1996
14671 2469
14671 5423
14671 5741
14671 6280
14671 11705
14671 11936
14671 11939
14671 14459
14671 14670
14671 18078
14671 19676
14671 19680
14671 21539
14671 23542
14672 1938
14672 2205
14672 13950
14673 1942
14673 2205
14673 10629
14673 13950
14673 22055
14674 1938
14674 13950
14698 8982
14698 20057
14700 2635
14700 8982
14700 16689
14701 20053
14702 18230
14702 20053
14714 20352
14729 22217
14730 371
14730 374
14730 23056
14746 16689
14750 7559
14750 14754
14752 14754
14811 8839
14832 14839
14832 17542
14833 14839
14839 14825
14863 9642
14878 10124
14886 2943
14886 12934
14886 24712
14891 2943
14891 6715
14903 19483
14909 9642
14941 9642
14941 13215
14941 24988
14965 21551
14985 13215
15005 23042
15010 21503
15028 1938
15029 1938
15029 2205
15029 4493
15029 21865
15030 1938
15031 1938
15031 1942
15031 6639
15031 12207
15032 1942
15032 2205
15032 4493
15042 1938
15042 2205
15042 6639
15043 2205
15043 6639
15043 12207
15043 15029
15043 15044
15044 2205
15044 3762
15044 6639
15044 6641
15044 18442
15046 1938
15046 1942
15052 21104
15053 6331
15053 14493
15054 2284
15054 15339
15054 16791
15054 17682
15054 19790
15054 24882
15054 24883
15071 9642
15071 13215
15076 11282
15076 22355
15078 13555
15078 24051
15078 24053
15078 24074
15081 1993
15081 8682
15081 13410
15081 13555
15081 13558
15081 15076
15081 19179
15081 19441
15081 19707
15081 23355
15081 23439
15081 24053
15094 13106
15115 23513
15141 23042
15162 17471
15194 19214
15210 19431
15216 17881
15217 4739
15217 6756
15235 9642
15235 13215
15276 425
15290 16689
15302 15305
15305 2285
15321 20811
15326 7567
15326 9631
15326 13215
15326 14453
15326 14455
15326 15891
15326 15895
15326 15896
15326 19441
15326 24987
15327 14455
15328 7571
15328 14455
15329 7571
15329 14453
15329 14455
15330 7571
15330 14455
15330 15891
15333 2276
15333 4423
15333 18043
15372 15369
15387 5910
15387 8889
15387 19123
15410 18650
15410 22706
15411 22706
15412 18650
15414 15412
15444 7571
15444 14453
15448 21924
15448 21925
15458 12876
15463 18016
15502 20110
15504 9314
15505 1511
15505 9314
15505 13750
15505 20110
15518 13786
15518 20579
15521 9885
15521 9891
15521 9895
15521 9971
15521 10342
15521 11426
15521 19183
15521 20035
15521 21050
15521 21051
15521 21052
15521 21053
15521 24762
15526 2703
15546 17682
15550 1094
15550 1143
15550 1355
15550 1371
15550 7659
15550 11701
15550 14459
15550 16907
15550 19680
15550 21032
15550 21539
15550 22654
15550 23127
15550 23543
15551 13950
15551 23127
15552 1938
15552 6458
15552 7659
15552 12683
15552 13950
15552 15044
15552 16907
15552 18442
15552 19680
15552 21539
15552 22654
15553 1938
15553 4019
15553 6641
15553 23127
15556 7659
15556 23127
15579 5272
15620 9642
15620 13215
15620 24988
15627 6296
15627 7448
15627 13827
15627 14621
15641 472
15641 1938
15641 6639
15642 1938
15643 2205
15644 1938
15644 2205
15646 7659
15654 1117
15657 22217
15689 13718
15692 13718
15723 2653
15723 5158
15723 11229
15723 12744
15723 14298
15742 562
15749 409
15749 13106
15749 18612
15749 18775
15764 1070
15764 6334
15764 6756
15764 15765
15764 15766
15765 5125
15765 6010
15765 8165
15766 5125
15774 15521
15796 15795
15827 18393
15830 24381
15832 2284
15832 16790
15832 20667
15844 3890
15846 3778
15846 5910
15846 6195
15846 7688
15846 8491
15846 8495
15846 12514
15846 16689
15846 17682
15846 19407
15846 21074
15846 21551
15846 23232
15846 24899
15854 11769
15855 11769
15858 850
15858 11030
15858 13800
15859 13999
15859 20573
15859 20794
15859 21925
15859 21926
15860 1938
15860 2826
15860 17028
15862 4689
15862 5010
15862 9538
15862 13196
15862 13999
15862 16492
15862 20573
15862 20637
15862 20794
15862 21925
15865 8194
15865 20794
15882 20361
15885 1942
15885 2205
15885 12207
15886 1938
15886 1942
15886 2205
15891 4231
15891 7571
15891 8788
15891 11379
15891 11380
15891 11381
15891 18164
15891 18170
15891 23503
15891 23504
15891 24987
15895 4231
15895 7566
15895 7568
15895 8788
15895 8789
15895 9773
15895 11379
15895 11381
15895 13485
15895 15891
15895 15896
15895 18164
15895 18170
15895 18184
15895 23146
15895 23504
15895 24987
15896 4231
15896 7571
15896 8788
15896 11379
15896 11380
15896 11381
15896 15891
15896 18170
15896 23503
15896 23504
15896 24987
15897 9775
15898 7571
15905 9642
15906 10349
15906 13215
15919 15314
15977 1042
15977 1720
15977 6010
15977 21551
15981 3020
15981 5160
15981 8495
15981 16498
15984 9203
16002 14784
16013 1938
16013 7659
16013 13950
16085 10349
16085 13215
16085 24988
16087 9642
16087 10349
16087 13215
16087 24988
16098 23042
16099 21925
16100 1940
16100 13136
16109 11522
16109 12819
16109 19334
16109 19337
16109 22298
16109 22905
16119 8931
16120 374
16120 8931
16120 9650
16120 10140
16120 24406
16122 19349
16123 8344
16152 15527
16152 15528
16152 15530
16152 18583
16152 20986
16155 21104
16156 21551
16175 10349
16175 13215
16176 9642
16176 10349
16176 24988
16186 13950
16186 23127
16188 1938
16188 2469
16188 6641
16188 10629
16188 13950
16188 17106
16188 18442
16188 18806
16188 18989
16237 2205
16237 6639
16256 16255
16257 7612
16257 21119
16295 23741
16302 4911
16302 6017
16302 20055
16302 22144
16302 22793
16314 20267
16320 9631
16320 14453
16320 15891
16320 15895
16416 10349
16416 24988
16417 9642
16417 10349
16417 24988
16418 13215
16418 24988
16419 9642
16419 24988
16434 1993
16434 8682
16434 19707
16434 23355
16484 3286
16484 22920
16490 4689
16493 17028
16494 3808
16513 5160
16513 11769
16513 15640
16513 22919
16516 18775
16518 10274
16553 1778
16553 12039
16569 7978
16569 8495
16570 15827
16570 16566
16570 16569
16571 7978
16575 17349
16575 20260
16576 46
16576 1700
16576 2849
16576 7709
16576 10984
16576 16675
16576 23952
16578 3140
16578 7691
16578 8735
16578 10984
16578 21105
16578 23952
16579 21925
16580 21925
16586 24988
16587 13215
16587 24988
16599 632
16599 761
16599 7930
16599 8633
16599 8634
16599 8635
16599 8636
16599 17804
16599 19152
16599 22095
16602 13670
16621 6011
16621 20042
16622 477
16622 21551
16636 13106
16636 18775
16637 13106
16637 18612
16637 18775
16666 12497
16666 23294
16675 966
16675 968
16675 2558
16675 3237
16675 3523
16675 3778
16675 4689
16675 4707
16675 5256
16675 7700
16675 7788
16675 8179
16675 8429
16675 8837
16675 9145
16675 9764
16675 9793
16675 11171
16675 12891
16675 15846
16675 16155
16675 16689
16675 16775
16675 19228
16675 19763
16675 19766
16675 19790
16675 20422
16675 20566
16675 20797
16675 20997
16675 21375
16675 21440
16675 21672
16675 22953
16675 23075
16684 21551
16687 14758
16689 21
16689 1974
16689 3235
16689 4864
16689 6195
16689 6503
16689 6634
16689 7278
16689 7612
16689 7995
16689 10274
16689 10592
16689 11261
16689 11290
16689 11574
16689 13446
16689 14037
16689 15640
16689 16675
16689 18596
16689 19337
16689 19350
16689 20970
16689 21551
16689 23845
16722 14555
16747 15412
16747 18650
16772 13215
16772 24988
16773 13215
16775 18693
16775 18694
16775 18696
16775 22919
16776 2425
16776 18696
16776 24617
16776 24618
16776 24620
16787 7930
16789 16675
16790 16791
16795 16794
16796 8801
16796 13786
16797 13786
16800 24379
16800 24382
16802 858
16802 15860
16802 20637
16853 13215
16891 5455
16891 6503
16902 1938
16902 1942
16902 2205
16906 21539
16907 472
16907 1094
16907 2204
16907 3540
16907 3762
16907 3846
16907 4019
16907 4259
16907 4493
16907 5741
16907 6639
16907 6641
16907 10443
16907 12059
16907 12202
16907 12260
16907 12262
16907 13916
16907 14007
16907 15042
16907 15043
16907 15641
16907 16237
16907 18438
16907 18442
16907 18989
16907 19680
16907 21539
16907 21865
16907 22347
16918 3902
16918 3903
16918 4689
16918 17990
16918 23177
16941 13215
16960 7571
16960 23530
16965 23099
16987 24379
16990 7394
16997 1877
17008 13309
17026 11231
17026 17028
17028 1275
17028 10638
17028 11511
17028 14555
17028 16493
17028 16689
17028 17026
17028 18351
17028 21769
17028 22740
17034 3688
17034 14477
17034 18043
17035 972
17035 1753
17035 3688
17035 3690
17035 4610
17035 4611
17035 4612
17035 4614
17035 8442
17035 11298
17035 12134
17035 12135
17035 17036
17035 17037
17035 17040
17035 17041
17035 17042
17035 18043
17035 18047
17035 18049
17035 18051
17035 19849
17035 19851
17035 19853
17035 19857
17035 20062
17035 20064
17035 20065
17035 22296
17036 18043
17036 19848
17036 19849
17036 19850
17036 19851
17036 19852
17036 19857
17036 20063
17036 20064
17037 3688
17037 3690
17037 8442
17037 11298
17037 14477
17037 18043
17037 19848
17037 19849
17037 19850
17037 19851
17037 19852
17037 19857
17037 20064
17038 972
17038 3688
17038 4614
17038 18043
17039 4611
17039 14477
17039 18043
17039 19848
17039 19850
17040 972
17040 1750
17040 1754
17040 3687
17040 3688
17040 3690
17040 4611
17040 8442
17040 11298
17040 12134
17040 14490
17040 17037
17040 17041
17040 17042
17040 18047
17040 18051
17040 19848
17040 19849
17040 19850
17040 19851
17040 19852
17040 19857
17040 20064
17040 22296
17040 22297
17041 972
17041 3688
17041 3690
17041 4614
17041 8442
17041 9976
17041 11298
17041 12134
17041 14477
17041 14490
17041 17037
17041 17042
17041 18047
17041 19848
17041 19849
17041 19850
17041 19851
17041 19852
17041 19857
17041 20064
17041 22296
17041 22297
17042 1750
17042 3688
17042 3690
17042 19848
17042 19849
17042 19850
17042 19851
17042 19852
17042 19857
17043 477
17043 21551
17054 10349
17054 24682
17059 10349
17059 13215
17059 24988
17065 10349
17078 11592
17101 1938
17101 1942
17101 10629
17103 7659
17103 18078
17106 472
17106 1094
17106 1143
17106 1355
17106 1371
17106 1996
17106 2205
17106 3762
17106 3846
17106 4019
17106 4493
17106 5741
17106 6639
17106 6641
17106 7659
17106 11701
17106 11705
17106 11798
17106 12262
17106 12683
17106 13164
17106 13913
17106 14458
17106 14459
17106 14460
17106 14495
17106 15043
17106 15044
17106 15641
17106 16907
17106 17740
17106 18078
17106 18442
17106 18989
17106 19680
17106 21032
17106 21350
17106 21539
17106 21866
17106 23319
17106 23542
17106 23543
17106 24563
17107 11706
17107 23322
17108 2205
17108 7659
17114 9887
17114 15521
17114 24763
17116 15521
17116 24763
17122 9896
17122 15521
17148 9430
17148 19175
17151 11293
17165 17163
17222 7992
17237 20811
17250 2848
17250 14334
17253 1296
17253 13309
17253 17756
17253 21924
17253 21925
17288 4701
17323 15408
17327 15410
17327 15412
17327 15414
17327 16747
17336 22324
17349 5876
17349 20260
17349 21469
17385 5555
17385 21551
17409 23869
17414 7571
17414 14455
17418 3890
17418 24762
17471 1438
17471 8228
17471 17727
17472 1438
17478 9631
17478 10349
17478 10352
17478 19442
17478 19927
17493 22919
17529 9960
17530 13741
17530 21105
17575 9642
17575 21441
17577 2748
17577 3286
17577 3671
17577 3778
17577 5220
17577 6195
17577 6562
17577 7114
17577 7115
17577 7893
17577 10983
17577 11452
17577 16295
17577 17585
17577 18603
17577 20267
17577 21440
17577 21938
17577 23740
17577 23741
17577 23743
17578 10983
17580 10984
17580 12091
17585 5555
17585 9719
17585 17385
17589 7017
17589 13815
17589 14833
17589 17539
17589 17540
17589 17543
17598 9642
17598 13215
17598 24988
17600 13215
17600 24988
17603 1005
17603 9846
17628 11574
17634 1208
17638 3994
17638 7595
17638 13869
17675 10349
17675 13215
17676 10349
17676 13215
17682 5910
17682 14644
17700 7571
17700 14453
17701 18612
17701 18775
17707 5921
17707 12470
17707 15210
17710 5921
17735 1942
17735 2205
17778 5889
17804 7930
17804 22095
17822 13423
17847 276
17847 7431
17847 11572
17847 20264
17857 13786
17868 14428
17868 21441
17868 21551
17870 7992
17870 10680
17870 17471
17881 11385
17881 21399
17918 7992
17954 13215
17954 24988
17964 3383
17985 15862
17987 9773
17987 9774
17990 6195
17990 9203
17990 16689
18016 8030
18016 12457
18033 749
18033 753
18038 8030
18043 1750
18043 1752
18043 1753
18043 4610
18043 4612
18043 4614
18043 4616
18043 4617
18043 4618
18043 8442
18043 18046
18043 18047
18043 18048
18043 18049
18043 18050
18043 18051
18043 18052
18075 2205
18075 4493
18075 5741
18075 12207
18075 21539
18078 472
18078 1938
18078 2002
18078 6639
18078 6641
18078 7659
18078 8242
18078 9754
18078 10740
18078 12060
18078 12260
18078 12262
18078 12683
18078 13164
18078 15029
18078 15032
18078 15044
18078 16907
18078 18075
18078 18442
18078 18989
18078 19677
18078 19678
18078 19680
18078 21539
18078 22347
18078 23317
18078 23319
18078 23322
18080 1938
18080 1942
18080 2205
18084 15521
18085 20504
18105 22793
18106 5751
18106 19595
18106 20055
18106 22793
18106 22954
18143 8190
18143 20902
18150 13215
18164 7571
18164 11380
18165 13589
18170 7569
18170 9631
18188 1904
18196 15448
18196 18193
18197 18196
18224 9205
18230 17990
18250 4689
18250 6634
18250 8176
18250 23151
18252 21104
18285 7402
18285 7571
18286 7571
18288 15627
18294 20620
18299 5489
18303 7612
18303 16689
18303 18596
18314 15210
18325 1938
18325 2205
18325 13950
18328 9642
18328 13215
18331 13215
18351 17028
18407 14453
18408 9631
18438 1938
18438 2205
18438 6639
18440 1942
18440 2205
18441 1938
18442 1938
18442 3762
18442 12683
18442 21865
18442 21866
18444 1938
18444 2205
18444 12207
18461 11250
18519 6307
18519 13589
18520 10072
18520 15860
18520 20057
18528 1117
18532 23903
18541 7607
18541 20667
18590 2826
18596 10497
18596 15727
18596 16689
18596 18303
18596 21974
18596 24762
18603 11385
18603 15976
18603 15977
18603 16689
18612 1164
18612 17727
18628 20068
18639 16392
18650 3917
18650 20352
18650 20885
18655 1938
18655 2205
18656 1938
18656 2205
18659 2205
18659 12207
18694 3778
18707 4638
18714 19653
18760 7225
18760 10203
18760 14660
18765 3814
18765 7567
18765 7571
18765 9631
18765 10347
18765 13215
18765 14453
18765 18767
18765 19441
18765 24987
18766 7571
18767 7571
18767 14455
18768 7567
18768 7568
18768 9631
18768 13215
18768 19441
18768 24987
18771 18775
18772 18775
18775 276
18775 1165
18775 2285
18775 24811
18784 11061
18805 2469
18805 7659
18805 13950
18805 14317
18805 17106
18805 23127
18806 1938
18806 3762
18806 6458
18806 6639
18806 7855
18806 9071
18806 11701
18806 11939
18806 13950
18806 14458
18806 14459
18806 15044
18806 16907
18806 18078
18806 19680
18806 21237
18806 21539
18806 22055
18806 23127
18815 9642
18821 11226
18821 11227
18821 18824
18822 15862
18859 6673
18859 7565
18859 9642
18859 9792
18859 10349
18859 10351
18859 10352
18859 13209
18859 13484
18859 13486
18859 14886
18859 19926
18859 20450
18859 24987
18859 24988
18880 21551
18897 10983
18899 22155
18920 6011
18975 1942
18975 2205
18975 7659
18976 2205
18979 4493
18979 7659
18989 1938
18989 3762
18989 3846
18989 6639
18989 6641
18989 12262
18989 13164
18989 15044
18989 18442
18989 21539
18989 21865
18989 22347
18995 10066
18996 1938
18996 1942
18996 2205
19001 21551
19008 18428
19009 18428
19021 4598
19021 19016
19028 19021
19058 23565
19059 1720
19059 20169
19059 21104
19059 21925
19123 5910
19129 8190
19139 1778
19152 7930
19179 23355
19186 4991
19186 24942
19213 7039
19214 16689
19228 11572
19228 16675
19244 13786
19245 2826
19245 13106
19262 16689
19292 19291
19304 17028
19308 101
19308 432
19308 434
19308 472
19308 1938
19308 1996
19308 2384
19308 2385
19308 2469
19308 3254
19308 3258
19308 3292
19308 3316
19308 3317
19308 3622
19308 3747
19308 3762
19308 3846
19308 5070
19308 5226
19308 5227
19308 6283
19308 6458
19308 6632
19308 6637
19308 6639
19308 6641
19308 7659
19308 7851
19308 7855
19308 9071
19308 9724
19308 9751
19308 9754
19308 10443
19308 10740
19308 11315
19308 11699
19308 11701
19308 11704
19308 11706
19308 11939
19308 12260
19308 12262
19308 14314
19308 14317
19308 14458
19308 14463
19308 14671
19308 14674
19308 15044
19308 15550
19308 15552
19308 15553
19308 15883
19308 16907
19308 17106
19308 18075
19308 18078
19308 18442
19308 18806
19308 18989
19308 19680
19308 19925
19308 21033
19308 21038
19308 21232
19308 21237
19308 21239
19308 21539
19308 21552
19308 21865
19308 21866
19308 22055
19308 22347
19308 22654
19308 22658
19308 23317
19308 23319
19308 23322
19308 23544
19308 24920
19310 432
19310 434
19310 472
19310 1094
19310 1938
19310 1996
19310 2204
19310 2205
19310 2469
19310 3540
19310 3619
19310 3762
19310 3846
19310 4019
19310 4493
19310 5076
19310 5423
19310 5427
19310 5741
19310 6458
19310 6639
19310 6641
19310 7853
19310 7855
19310 9068
19310 9071
19310 9724
19310 10443
19310 11701
19310 11706
19310 11939
19310 12202
19310 12260
19310 12683
19310 13950
19310 14317
19310 14459
19310 14670
19310 15042
19310 15043
19310 15044
19310 15550
19310 15552
19310 16907
19310 17106
19310 18078
19310 18438
19310 18442
19310 18806
19310 18989
19310 19308
19310 19438
19310 19680
19310 21038
19310 21237
19310 21350
19310 21539
19310 21552
19310 21865
19310 22654
19310 23127
19310 23541
19311 13950
19311 23127
19312 432
19312 434
19312 472
19312 1938
19312 3762
19312 6639
19312 6641
19312 7855
19312 9071
19312 11701
19312 11939
19312 13950
19312 14317
19312 14458
19312 16907
19312 17106
19312 19308
19312 19310
19312 19680
19312 21237
19312 22654
19312 23319
19313 1938
19313 2205
19313 13950
19313 16907
19313 17106
19313 19312
19313 22055
19313 23127
19317 21104
19318 21924
19320 21925
19334 18016
19337 2826
19337 3074
19337 3211
19337 3808
19337 8495
19337 8627
19337 8717
19337 8734
19337 12042
19337 12486
19337 12980
19337 13033
19337 13136
19337 16689
19337 21974
19339 8627
19339 16689
19339 22298
19340 6195
19340 13786
19349 1582
19349 1584
19349 1585
19349 1720
19349 4101
19349 7278
19349 14498
19349 16601
19349 16602
19349 22949
19360 6756
19372 15677
19372 20352
19379 15521
19387 6331
19413 7561
19413 12002
19413 14755
19415 1239
19415 12008
19415 14750
19415 14752
19415 19413
19416 14750
19417 7559
19417 12002
19417 12004
19417 12005
19417 14749
19417 14754
19417 19415
19417 19416
19417 24111
19418 19413
19418 19417
19419 12007
19419 14751
19419 14752
19419 14755
19419 19413
19419 19417
19438 434
19438 1144
19438 6639
19438 7659
19438 11704
19438 11706
19438 12683
19438 13950
19438 14317
19438 14458
19438 14463
19438 15044
19438 15883
19438 16907
19438 17106
19438 22654
19438 23322
19439 1938
19439 2469
19439 13950
19440 23695
19440 23697
19441 8788
19441 22919
19441 23355
19441 23504
19441 23695
19441 23697
19483 4911
19483 14903
19483 20422
19488 22491
19490 21503
19491 6296
19491 14621
19491 19175
19493 19175
19505 11769
19505 14010
19507 14010
19507 16513
19519 1938
19519 2205
19561 9642
19561 10349
19561 13215
19561 24988
19563 9642
19565 19349
19593 4911
19597 16689
19647 10497
19653 117
19653 1381
19653 1877
19653 2093
19653 2886
19653 2919
19653 3852
19653 4707
19653 4708
19653 4709
19653 6296
19653 6497
19653 6664
19653 6692
19653 6693
19653 7061
19653 7448
19653 7572
19653 7946
19653 7949
19653 7952
19653 8199
19653 8463
19653 8895
19653 10034
19653 10374
19653 10375
19653 10509
19653 10510
19653 10511
19653 10517
19653 10654
19653 11483
19653 11762
19653 12730
19653 13160
19653 13831
19653 14621
19653 14983
19653 15627
19653 15628
19653 17418
19653 17419
19653 19488
19653 19489
19653 19490
19653 19491
19653 19493
19653 20743
19653 20744
19653 20749
19653 20750
19653 20751
19653 20753
19653 21338
19653 21503
19653 21505
19653 22491
19653 23115
19653 23500
19653 23598
19653 23848
19653 23851
19653 23854
19653 23992
19653 23993
19653 24580
19654 1877
19654 6300
19654 18288
19654 19490
19654 19653
19675 1938
19679 1938
19680 472
19680 1938
19680 3762
19680 4019
19680 6637
19680 6639
19680 6641
19680 10443
19680 12059
19680 12260
19680 12262
19680 13916
19680 15043
19680 18442
19680 18989
19680 21539
19680 21865
19680 22347
19680 24226
19763 21925
19763 23042
19766 21925
19766 23042
19790 632
19790 3041
19790 4447
19790 9642
19790 13309
19790 20081
19791 12514
19791 13309
19794 7396
19824 9813
19824 16747
19847 22296
19848 1753
19848 1754
19848 3388
19848 3688
19848 3690
19848 4610
19848 4612
19848 4614
19848 8442
19848 9976
19848 11298
19848 12134
19848 12135
19848 14477
19848 14490
19848 14517
19848 15333
19848 18047
19848 18049
19848 18051
19848 22010
19848 22296
19848 22297
19849 3688
19849 3690
19849 4610
19849 4611
19849 4612
19849 4614
19849 8442
19849 11298
19849 12135
19849 14490
19849 18043
19849 18047
19849 18051
19849 22296
19850 1753
19850 3388
19850 3686
19850 3688
19850 3690
19850 4610
19850 4612
19850 4613
19850 4614
19850 6064
19850 8442
19850 9545
19850 11298
19850 12134
19850 12135
19850 14490
19850 14517
19850 18043
19850 18047
19850 18049
19850 18051
19850 19848
19850 19853
19850 22010
19850 22296
19851 1753
19851 3388
19851 3686
19851 3688
19851 3690
19851 4610
19851 4611
19851 4612
19851 4613
19851 4614
19851 4689
19851 8442
19851 11298
19851 12134
19851 12135
19851 14490
19851 18043
19851 18047
19851 18049
19851 18051
19851 19848
19851 19849
19851 19853
19851 22010
19851 22296
19852 1753
19852 3388
19852 3688
19852 3690
19852 4611
19852 4612
19852 4613
19852 4614
19852 8442
19852 11298
19852 12134
19852 12135
19852 14490
19852 18043
19852 18047
19852 18049
19852 18051
19852 18052
19852 22010
19852 22296
19853 4611
19853 18043
19853 19848
19853 19849
19853 19852
19856 3688
19856 14477
19856 22296
19857 1750
19857 1754
19857 3388
19857 3688
19857 3690
19857 4610
19857 4612
19857 4614
19857 8442
19857 11298
19857 12134
19857 12135
19857 14490
19857 18047
19857 18049
19857 18051
19857 19848
19857 19849
19857 19850
19857 19851
19857 22010
19857 22296
19857 22297
19870 14555
19870 21257
19873 1625
19873 1972
19873 1974
19873 3903
19873 4689
19873 11389
19873 13402
19873 17026
19873 17028
19873 23967
19876 2001
19876 2218
19876 12876
19876 12881
19876 12883
19876 12884
19876 14497
19876 16153
19877 9642
19877 10349
19881 4506
19881 9482
19881 17990
19881 19984
19916 1382
19916 1398
19916 5505
19916 7565
19916 7566
19916 7571
19916 9631
19916 9643
19916 19440
19916 19442
19916 19927
19916 24988
19917 5805
19917 6672
19917 6673
19917 7565
19917 7566
19917 7568
19917 13483
19917 13485
19917 19442
19917 19927
19917 24987
19921 678
19925 1094
19925 1143
19925 1996
19925 4493
19925 5741
19925 6641
19925 14460
19925 16907
19925 18078
19925 18442
19925 19680
19925 21539
19926 4136
19926 14706
19927 13786
19927 16689
19932 2779
19932 7567
19932 7571
19932 8358
19932 11746
19932 14453
19932 24682
19944 9887
19944 15521
19944 24763
19945 9896
19945 9971
19945 15521
19945 24763
19946 15521
19946 24763
19947 15521
19947 16229
19947 24763
19948 9887
19948 9896
19948 9971
19948 15521
19948 21051
19948 24763
19949 15521
19949 24763
19951 15521
19951 24763
19957 4611
19957 14477
19957 18043
19976 19487
19977 3908
19979 4739
19984 4720
19984 19881
19991 5455
20022 23714
20032 15418
20035 4864
20035 9896
20035 11426
20035 20422
20041 10523
20042 1612
20042 6004
20042 6011
20042 16621
20042 18265
20043 17028
20046 6011
20046 10916
20046 18265
20048 2635
20048 20053
20053 2635
20053 8977
20053 8981
20053 8982
20053 8983
20053 11739
20053 11740
20053 17990
20053 18227
20053 18228
20053 20057
20053 22919
20055 19595
20057 8977
20057 8982
20057 15333
20057 18228
20057 18229
20057 21280
20060 14477
20060 18043
20061 14477
20061 22296
20062 4611
20062 14477
20062 18043
20062 19848
20062 19850
20062 19851
20062 19852
20063 972
20063 1753
20063 3688
20063 3690
20063 12134
20063 18043
20063 18047
20063 18049
20063 19853
20064 972
20064 1753
20064 3687
20064 3688
20064 3690
20064 4611
20064 4613
20064 8442
20064 11298
20064 12134
20064 14477
20064 18043
20064 18046
20064 18049
20064 18050
20064 18051
20064 18052
20064 19848
20064 19849
20064 19850
20064 19851
20064 19857
20064 22296
20065 4611
20065 18043
20065 19848
20065 19850
20065 19851
20065 19852
20065 19857
20110 1509
20110 1511
20110 2486
20110 2487
20110 8279
20110 13750
20110 14269
20110 15305
20124 24462
20138 9203
20138 19441
20138 21104
20138 23056
20152 20150
20168 20169
20169 16689
20169 24859
20171 18693
20171 18694
20171 18695
20171 18696
20171 24617
20171 24618
20171 24619
20223 10983
20260 16969
20260 17385
20267 1640
20267 9059
20267 10855
20267 11572
20267 11574
20267 13232
20267 16314
20267 23625
20276 20422
20283 12881
20283 12883
20283 15832
20300 18459
20300 20228
20332 9642
20332 13215
20333 9642
20333 13215
20342 22217
20352 23355
20357 9642
20357 13215
20366 21551
20372 15862
20401 3808
20401 8734
20401 21104
20401 21105
20402 7992
20403 16625
20403 21105
20404 16625
20413 676
20422 1700
20422 4485
20422 8931
20422 15846
20422 16689
20422 17682
20422 19483
20422 20169
20422 21104
20422 21175
20422 22217
20422 23075
20427 13106
20489 15977
20491 6619
20502 2826
20502 3122
20502 16689
20502 21551
20504 6195
20504 13106
20504 18085
20511 4762
20511 16740
20539 1942
20565 23430
20566 16675
20573 2703
20573 2943
20573 7292
20573 12975
20573 16152
20573 18612
20581 13934
20592 10349
20592 13215
20593 10349
20594 9642
20594 10349
20594 24988
20595 9642
20595 10349
20595 13215
20605 1042
20639 23151
20650 7866
20667 2284
20722 20953
20734 9642
20734 13215
20734 24988
20735 9642
20735 24988
20737 9642
20737 10349
20737 13215
20738 10349
20738 13215
20738 24988
20745 21924
20749 14621
20753 1931
20753 4500
20753 6296
20753 14621
20753 22394
20757 13215
20758 20110
20795 13205
20796 5453
20796 21104
20797 21104
20798 24988
20808 11574
20811 1973
20811 2264
20811 3890
20811 6003
20811 6007
20811 6010
20811 8771
20811 14549
20811 23930
20811 24615
20837 5683
20853 11570
20853 14965
20858 3527
20858 21925
20858 21926
20873 13401
20873 21041
20885 18650
20892 1938
20892 2205
20892 7659
20901 5910
20902 16498
20902 18143
20903 5910
20953 20
20953 2826
20953 3908
20953 5010
20953 9358
20953 10223
20953 12251
20953 13106
20953 17682
20953 20722
20953 21974
20953 24878
20954 13215
20954 24988
20964 425
20965 13555
20965 13558
20965 20966
20965 21003
20970 4635
20970 16689
20972 13108
20979 11880
21003 1001
21003 8627
21003 12975
21003 13106
21003 22217
21004 1005
21004 21104
21005 19152
21005 21104
21006 1005
21006 12980
21006 13136
21007 1001
21007 1005
21008 21104
21012 3778
21012 8565
21012 12514
21012 12728
21012 13097
21012 23845
21030 1938
21030 1942
21030 7659
21031 2205
21031 12207
21032 472
21032 1938
21032 4016
21032 4019
21032 6641
21032 11702
21032 11706
21032 12260
21032 12262
21032 14461
21032 15043
21032 18438
21032 18442
21033 1143
21033 1371
21033 1938
21033 1996
21033 19680
21033 21539
21037 1942
21037 2205
21037 12207
21038 475
21038 1094
21038 1143
21038 1371
21038 1996
21038 2205
21038 6639
21038 11701
21038 12683
21038 14460
21038 14495
21038 15044
21038 16907
21038 18442
21038 19680
21038 21032
21038 21539
21038 24563
21045 986
21051 9971
21051 12872
21053 21051
21060 5455
21060 21104
21068 7992
21104 184
21104 561
21104 1111
21104 1907
21104 1981
21104 3381
21104 3384
21104 3778
21104 3804
21104 6003
21104 7821
21104 7822
21104 7994
21104 8616
21104 8783
21104 9244
21104 9307
21104 11290
21104 11414
21104 12175
21104 12545
21104 12980
21104 13033
21104 15052
21104 17530
21104 17990
21104 19317
21104 19334
21104 19742
21104 19743
21104 20276
21104 20401
21104 21060
21104 22214
21104 22919
21104 24859
21105 3778
21105 5455
21105 6494
21105 8784
21105 10401
21105 11229
21105 11231
21105 22841
21109 13038
21119 11373
21119 16257
21122 15411
21122 15412
21122 16747
21155 17583
21175 20422
21215 12980
21231 1938
21231 4493
21231 13950
21231 23127
21232 1938
21232 2205
21232 4019
21232 4493
21232 5741
21232 6458
21232 6641
21232 7659
21232 13950
21232 18078
21232 18442
21234 1942
21234 2205
21234 7659
21234 13950
21234 22055
21234 23127
21236 13950
21236 22055
21236 23127
21237 472
21237 1938
21237 2385
21237 2469
21237 3747
21237 3762
21237 4019
21237 4493
21237 5227
21237 5229
21237 6458
21237 6632
21237 6639
21237 6641
21237 7659
21237 7855
21237 9071
21237 11315
21237 11701
21237 11704
21237 11706
21237 11939
21237 12260
21237 12262
21237 12683
21237 13950
21237 14317
21237 14458
21237 14461
21237 14463
21237 15043
21237 15044
21237 15883
21237 16907
21237 17106
21237 18078
21237 18438
21237 18442
21237 18989
21237 19680
21237 21539
21237 21865
21237 22654
21237 23317
21237 23322
21239 1938
21239 12683
21239 14463
21239 16907
21239 22654
21239 23127
21243 12514
21243 22765
21252 16790
21252 20667
21259 21104
21260 13786
21267 2285
21267 7929
21267 7930
21267 17728
21277 9642
21291 17682
21296 7992
21299 21551
21318 18873
21318 18876
21338 1877
21338 4701
21338 5413
21338 6296
21338 10517
21338 12730
21338 14621
21338 15627
21338 20753
21338 21503
21347 1938
21347 6639
21349 1938
21349 2205
21352 1938
21369 10269
21369 13589
21383 2302
21431 9846
21433 7992
21433 9846
21434 5125
21434 7992
21434 9846
21441 10983
21441 21399
21446 8194
21447 21925
21450 3063
21450 21449
21452 7893
21455 15727
21475 19175
21499 2904
21499 3917
21499 11231
21499 11240
21499 20397
21503 1877
21503 6296
21503 7448
21503 14621
21503 21505
21535 1938
21535 2205
21535 6639
21538 1938
21538 2205
21539 3762
21539 4493
21539 5741
21539 6637
21539 6639
21539 6641
21539 10739
21539 12683
21539 15043
21539 15044
21539 18438
21539 18442
21539 24226
21540 1938
21551 477
21551 1414
21551 1762
21551 1935
21551 1972
21551 2276
21551 3237
21551 3383
21551 5007
21551 5453
21551 5666
21551 6693
21551 7893
21551 8931
21551 9748
21551 11117
21551 11170
21551 12141
21551 12732
21551 12774
21551 12980
21551 13232
21551 14290
21551 14965
21551 16622
21551 16689
21551 17385
21551 18880
21551 19001
21551 20502
21551 24501
21552 472
21552 1141
21552 2205
21552 2469
21552 3762
21552 5741
21552 6458
21552 6639
21552 6641
21552 7855
21552 9071
21552 11314
21552 11701
21552 11939
21552 14315
21552 14458
21552 14459
21552 14670
21552 15552
21552 16907
21552 17106
21552 18078
21552 18442
21552 18989
21552 19680
21552 21237
21552 21539
21552 21866
21552 23319
21552 24212
21572 10349
21572 24988
21573 13215
21575 9642
21575 10349
21575 13215
21590 23967
21590 24584
21590 24781
21666 23038
21679 15827
21699 1938
21703 8165
21703 16602
21705 9314
21706 20110
21714 23565
21759 22217
21767 18693
21767 18694
21767 24617
21767 24618
21767 24619
21767 24620
21768 2425
21768 18694
21768 18696
21768 24620
21771 9205
21776 13786
21780 254
21786 12033
21818 3920
21818 5616
21818 23232
21818 24788
21820 3920
21822 20228
21824 9642
21824 21818
21825 23232
21851 2205
21851 13950
21851 22055
21851 23127
21865 3762
21875 1938
21895 3384
21895 9846
21895 18693
21895 24618
21895 24619
21898 9846
21899 21551
21906 7751
21906 18106
21916 6756
21916 21918
21924 1043
21924 8931
21924 10459
21924 12486
21924 12883
21924 13309
21924 15832
21924 16689
21925 5758
21925 6634
21925 8931
21925 12668
21925 12881
21925 12883
21925 12884
21925 13309
21925 14151
21925 15832
21925 19059
21925 19763
21925 19766
21939 15976
21939 15977
21952 9620
21952 15723
21974 4470
21974 14700
21974 21925
21974 22919
21983 16689
21984 8495
22010 18043
22017 10349
22017 13215
22017 24988
22055 1942
22055 1996
22055 2204
22055 3270
22055 3297
22055 3540
22055 3841
22055 3842
22055 4017
22055 5072
22055 5073
22055 5074
22055 5076
22055 5741
22055 6408
22055 6459
22055 6460
22055 6638
22055 6641
22055 7664
22055 7852
22055 7853
22055 8511
22055 8852
22055 9751
22055 10443
22055 10629
22055 11702
22055 12202
22055 12207
22055 12258
22055 12260
22055 13535
22055 13913
22055 14316
22055 15043
22055 15046
22055 15644
22055 15885
22055 15886
22055 16237
22055 16902
22055 17101
22055 17735
22055 18080
22055 18442
22055 18656
22055 18659
22055 18975
22055 18996
22055 19675
22055 20539
22055 21037
22055 21538
22055 21865
22055 22348
22055 23544
22055 23726
22055 23759
22055 23760
22055 24212
22055 24229
22055 24231
22055 24232
22095 7930
22095 19152
22140 16689
22154 3007
22165 15846
22182 4267
22188 7992
22188 12373
22188 16689
22189 7992
22195 21925
22210 11662
22211 13136
22214 11662
22214 21104
22217 1048
22217 1119
22217 4447
22217 8884
22217 8931
22217 10685
22217 12486
22217 12514
22217 13309
22217 14248
22217 14249
22217 15305
22217 16689
22217 17990
22217 20342
22217 21759
22218 1119
22244 7992
22246 7992
22268 2276
22296 1754
22296 3687
22296 4613
22296 8442
22296 9544
22296 9545
22296 10634
22296 11770
22296 18043
22296 18048
22297 1750
22297 8442
22297 11298
22297 18043
22297 22296
22298 8977
22298 8982
22298 11733
22298 13106
22298 13591
22298 19926
22298 20053
22347 3762
22347 21866
22348 2205
22348 12207
22354 16689
22355 272
22355 11293
22355 11879
22355 11880
22355 13558
22355 15076
22355 19152
22355 21822
22355 24860
22357 2640
22375 24988
22376 9642
22376 10349
22376 13215
22376 24988
22389 22390
22394 23843
22426 13591
22433 4605
22433 17471
22433 17870
22441 4739
22444 13215
22459 24382
22491 4701
22491 16241
22491 21475
22507 21505
22527 7606
22527 16790
22527 16791
22527 22867
22528 7606
22528 11215
22528 16790
22528 16791
22528 20667
22529 2284
22529 2575
22529 7606
22529 7607
22529 16790
22529 22867
22529 24883
22654 472
22654 1938
22654 2381
22654 3762
22654 5741
22654 6639
22654 6641
22654 7855
22654 10644
22654 11314
22654 12207
22654 14317
22654 14458
22654 15043
22654 16907
22654 17106
22654 18078
22654 18442
22654 18989
22654 21038
22654 21539
22654 23319
22655 1938
22655 7659
22657 1938
22657 1942
22657 2205
22657 22055
22658 1143
22658 1996
22658 14460
22658 19680
22658 21539
22660 1938
22660 2205
22660 7659
22660 17106
22662 3387
22662 3688
22662 3690
22662 6996
22662 8442
22662 11298
22662 12771
22662 14477
22662 17034
22662 17035
22662 17037
22662 17038
22662 17039
22662 17040
22662 17041
22662 19848
22662 19849
22662 19850
22662 19851
22662 19852
22662 19857
22662 20063
22662 20064
22662 22296
22663 1752
22663 1754
22663 3389
22663 3390
22663 3688
22663 3690
22663 4181
22663 4611
22663 4613
22663 4616
22663 4617
22663 4618
22663 6065
22663 6997
22663 8442
22663 9545
22663 11298
22663 11664
22663 12771
22663 14478
22663 19847
22663 19848
22663 19850
22663 19852
22663 19857
22663 20063
22663 22296
22663 22662
22664 8442
22664 11298
22664 17035
22664 17037
22664 17040
22664 17041
22664 18043
22664 19848
22664 19849
22664 19850
22664 19851
22664 19852
22664 19857
22674 9642
22674 13215
22674 24988
22678 7930
22695 1942
22695 12207
22697 1938
22706 23714
22708 21455
22712 22709
22734 17682
22734 21925
22740 17028
22745 8192
22745 9777
22778 10519
22785 9061
22785 14455
22786 7992
22786 9061
22793 13857
22793 20055
22793 22146
22793 22147
22833 1511
22839 13741
22841 19873
22841 20057
22841 21104
22846 10349
22867 11574
22867 15832
22867 24178
22891 15411
22905 9358
22905 15846
22905 16109
22912 14455
22913 4720
22914 14453
22914 14455
22914 21925
22919 2826
22919 7681
22919 8495
22919 10191
22953 16689
22953 23249
22954 6756
22979 2635
22994 272
22994 16689
23003 3890
23003 23897
23006 18775
23035 9642
23035 10349
23038 20283
23042 6006
23042 19763
23042 19766
23042 24170
23049 16675
23056 1583
23056 1585
23056 1586
23056 5964
23056 7015
23056 9203
23056 9887
23056 9896
23056 9971
23056 11572
23056 11574
23056 15134
23056 15521
23056 16119
23056 16120
23056 19349
23056 22919
23056 23845
23056 24763
23075 14493
23075 20422
23075 22394
23076 1931
23076 22394
23081 14755
23081 17026
23081 19413
23081 19417
23082 14750
23082 19417
23085 2829
23085 3122
23085 8030
23085 11745
23085 13106
23085 18038
23085 18775
23086 13106
23086 18612
23087 13106
23087 18612
23088 8030
23088 18775
23098 13786
23099 5272
23099 11231
23099 13326
23099 21551
23099 23094
23099 23097
23114 14784
23115 9855
23127 475
23127 1094
23127 1141
23127 1142
23127 1143
23127 1355
23127 1371
23127 1372
23127 1996
23127 2000
23127 2002
23127 2003
23127 2204
23127 2381
23127 3270
23127 3275
23127 3291
23127 3295
23127 3297
23127 3316
23127 3317
23127 3377
23127 3747
23127 3762
23127 3841
23127 4017
23127 4493
23127 5068
23127 5070
23127 5071
23127 5072
23127 5073
23127 5226
23127 6283
23127 6284
23127 6459
23127 6460
23127 6632
23127 6637
23127 6641
23127 7666
23127 7763
23127 7853
23127 7854
23127 7856
23127 7956
23127 8242
23127 8511
23127 8852
23127 9171
23127 9751
23127 9754
23127 10314
23127 10443
23127 10630
23127 10644
23127 11312
23127 11314
23127 11316
23127 11698
23127 11699
23127 11700
23127 11701
23127 11702
23127 11703
23127 11705
23127 11706
23127 12060
23127 12062
23127 12202
23127 12260
23127 12261
23127 13164
23127 13505
23127 13506
23127 13535
23127 13537
23127 13539
23127 14007
23127 14040
23127 14076
23127 14313
23127 14314
23127 14315
23127 14316
23127 14458
23127 14462
23127 14464
23127 15028
23127 15029
23127 15032
23127 15042
23127 15641
23127 15642
23127 15646
23127 15885
23127 15886
23127 16906
23127 16907
23127 17101
23127 17102
23127 17104
23127 17106
23127 17107
23127 17735
23127 18075
23127 18078
23127 18080
23127 18441
23127 18442
23127 18444
23127 18655
23127 18656
23127 18975
23127 18976
23127 18978
23127 18981
23127 19676
23127 19680
23127 19925
23127 20024
23127 21038
23127 21345
23127 21351
23127 21352
23127 21536
23127 21537
23127 21539
23127 21540
23127 21699
23127 21864
23127 21866
23127 21875
23127 22347
23127 22348
23127 22655
23127 22697
23127 23319
23127 23542
23127 23543
23127 23544
23127 23726
23127 23760
23127 24212
23127 24225
23127 24227
23127 24228
23127 24229
23127 24230
23127 24232
23127 24563
23127 24917
23151 20639
23178 11574
23178 12486
23178 12490
23183 5666
23220 13215
23222 13215
23228 2703
23249 11572
23249 12251
23261 9642
23261 13215
23261 24988
23284 9642
23284 13215
23285 9642
23317 3846
23317 4493
23317 5741
23317 19680
23317 21539
23319 1938
23319 2205
23319 3762
23319 3846
23319 4493
23319 5741
23319 12202
23319 14007
23319 15043
23319 18442
23319 19680
23319 21539
23319 21865
23322 5741
23322 10314
23322 21350
23355 19707
23361 13215
23364 9642
23364 13215
23390 5910
23414 16689
23430 15614
23431 13309
23432 7571
23432 13309
23439 1775
23439 1993
23439 3000
23439 21499
23439 23355
23513 22525
23530 1048
23530 1050
23530 5674
23530 6405
23530 6953
23530 8171
23530 8174
23530 8175
23530 9642
23530 9643
23530 11124
23530 11125
23530 11763
23530 12513
23530 12514
23530 13108
23530 13988
23530 17008
23530 19790
23530 19792
23530 20081
23530 23961
23541 7659
23541 16907
23542 1938
23542 6641
23542 11706
23542 12260
23542 16907
23542 18442
23542 23319
23543 1938
23543 11706
23543 21038
23544 1938
23544 4019
23544 4493
23544 5741
23544 6641
23544 10443
23544 12202
23544 15043
23544 18078
23544 18442
23544 21865
23545 3118
23551 10349
23551 13215
23554 17028
23556 13786
23560 10031
23569 10771
23569 20068
23620 7426
23624 1503
23624 8539
23624 22920
23624 23620
23624 23625
23624 23626
23625 2264
23625 17628
23625 23626
23626 2264
23626 7426
23626 12614
23626 21551
23637 18693
23637 18694
23637 18695
23637 18696
23637 24618
23637 24619
23637 24620
23638 2425
23638 15640
23638 18693
23638 18694
23638 18695
23638 18696
23638 24617
23638 24619
23660 9887
23660 15521
23660 24763
23664 15521
23664 22217
23664 24763
23671 15521
23671 24763
23672 15521
23672 24763
23693 7838
23693 15521
23693 16229
23693 24763
23697 23696
23703 15521
23707 15521
23708 15521
23709 15521
23710 15521
23711 9971
23711 15521
23711 21051
23714 16255
23714 16256
23716 12051
23726 1938
23726 1942
23757 13742
23759 1938
23759 2205
23759 6639
23760 1938
23760 2205
23760 7659
23760 18442
23760 21865
23769 7930
23769 16599
23782 19091
23788 1907
23788 1973
23788 8839
23788 15333
23788 19337
23789 1907
23789 14037
23789 15333
23789 19337
23790 8734
23824 21924
23824 21925
23845 11574
23845 16689
23854 4500
23859 10274
23869 5380
23869 5683
23870 5683
23870 5684
23901 21248
23935 9642
23956 23955
23986 13215
23994 7448
23994 21338
24045 3523
24045 6219
24045 8839
24045 22841
24051 425
24054 4720
24076 5517
24100 19175
24101 9642
24111 14752
24115 9642
24115 10349
24115 13215
24115 24988
24117 9642
24117 10349
24118 9642
24118 10349
24119 13215
24119 24988
24120 10349
24130 1820
24153 24158
24158 24160
24159 18650
24163 6116
24164 6116
24164 12532
24165 15862
24167 2001
24170 23042
24178 7606
24178 14497
24178 16790
24178 16791
24178 20667
24179 2284
24179 2575
24179 7606
24179 7607
24179 16790
24201 9777
24203 23552
24212 2205
24212 4493
24212 18442
24212 21865
24225 1938
24225 2205
24226 1938
24226 6639
24227 1938
24229 2205
24230 1938
24231 1938
24231 2205
24232 2205
24235 24237
24237 13979
24256 2141
24271 3903
24271 23177
24289 12934
24292 1398
24292 5805
24302 16689
24320 15727
24322 24379
24322 24382
24323 24382
24324 23869
24337 9203
24337 11745
24358 9305
24358 20401
24358 20403
24358 20415
24376 2285
24376 2570
24376 5732
24376 7930
24376 9332
24376 11290
24378 1438
24378 5732
24378 7929
24378 9332
24378 17727
24378 17728
24378 24211
24378 24213
24379 1165
24379 2285
24379 6496
24379 7929
24379 7930
24379 9332
24379 16562
24379 16563
24379 17728
24379 24211
24379 24377
24381 2285
24381 5732
24381 7929
24381 7930
24381 9332
24381 17728
24382 1165
24382 2285
24382 5732
24382 6496
24382 7394
24382 7929
24382 7930
24382 9332
24382 16561
24382 16563
24382 17727
24382 17728
24382 24213
24382 24377
24385 15764
24406 8627
24491 11063
24501 21551
24508 24509
24535 15521
24535 24763
24563 6641
24563 10443
24565 1938
24567 1938
24567 21539
24568 7659
24617 3778
24618 3778
24619 3778
24661 2829
24661 13106
24661 18612
24661 18775
24682 1382
24682 5505
24682 5805
24682 6937
24682 7565
24682 9631
24682 9632
24682 9643
24682 10351
24682 10352
24682 13483
24682 13484
24682 14891
24682 15896
24682 15898
24682 16320
24682 19440
24682 19442
24682 19927
24688 10638
24690 1511
24690 4266
24690 6634
24690 8635
24691 1511
24692 8634
24693 1511
24693 2795
24693 4637
24693 7930
24693 8634
24693 8635
24693 10940
24693 16599
24693 19152
24693 22095
24693 24690
24699 11121
24712 12934
24713 12934
24722 19148
24736 20146
24736 23397
24762 7612
24762 9887
24762 9896
24762 20035
24762 20422
24763 9885
24771 21703
24783 13215
24783 24988
24784 9642
24784 10349
24784 13215
24785 10349
24785 13215
24785 24988
24798 7678
24798 12894
24798 23056
24799 2205
24799 7659
24799 13950
24799 23127
24806 11574
24817 13783
24819 12571
24824 7930
24847 9642
24851 12054
24859 2838
24859 12980
24859 16689
24859 20169
24859 21104
24860 556
24860 939
24860 1026
24860 8627
24860 12980
24860 13136
24860 16152
24860 16689
24861 17874
24862 939
24862 1026
24862 16689
24862 18695
24866 14477
24866 18043
24866 19848
24866 19850
24878 42
24878 2286
24878 3283
24878 3284
24878 4441
24878 4872
24878 4874
24878 4986
24878 6413
24878 7118
24878 7225
24878 8626
24878 8798
24878 8801
24878 8802
24878 9385
24878 11127
24878 11487
24878 12509
24878 13929
24878 14334
24878 17700
24878 20397
24878 20953
24878 21776
24878 22155
24878 23094
24882 24178
24883 24178
24883 24179
24899 15846
24901 17028
24905 11572
24912 24379
24912 24382
24915 1938
24915 2205
24915 13950
24915 23127
24917 1938
24917 7659
24918 1938
24918 2205
24918 2469
24918 7659
24918 13950
24918 22055
24920 1143
24920 2469
24920 5741
24920 14460
24920 23127
24920 23542
24921 1938
24921 3846
24921 7659
24921 10629
24921 13950
24921 18078
24921 23127
24923 24924
24924 8839
24924 23139
24927 4231
24927 6246
24935 24936
24937 4682
24978 8735
24978 11086
24978 11505
24978 11537
24978 12514
24978 13106
24978 17028
24978 17520
24978 18859
24978 24114
24987 954
24987 3136
24987 3140
24987 4040
24987 4231
24987 4873
24987 5616
24987 6421
24987 6715
24987 7567
24987 7571
24987 13215
24987 14453
24987 14455
24987 14706
24987 21818
24987 21824
24987 23232
24987 23503
24987 23504
24987 23695
24987 23697
24988 7571
24988 12934
24988 14453
24988 14455
24988 23697
24988 24712
24989 19873
