14 18488
17 9153
19 1165
20 2717
20 2718
20 3457
20 3459
20 7556
20 8784
20 9050
20 9153
20 15615
20 23151
21 18488
23 3803
23 17856
23 22954
38 2849
40 750
41 14
42 9153
71 727
72 71
72 11390
77 22156
101 12207
107 2744
107 2826
107 3917
107 19790
107 21499
107 22689
107 24159
108 13786
112 2849
112 7556
112 9153
140 23640
184 347
184 2251
184 3284
184 5159
184 12490
184 12819
184 13033
184 16689
184 16691
184 16891
184 21104
198 9411
215 13215
217 13215
232 20811
292 13215
343 10349
343 13215
347 184
347 2251
347 3432
347 15640
347 19334
347 22100
425 5184
425 12737
425 15593
432 1938
432 2205
432 3297
432 4019
432 6638
432 7659
432 12207
432 15031
432 19675
432 22055
432 22695
433 6280
433 7659
433 11701
433 12207
433 13950
433 15028
433 18438
433 21537
433 23127
434 2205
434 6280
434 7659
434 10629
434 12207
434 23127
472 1938
472 2205
472 12207
474 101
474 475
474 1094
474 1938
474 1942
474 2205
474 2928
474 3762
474 4493
474 5741
474 6632
474 6637
474 6639
474 6640
474 7727
474 7763
474 8511
474 10314
474 11798
474 12257
474 12259
474 12683
474 13165
474 14495
474 15028
474 15031
474 15042
474 15883
474 15886
474 18438
474 18439
474 21345
474 21350
474 21351
474 21537
474 21540
474 21699
474 21864
474 22347
474 23726
474 24226
474 24230
475 1938
477 21551
479 7992
481 7992
503 425
515 21104
532 184
561 12175
562 11168
640 18155
668 23742
675 7571
675 13485
676 1296
676 1390
676 1762
676 2990
676 3595
676 5674
676 6405
676 7568
676 7571
676 8165
676 8176
676 8930
676 10351
676 11764
676 13483
676 13485
676 14891
676 20413
676 21280
676 21924
676 23530
681 23530
725 2352
725 3828
725 24330
725 24333
727 732
727 2352
727 24333
739 23355
779 1352
779 1353
779 16895
782 10984
812 9642
812 10349
812 24988
813 13215
843 7571
843 13486
843 23530
844 7571
844 13486
844 23530
850 10839
858 3862
858 5910
858 12934
858 13116
858 15862
861 13116
902 13215
912 12379
912 24379
931 18709
939 9505
939 9506
939 19334
945 2309
945 6333
945 23430
957 949
957 950
957 955
966 16675
968 16675
971 10141
972 14477
972 18043
972 22297
973 14477
973 18043
976 11168
1005 3814
1005 6671
1005 6672
1019 15698
1024 9642
1024 10349
1042 5159
1042 21102
1049 13786
1055 11621
1094 1938
1094 12207
1108 1111
1111 11167
1111 11168
1111 16026
1116 11168
1119 20911
1140 1938
1140 2205
1140 12207
1141 474
1141 1938
1141 12207
1141 12683
1141 15031
1141 22695
1142 2205
1142 12207
1143 474
1143 1938
1143 8511
1143 9749
1143 18438
1143 21864
1143 22695
1143 23726
1144 1938
1144 12207
1151 7039
1151 13205
1153 8477
1196 16979
1201 20368
1206 20450
1223 10349
1223 13215
1223 24988
1238 12497
1238 18793
1296 676
1313 10839
1313 21257
1352 19239
1355 1938
1356 474
1356 7659
1356 12207
1356 12683
1356 22695
1356 23319
1359 2276
1371 474
1371 12207
1371 22695
1372 1938
1372 2205
1372 12207
1379 3890
1379 4706
1380 18415
1382 4229
1382 4231
1382 17892
1384 7565
1384 7571
1384 10352
1384 12629
1384 24987
1385 3849
1398 4229
1398 24712
1509 2487
1511 13750
1511 15305
1595 1849
1595 13038
1595 19334
1595 21104
1600 7992
1600 12373
1601 7992
1661 11800
1661 13741
1662 10312
1666 4363
1669 16656
1670 16656
1678 15698
1678 16887
1680 22954
1720 18046
1722 23552
1745 9846
1752 4611
1752 18046
1753 18046
1754 4613
1754 4619
1778 20573
1798 12376
1798 12379
1800 20591
1858 4611
1888 1895
1888 9307
1891 1900
1895 11790
1901 15217
1904 1903
1907 2849
1907 5159
1907 6740
1907 12461
1907 16918
1907 18760
1907 21104
1907 21105
1928 4497
1931 4495
1931 4497
1931 6693
1931 21399
1938 3828
1938 21924
1938 21925
1938 21926
1938 24330
1938 24333
1940 1938
1941 3828
1961 13786
1972 2282
1974 6756
1996 474
1996 1938
1996 3316
1996 4019
1996 8511
1996 18438
1996 21864
1996 22695
2000 474
2000 7659
2000 12207
2002 1938
2002 2205
2002 7659
2002 12207
2003 1938
2003 2205
2003 4019
2003 7659
2003 8511
2018 1741
2060 13215
2066 2251
2066 19334
2073 9642
2073 10349
2073 13215
2073 24988
2101 19863
2131 14560
2141 22954
2141 24256
2144 5017
2155 5017
2193 12733
2203 3814
2203 7566
2203 7569
2203 7571
2203 8839
2203 10347
2203 10349
2203 10352
2203 13485
2203 14497
2203 16320
2203 19927
2203 24682
2203 24988
2204 1938
2204 12207
2205 4259
2205 7956
2205 10740
2205 12202
2205 12207
2205 12683
2205 23726
2210 7571
2242 7440
2251 184
2251 347
2251 2066
2251 2155
2251 2605
2251 2707
2251 3778
2251 15526
2251 15640
2251 17345
2251 20254
2251 23151
2276 1700
2276 1974
2276 5455
2276 15333
2276 15976
2276 21551
2276 21938
2276 23843
2279 2281
2281 12876
2282 24491
2289 16918
2301 8165
2328 12975
2378 1938
2378 2205
2378 12207
2381 7659
2383 9642
2384 474
2384 1094
2384 1141
2384 1143
2384 1938
2384 1996
2384 3295
2384 3377
2384 3762
2384 4019
2384 5741
2384 6639
2384 6641
2384 7659
2384 7763
2384 8511
2384 9749
2384 10314
2384 10644
2384 11314
2384 12207
2384 15028
2384 15031
2384 15042
2384 15643
2384 15646
2384 18438
2384 18439
2384 19680
2384 21351
2384 21537
2384 21864
2384 22695
2384 23319
2384 23726
2384 23855
2385 2205
2385 4019
2385 15031
2385 22695
2398 13786
2424 24355
2453 20057
2461 21003
2469 1938
2469 12207
2472 11574
2472 16228
2487 11903
2501 14293
2545 24978
2547 2865
2547 6333
2547 9267
2547 10986
2558 16675
2562 3814
2562 4635
2562 5805
2562 7571
2562 13486
2562 14455
2562 19441
2562 24987
2562 24988
2570 2827
2570 22905
2570 24376
2575 10274
2595 347
2595 2066
2595 3903
2608 7529
2608 21867
2635 8977
2635 8983
2635 11739
2635 17990
2635 18227
2635 18229
2635 20057
2635 22919
2651 20706
2703 4689
2703 15526
2703 15529
2718 2717
2718 7294
2741 2101
2741 6981
2741 9652
2741 11800
2744 8165
2748 5684
2748 23901
2779 8695
2804 23582
2826 7292
2826 9153
2826 17701
2827 750
2827 2570
2827 2717
2827 2718
2827 7556
2827 9153
2827 9307
2827 17701
2828 2849
2828 7556
2828 17701
2830 7292
2830 9060
2830 9061
2831 18046
2831 22533
2833 7292
2842 8537
2845 13786
2848 2091
2848 13928
2849 11231
2849 13937
2849 18488
2851 6371
2887 7571
2887 10347
2888 10347
2888 13483
2888 13485
2891 10351
2891 10352
2891 13209
2891 13483
2891 13484
2891 24987
2892 7565
2892 7568
2892 7569
2892 10349
2892 10352
2892 13209
2892 13483
2892 13484
2892 24987
2922 12175
2928 12207
2932 4762
2932 7524
2933 16739
2933 16740
2938 7556
2938 9153
2938 15615
2943 18697
2943 21483
2985 23450
2987 9612
2988 13486
2990 676
2990 7571
2990 13486
2993 12975
2997 11168
2998 11168
3003 3002
3004 9642
3005 632
3006 22157
3007 3006
3020 10736
3043 5189
3057 9314
3057 15505
3063 19876
3073 18707
3074 18707
3075 5650
3075 9314
3075 15270
3075 15505
3088 1794
3135 1973
3135 14494
3135 21441
3140 3136
3203 13869
3211 19334
3215 18450
3237 21102
3247 7624
3247 16686
3247 19001
3251 3463
3254 474
3254 3273
3254 4019
3254 22695
3254 23319
3258 474
3258 1938
3258 10630
3258 13950
3258 15040
3258 15552
3258 23127
3258 23319
3258 23726
3270 1938
3270 12207
3272 474
3272 1143
3272 1938
3272 1996
3272 2003
3272 2384
3272 3316
3272 4019
3272 4493
3272 5741
3272 6637
3272 6639
3272 7659
3272 7763
3272 8511
3272 9749
3272 11699
3272 11701
3272 12683
3272 15028
3272 15031
3272 15646
3272 18438
3272 19676
3272 19680
3272 21030
3272 21038
3272 21351
3272 21537
3272 21540
3272 21864
3272 22695
3272 23726
3273 1141
3273 1143
3273 1938
3273 2205
3273 2384
3273 3291
3273 4019
3273 6637
3273 6639
3273 7659
3273 7763
3273 8511
3273 11699
3273 11704
3273 12059
3273 12207
3273 12259
3273 14464
3273 15028
3273 15646
3273 17740
3273 18438
3273 18978
3273 19676
3273 21351
3273 22347
3273 22695
3275 1143
3275 1996
3275 3272
3275 4019
3275 6639
3275 8511
3275 9749
3275 11699
3275 11700
3275 13916
3275 15028
3275 18438
3275 21351
3275 21537
3275 21864
3275 22695
3284 184
3284 18046
3284 18488
3285 7571
3285 14455
3291 474
3291 15031
3291 21864
3292 1938
3292 2205
3292 12207
3295 474
3295 12683
3295 15028
3295 18438
3295 21537
3297 18438
3316 474
3316 6639
3316 6641
3316 8511
3316 9749
3316 10314
3316 15028
3316 15029
3316 15031
3316 15040
3316 15042
3316 18438
3316 18655
3316 18989
3316 19519
3316 21351
3316 21537
3316 21864
3316 23726
3317 474
3317 12207
3364 11824
3376 1938
3377 12683
3383 2943
3383 15606
3384 3381
3387 4611
3387 18043
3388 22297
3389 14477
3389 18043
3389 22297
3390 14477
3390 18043
3390 22297
3523 8165
3523 16675
3523 21102
3523 21104
3544 4403
3595 1119
3605 5491
3605 13786
3609 9060
3609 9061
3609 22785
3611 14455
3619 1938
3619 4019
3619 6280
3619 12207
3619 15552
3619 22055
3621 1938
3621 2205
3621 4019
3621 12207
3621 13950
3625 474
3625 1938
3625 7659
3625 15552
3625 23127
3646 12975
3665 7164
3670 2001
3670 6756
3670 9846
3670 12410
3670 18694
3670 23038
3670 24617
3670 24618
3670 24620
3671 347
3671 2066
3671 7994
3671 8165
3671 8167
3671 10986
3671 17530
3671 18693
3671 18694
3671 18696
3671 24618
3671 24619
3671 24620
3686 3687
3686 4610
3686 18043
3686 18046
3686 18050
3686 22297
3687 4610
3733 24071
3747 7659
3747 12207
3762 12207
3778 347
3778 4497
3778 6003
3778 21012
3803 4136
3803 13786
3803 24712
3808 3804
3808 5455
3808 12175
3808 19742
3808 19743
3814 488
3814 490
3814 949
3814 951
3814 954
3814 957
3814 4229
3814 4231
3814 8788
3814 8790
3814 14455
3814 14707
3814 19926
3814 20841
3841 1938
3841 2205
3841 12207
3842 1938
3842 2205
3846 1938
3852 15698
3856 9846
3859 1678
3859 4829
3859 10118
3859 11915
3859 16887
3859 19232
3891 1024
3891 10349
3891 13215
3902 8734
3903 3814
3903 5159
3903 5867
3903 8165
3903 8784
3903 13033
3903 13038
3903 14649
3903 15102
3903 16686
3903 18046
3903 20450
3903 23038
3903 24158
3903 24159
3903 24160
3908 16686
3909 5159
3926 939
3926 8734
3926 21102
3926 21104
3926 21105
3927 21102
3927 21104
3996 14472
3997 14472
4004 23530
4013 12819
4013 13786
4013 23151
4016 1938
4016 2205
4017 474
4017 1144
4017 1938
4017 4019
4017 8511
4017 12207
4017 12683
4017 22695
4019 474
4019 475
4019 1094
4019 1141
4019 1143
4019 1371
4019 1942
4019 3291
4019 3292
4019 3295
4019 3316
4019 3377
4019 3762
4019 4493
4019 5741
4019 6459
4019 6460
4019 6637
4019 6639
4019 6640
4019 7763
4019 8242
4019 8511
4019 9749
4019 9751
4019 10314
4019 10644
4019 11798
4019 12059
4019 12060
4019 12259
4019 12262
4019 12683
4019 13537
4019 13539
4019 13916
4019 14495
4019 15028
4019 15029
4019 15030
4019 15031
4019 15040
4019 15042
4019 18438
4019 18439
4019 18441
4019 18655
4019 18989
4019 19519
4019 21345
4019 21347
4019 21351
4019 21535
4019 21537
4019 21540
4019 21699
4019 21864
4019 21866
4019 22347
4019 22695
4019 23726
4019 24226
4019 24228
4019 24230
4021 2205
4021 12207
4040 8078
4044 14477
4044 18043
4092 8174
4092 23530
4099 1238
4099 20136
4123 13486
4136 13938
4175 4611
4175 14477
4175 18043
4175 22297
4176 18043
4177 4611
4177 14477
4177 18043
4177 22297
4178 14477
4178 17038
4178 18043
4178 18046
4178 22297
4180 4611
4180 14477
4180 18043
4180 19853
4180 22297
4181 3686
4181 3687
4181 4610
4181 4619
4181 9544
4181 14477
4181 14478
4181 17038
4181 18043
4181 18046
4181 18050
4181 19853
4181 20061
4181 20062
4181 22297
4182 1754
4182 22297
4201 9895
4204 9895
4205 11426
4205 14486
4205 15776
4205 19942
4205 19943
4211 9642
4211 13215
4229 9643
4229 19440
4229 19442
4231 5505
4231 9642
4231 19440
4231 19441
4267 23565
4279 20422
4287 24712
4312 24211
4313 24213
4331 20811
4404 4403
4423 971
4423 12054
4423 14520
4423 15333
4423 15764
4423 15766
4423 21918
4423 21919
4423 22953
4447 7279
4447 8342
4447 11574
4447 16689
4479 13786
4484 22954
4495 4497
4497 203
4498 4497
4522 12710
4531 22525
4536 10979
4536 10984
4541 4914
4605 17727
4610 18046
4614 4610
4633 13486
4634 7571
4635 3814
4635 5505
4635 5805
4635 7565
4635 7567
4635 7568
4635 9642
4635 10347
4635 10348
4635 10349
4635 10352
4635 13209
4635 13483
4635 13485
4635 15185
4635 19441
4635 24987
4635 24988
4639 21948
4644 1048
4644 1119
4644 1296
4644 2990
4644 3422
4644 3638
4644 7565
4644 8171
4644 8173
4644 8174
4644 9253
4644 9643
4644 10349
4644 10352
4644 13485
4644 14886
4644 14891
4644 17756
4644 21925
4644 23957
4644 23961
4647 9353
4672 4674
4672 5697
4689 16675
4706 4708
4706 6693
4706 7572
4706 15698
4707 16675
4709 7572
4723 3006
4723 3007
4739 1903
4739 6003
4739 6005
4739 7417
4761 9642
4767 4484
4768 4770
4865 20256
4866 2251
4866 8165
4866 8168
4872 13786
4873 18046
4903 4768
4939 7569
4939 7571
4939 10347
4939 10348
4939 10349
4939 10352
4939 14293
4939 24988
4940 7571
4940 11822
4940 13486
4986 13786
5010 7992
5021 3808
5025 9895
5026 19183
5027 14486
5027 19183
5027 20706
5067 474
5067 1938
5067 12207
5068 474
5068 2384
5068 4019
5068 12683
5068 22695
5069 474
5069 1938
5069 2384
5069 3316
5069 4019
5069 7659
5069 11312
5069 19675
5069 22695
5070 7659
5071 1938
5071 2205
5071 4019
5071 12207
5071 19675
5072 1938
5072 2205
5072 12207
5073 1938
5073 2205
5073 4019
5073 7659
5073 12207
5073 15031
5074 1938
5076 1938
5076 2205
5076 7659
5076 12207
5087 9642
5091 13786
5125 7992
5126 7992
5140 1938
5140 2205
5140 7659
5140 12207
5140 15552
5140 22055
5159 184
5159 1042
5159 1907
5159 1981
5159 2865
5159 5160
5159 5192
5159 6148
5159 8784
5159 9505
5159 9622
5159 11167
5159 13033
5159 13038
5159 13136
5159 14651
5159 15640
5159 17493
5159 17494
5159 19334
5159 21100
5159 21104
5159 22745
5160 5159
5160 11168
5160 13038
5165 2251
5197 8930
5220 11121
5223 6269
5225 2205
5225 7659
5226 474
5226 1938
5226 4019
5226 22695
5227 474
5227 1938
5227 2384
5227 3316
5227 4019
5227 7659
5227 19675
5227 22695
5229 1938
5229 4019
5230 1938
5230 7659
5232 1938
5232 2205
5232 12207
5233 2205
5233 7659
5239 10954
5240 3859
5256 16675
5256 21104
5334 6003
5342 5340
5412 10312
5413 10312
5420 1938
5420 2205
5420 4019
5420 13950
5420 23127
5423 474
5423 4019
5423 13950
5423 18438
5423 22695
5426 1938
5426 12207
5427 1938
5427 2205
5427 6280
5427 7659
5427 10629
5427 13950
5427 22055
5427 23127
5428 11941
5430 19237
5440 11086
5441 15808
5447 8165
5455 11733
5455 20053
5491 3814
5491 7567
5491 7571
5491 10351
5491 13483
5491 13484
5491 13485
5491 13486
5491 13786
5491 14293
5491 14455
5491 15634
5491 24987
5496 19183
5500 7567
5500 7571
5500 24987
5522 23855
5592 6715
5593 18585
5598 18707
5617 9642
5633 24988
5634 9642
5634 10349
5634 24988
5650 22095
5652 6003
5666 6756
5699 5701
5700 5704
5701 5700
5708 2278
5708 6334
5708 6335
5708 19595
5708 19596
5708 24256
5737 4767
5741 6639
5741 8511
5741 12207
5741 15028
5741 18438
5763 24988
5764 10349
5764 13215
5764 24988
5767 9642
5767 10349
5767 24988
5768 10349
5805 4229
5805 17892
5832 14455
5832 24712
5836 2153
5836 24878
5864 15414
5864 20811
5874 17701
5874 19510
5878 17701
5901 14555
5901 16518
5930 4231
5930 7556
5930 9153
5956 23049
6003 3778
6003 4767
6003 5408
6003 6708
6003 13232
6003 19334
6003 19484
6003 19595
6003 24810
6005 4767
6005 12514
6006 15314
6010 6003
6042 6041
6042 6043
6044 2309
6044 6333
6056 7992
6064 4619
6064 18043
6065 4619
6065 18043
6080 19578
6088 13786
6116 1032
6148 5159
6160 15410
6160 15412
6160 18017
6161 15412
6161 15414
6170 3814
6170 14455
6184 13486
6184 15898
6196 7109
6196 7271
6208 13215
6265 13786
6267 9642
6267 10349
6267 13215
6267 24988
6269 17881
6270 13215
6280 474
6280 1140
6280 1144
6280 1372
6280 2002
6280 2003
6280 2204
6280 2384
6280 3270
6280 3273
6280 3842
6280 4017
6280 4021
6280 5072
6280 5074
6280 5076
6280 6283
6280 6408
6280 7853
6280 7956
6280 9752
6280 10629
6280 10644
6280 10740
6280 11312
6280 11698
6280 12202
6280 12207
6280 12230
6280 13535
6280 14007
6280 14317
6280 14458
6280 14463
6280 15031
6280 15043
6280 15046
6280 15644
6280 15885
6280 15886
6280 16902
6280 16908
6280 17735
6280 18075
6280 18440
6280 18444
6280 18655
6280 18656
6280 18659
6280 18996
6280 21030
6280 21031
6280 21037
6280 21538
6280 22055
6280 22657
6280 22660
6280 22695
6280 23317
6280 23319
6280 23544
6280 23726
6280 24231
6280 24232
6281 474
6281 3273
6281 4019
6281 8511
6281 9749
6281 13950
6281 14316
6281 21864
6281 22695
6281 23127
6283 474
6283 6639
6283 10629
6283 15028
6283 22055
6283 23319
6284 1938
6284 4019
6284 12207
6294 7529
6294 7992
6295 10312
6298 1931
6298 4498
6299 1931
6299 6991
6307 19232
6324 12883
6324 23038
6327 2276
6329 23038
6330 9058
6330 19876
6330 23038
6333 2309
6333 4767
6333 5522
6333 6690
6333 7606
6333 12789
6333 17530
6333 20864
6333 21918
6333 21919
6333 23038
6334 5708
6334 11121
6335 5708
6335 6756
6335 11121
6335 21104
6398 9711
6398 13999
6398 16099
6408 2205
6408 12207
6426 24456
6458 7659
6459 12207
6460 1938
6460 2205
6460 12207
6460 15031
6462 474
6462 1938
6462 7659
6462 8852
6462 10630
6462 12207
6462 13950
6462 15552
6462 23127
6462 24917
6463 13869
6503 22905
6508 474
6508 475
6508 1094
6508 1143
6508 1371
6508 1938
6508 1942
6508 1996
6508 2205
6508 3273
6508 3275
6508 3295
6508 4017
6508 4019
6508 4493
6508 5068
6508 5069
6508 5226
6508 5423
6508 5741
6508 6281
6508 6408
6508 6637
6508 6639
6508 6641
6508 6972
6508 7763
6508 7859
6508 8242
6508 8511
6508 9069
6508 9749
6508 10314
6508 11314
6508 11700
6508 11701
6508 11705
6508 11940
6508 12260
6508 13950
6508 14040
6508 14316
6508 14464
6508 14670
6508 15028
6508 15031
6508 15040
6508 15551
6508 15552
6508 15553
6508 15646
6508 15886
6508 17107
6508 18438
6508 18439
6508 18442
6508 18444
6508 18981
6508 18989
6508 18996
6508 19308
6508 19312
6508 19438
6508 19676
6508 19680
6508 21236
6508 21237
6508 21351
6508 21537
6508 21540
6508 21699
6508 21864
6508 22055
6508 22695
6508 23127
6508 23543
6508 23726
6508 23855
6589 10349
6589 10639
6589 13215
6589 19070
6589 21826
6589 23504
6589 24712
6589 24988
6595 21102
6619 11812
6632 12207
6633 14746
6633 21924
6635 8930
6637 1938
6637 12207
6637 21864
6638 1938
6638 2205
6639 2205
6639 4493
6639 12207
6639 21864
6671 4136
6671 7811
6672 4136
6672 4229
6673 2943
6682 6681
6690 2001
6690 15333
6690 23967
6693 4498
6693 7572
6693 21401
6727 2849
6746 14520
6746 21918
6746 21919
6747 6756
6747 22954
6756 971
6756 3902
6756 6335
6756 8839
6756 10723
6756 11933
6756 12054
6756 12876
6756 15217
6756 15764
6756 15765
6756 15766
6756 15768
6756 19595
6756 20985
6756 21916
6756 21918
6756 21919
6756 22954
6935 17469
6937 9383
6945 6219
6945 6946
6951 6405
6972 1143
6972 2384
6972 3316
6972 4019
6972 7659
6972 11939
6972 12060
6972 12207
6972 15028
6972 18438
6972 21030
6972 21231
6972 22695
6972 24230
6981 6988
6981 10026
6990 4497
6991 4497
6991 16313
6991 18106
6991 18670
6995 4611
6995 14477
6995 18043
6995 19853
6995 20062
6996 4611
6996 18043
6996 22297
6997 14477
6997 18043
6997 22297
6999 7000
6999 14477
6999 18043
6999 20062
7000 4611
7000 14477
7000 17038
7000 18043
7000 22297
7001 14477
7001 18043
7001 22297
7002 3686
7002 4181
7002 4611
7002 14477
7002 18043
7002 22297
7013 13033
7039 858
7039 861
7039 1151
7039 12598
7039 21441
7052 13786
7052 23099
7053 2703
7053 21104
7071 16686
7100 13928
7109 6196
7112 10984
7115 10670
7115 10984
7132 7134
7234 3203
7234 4489
7234 8634
7279 4447
7286 13215
7287 13215
7299 2251
7300 2251
7300 6148
7314 3808
7355 13215
7355 24988
7356 9642
7356 10349
7356 13215
7357 10349
7372 13215
7402 13486
7403 1382
7403 1398
7403 3803
7403 5505
7403 5805
7403 7565
7403 7567
7403 7569
7403 9631
7403 9632
7403 9643
7403 10347
7403 10351
7403 13215
7403 13483
7403 14886
7403 14891
7403 15634
7403 16169
7403 19441
7403 21826
7403 24987
7404 13486
7404 19441
7404 19926
7410 12596
7410 13511
7410 23100
7422 7428
7436 2635
7436 11733
7436 18230
7436 20053
7436 20057
7447 6381
7525 7524
7529 5125
7529 5126
7529 8849
7529 18048
7529 21867
7535 6589
7535 24712
7540 2251
7540 3814
7540 8165
7545 9642
7545 13215
7546 9642
7546 13215
7556 7294
7565 4229
7565 4231
7565 6715
7565 24712
7566 4231
7566 14455
7566 14707
7566 23552
7567 488
7567 4231
7567 4873
7567 6715
7567 8790
7567 10351
7567 23552
7568 3136
7568 13486
7568 23552
7569 3136
7569 4229
7569 13486
7569 14455
7569 24712
7571 490
7571 954
7571 3136
7571 3140
7571 3595
7571 3803
7571 3814
7571 4040
7571 4228
7571 4229
7571 4230
7571 4873
7571 5440
7571 5592
7571 5594
7571 5718
7571 6002
7571 6421
7571 6672
7571 6673
7571 6706
7571 6710
7571 6715
7571 7565
7571 7566
7571 7569
7571 8171
7571 8174
7571 8787
7571 8790
7571 8791
7571 9797
7571 9799
7571 10347
7571 10349
7571 10351
7571 12934
7571 13215
7571 13484
7571 13485
7571 14703
7571 14704
7571 14708
7571 14886
7571 15634
7571 15821
7571 15825
7571 16170
7571 18579
7571 19927
7571 20835
7571 20836
7571 20841
7571 21821
7571 21823
7571 21824
7571 21826
7571 22159
7571 23146
7571 23147
7571 23232
7571 23503
7571 23695
7571 23696
7571 23697
7571 23961
7571 24712
7571 24713
7572 10375
7572 13160
7572 14621
7572 15698
7576 23430
7588 13786
7599 3203
7624 6467
7624 16686
7624 17727
7659 101
7659 472
7659 1094
7659 2204
7659 2928
7659 3292
7659 3297
7659 3316
7659 3376
7659 3762
7659 3841
7659 4016
7659 4017
7659 6460
7659 6632
7659 6638
7659 6639
7659 6641
7659 7664
7659 7666
7659 7956
7659 8242
7659 8511
7659 9754
7659 10314
7659 10443
7659 10644
7659 10739
7659 10740
7659 12060
7659 12062
7659 12257
7659 12260
7659 12261
7659 12683
7659 13165
7659 13537
7659 13539
7659 13913
7659 14007
7659 14040
7659 14076
7659 14495
7659 15028
7659 15029
7659 15031
7659 15032
7659 15040
7659 15042
7659 15043
7659 15044
7659 15642
7659 15643
7659 15883
7659 16906
7659 16907
7659 16908
7659 17735
7659 18438
7659 18441
7659 18442
7659 18655
7659 18656
7659 18659
7659 18989
7659 19519
7659 19677
7659 19679
7659 21347
7659 21350
7659 21535
7659 21536
7659 21538
7659 21699
7659 21864
7659 21865
7659 21866
7659 22347
7659 22697
7659 23317
7659 23319
7659 23322
7659 23726
7659 23855
7659 24225
7659 24226
7659 24227
7659 24230
7664 1938
7664 2205
7664 12207
7664 15031
7666 1938
7666 2205
7666 12207
7678 80
7680 11733
7680 20053
7680 20057
7699 9642
7699 13215
7731 24988
7737 18707
7763 12207
7763 12683
7779 17028
7782 1931
7788 4498
7821 21102
7822 21102
7830 22954
7830 24256
7850 474
7850 12207
7851 474
7851 4019
7851 7659
7851 12207
7851 22695
7852 2205
7852 12207
7852 21537
7853 1938
7853 7659
7853 12207
7854 474
7854 12207
7855 7659
7856 1938
7856 7659
7859 474
7859 1938
7859 2384
7859 3272
7859 3275
7859 3316
7859 4019
7859 5741
7859 6639
7859 8511
7859 8852
7859 11699
7859 12207
7859 12683
7859 14316
7859 15028
7859 15031
7859 15046
7859 15646
7859 16902
7859 18438
7859 18659
7859 21351
7859 21537
7859 21864
7859 22695
7862 10349
7877 20422
7877 22953
7880 7572
7893 4919
7893 13786
7893 15217
7927 14046
7949 10511
7949 15698
7949 20745
7956 1938
7956 12207
7978 20808
7992 15823
7996 2635
7996 8984
7996 11733
7996 18230
7996 20053
8065 22954
8074 13786
8081 24688
8089 9642
8089 13215
8112 17541
8112 22440
8113 17535
8113 17541
8113 22440
8115 17589
8115 22440
8165 2251
8165 3814
8165 3903
8165 5159
8165 7572
8165 7635
8165 7737
8165 9720
8165 10126
8165 11572
8165 11574
8165 12033
8165 12706
8165 13033
8165 13038
8165 13786
8165 13869
8165 16686
8165 19334
8165 20808
8165 22905
8165 23950
8165 24158
8165 24159
8165 24160
8168 3903
8168 5159
8168 7572
8179 16675
8186 13215
8186 24988
8189 20450
8194 18002
8199 4829
8242 474
8242 15028
8242 21537
8242 22695
8342 4447
8342 4829
8342 11915
8342 23640
8415 24428
8416 23509
8429 16675
8436 9642
8436 13215
8437 9642
8442 4611
8477 861
8477 21375
8484 8355
8484 13798
8490 8797
8500 8839
8511 2205
8511 6637
8511 6639
8511 7763
8511 12207
8511 12683
8511 15028
8511 15031
8511 18438
8511 19519
8511 21864
8511 23855
8514 11168
8566 19927
8607 4767
8616 21104
8633 5650
8647 8165
8654 24988
8656 2575
8656 7606
8682 23356
8698 7571
8717 8734
8717 16316
8719 23573
8734 1981
8734 19334
8741 11285
8741 12733
8763 9642
8763 10349
8763 13215
8763 24988
8764 10349
8764 24988
8765 24988
8783 15606
8784 3903
8784 5159
8788 9642
8790 20450
8794 6064
8794 18046
8797 2285
8797 6064
8797 8840
8797 11298
8797 15333
8797 17727
8798 12535
8798 14707
8798 18046
8799 18046
8839 12409
8839 13741
8839 18693
8839 18696
8839 24618
8839 24619
8839 24620
8852 1938
8852 3316
8852 4019
8852 12207
8852 15031
8852 15886
8852 19675
8852 21864
8852 22695
8887 5910
8895 7572
8895 24580
8930 3203
8930 11125
8930 16691
8930 20985
8930 21151
8955 4484
8956 15451
8956 18194
9058 2472
9058 3523
9058 6330
9058 11574
9058 12884
9058 14185
9058 14761
9058 16680
9058 16681
9058 16686
9058 16687
9058 22920
9058 24882
9058 24883
9060 2830
9061 2830
9067 13215
9068 1938
9068 4019
9068 12207
9068 23127
9069 474
9069 12207
9069 13950
9069 22695
9069 23127
9071 1938
9071 13950
9071 23127
9072 1938
9072 2205
9072 7665
9072 12207
9072 13950
9072 15552
9072 19678
9072 20024
9072 22055
9072 23127
9077 13215
9085 10983
9087 12175
9088 7992
9090 347
9145 21104
9153 1166
9153 2285
9153 7294
9153 17727
9171 474
9171 7659
9171 22695
9190 4706
9212 6756
9215 11426
9228 7292
9244 11168
9270 3172
9270 6219
9271 15425
9307 2827
9307 3808
9307 3903
9307 8734
9307 9383
9307 13038
9307 14400
9307 15640
9307 18046
9307 21104
9314 1511
9314 2487
9314 6226
9314 18041
9314 18872
9314 20110
9314 23630
9314 23632
9357 347
9357 18046
9357 20254
9358 21102
9383 2717
9383 2718
9383 3433
9383 3457
9383 9153
9383 22905
9394 5740
9411 11168
9419 21045
9419 21046
9455 13786
9456 13786
9457 20450
9457 20451
9458 10984
9482 11168
9489 9642
9489 10349
9489 13215
9513 8734
9544 4611
9544 18043
9545 18043
9612 16809
9612 16810
9619 5159
9620 2849
9620 19058
9621 107
9621 5159
9621 13038
9621 18488
9621 18529
9622 5159
9622 21102
9622 22745
9631 4229
9631 4231
9632 4229
9642 18859
9642 20450
9653 20911
9700 9538
9724 1938
9724 7659
9724 12207
9724 13950
9724 23127
9728 2205
9728 12207
9728 13950
9728 22055
9735 4739
9746 10925
9747 2276
9748 20020
9749 474
9749 3762
9749 6637
9749 6639
9749 8511
9749 12207
9749 12683
9749 15028
9749 15042
9749 18438
9749 21351
9749 21864
9751 1938
9751 2205
9751 12207
9752 1938
9752 12207
9754 12207
9792 7571
9793 3671
9793 11166
9793 11167
9793 11168
9812 15414
9813 6159
9813 6161
9813 17327
9813 22706
9814 6159
9814 6160
9814 22706
9828 7992
9846 7992
9846 19214
9935 24988
9936 9642
9936 10349
9976 18043
9997 7992
9998 7992
9999 163
9999 6056
9999 12528
9999 14555
9999 15389
9999 16518
9999 21067
10011 21102
10053 22954
10054 203
10054 1931
10054 4498
10054 6333
10054 11371
10054 20751
10072 20057
10091 7992
10094 7992
10123 80
10123 3890
10123 5334
10123 6148
10123 9430
10123 11922
10123 13830
10123 15698
10124 5334
10125 10124
10126 16686
10126 21858
10141 10144
10157 12373
10157 12376
10169 6269
10201 80
10201 5334
10201 6693
10201 7880
10201 13724
10201 15698
10201 20745
10201 20753
10202 10123
10203 18760
10225 18046
10227 18046
10231 10670
10274 2575
10274 12882
10274 22867
10314 12683
10331 3814
10347 3136
10347 4229
10347 4231
10347 6715
10347 20841
10347 24712
10348 4229
10348 14455
10348 14707
10348 23552
10348 24712
10349 4231
10349 8790
10349 13786
10349 14455
10349 14707
10349 20841
10351 3136
10351 3814
10351 4229
10351 4231
10351 8788
10351 14707
10351 24713
10352 3136
10352 4229
10352 6715
10353 1972
10375 15698
10397 9642
10397 10349
10397 13215
10398 9642
10398 10349
10398 24988
10401 2066
10401 13786
10418 13786
10418 15634
10443 1938
10443 2205
10497 1196
10497 8165
10497 9455
10507 7571
10507 23530
10508 7571
10508 13486
10508 23530
10509 15698
10511 7572
10533 11576
10560 4423
10560 15690
10560 21919
10600 18139
10608 3237
10608 3523
10608 21100
10623 21104
10629 474
10629 2002
10629 2205
10629 4017
10629 4019
10629 5074
10629 6408
10629 8511
10629 9752
10629 12207
10629 14316
10629 14317
10629 15031
10629 15886
10629 16902
10629 16908
10629 17735
10629 18075
10629 18659
10629 21030
10629 21031
10629 21037
10629 21864
10629 22695
10629 23317
10629 23726
10630 1938
10630 2205
10630 3316
10630 4019
10630 4493
10630 12207
10630 16908
10639 7403
10639 21902
10639 24712
10644 1938
10644 2205
10644 3316
10644 22695
10666 10979
10670 4674
10670 7115
10670 7118
10670 15018
10704 23845
10739 1938
10739 12207
10740 12207
10815 9307
10839 14555
10839 17870
10869 3041
10869 10870
10869 10871
10871 8165
10916 732
10916 2283
10916 13936
10916 16871
10916 17028
10950 13215
10950 24988
10978 10984
10979 10978
10986 80
10986 3859
10986 4829
10986 8165
10986 8537
10986 9123
10986 11574
10986 13232
10986 13608
10986 14761
10986 16887
10986 19232
10986 20811
11027 9642
11028 13215
11038 17838
11049 3814
11079 6756
11079 10839
11081 4423
11086 3778
11086 11621
11090 3278
11121 1974
11121 20795
11122 727
11123 10839
11140 14249
11166 11168
11167 1111
11167 11168
11168 1111
11168 9244
11168 11166
11168 11167
11168 13097
11168 19317
11201 750
11215 22528
11229 11086
11229 22953
11253 10141
11257 10141
11276 7893
11282 12975
11284 15808
11285 20958
11290 18046
11290 21104
11291 12975
11298 18043
11310 14472
11311 12733
11311 15826
11311 20068
11311 21867
11312 474
11312 1938
11312 2205
11312 3291
11312 6637
11312 6641
11312 8511
11312 12207
11312 12683
11312 14076
11312 15040
11312 15042
11312 15646
11312 21351
11312 21537
11312 21864
11312 23319
11312 23726
11312 23855
11314 474
11314 4019
11314 12683
11314 22695
11315 474
11315 12207
11316 1938
11326 16686
11326 20256
11327 20317
11331 20256
11351 17753
11365 13215
11369 18155
11379 3814
11379 7571
11379 11384
11379 19441
11380 1398
11380 3803
11380 7565
11380 7569
11380 9631
11380 9643
11380 13483
11380 14293
11380 19926
11382 7571
11384 5805
11384 6616
11384 7571
11384 13485
11384 24987
11390 2282
11399 10349
11399 13215
11409 10349
11426 18884
11426 19004
11510 2282
11511 11510
11538 13486
11540 107
11540 954
11540 956
11540 957
11540 1048
11540 6633
11540 13309
11540 14746
11540 19214
11540 19307
11540 21007
11540 21499
11540 21925
11541 7529
11567 12490
11567 16689
11572 2827
11572 5160
11572 9411
11572 12487
11574 2472
11574 9058
11574 12733
11574 18128
11574 19004
11574 20808
11574 23038
11576 10533
11576 16686
11585 3859
11585 4829
11585 5240
11585 8342
11585 9388
11585 9869
11585 10986
11585 11893
11585 11915
11585 11918
11585 13833
11585 19232
11585 21127
11585 23546
11614 14879
11621 1055
11621 5086
11638 23513
11654 17345
11662 12175
11663 18043
11663 22297
11664 3686
11664 4610
11664 14477
11664 18043
11664 18046
11664 22297
11665 18043
11665 18046
11665 22297
11678 4672
11698 1938
11698 2205
11698 7659
11699 474
11699 4019
11699 5741
11699 6639
11699 7763
11699 8511
11699 12207
11699 15028
11699 15031
11699 18438
11699 21351
11699 21864
11699 22695
11699 23726
11700 474
11700 2384
11700 4019
11700 8511
11700 14463
11700 19675
11700 21864
11700 22695
11701 474
11701 2384
11701 3316
11701 4019
11701 4493
11701 7659
11701 8511
11701 11312
11701 19675
11701 21864
11701 22695
11702 2205
11702 7659
11703 1938
11703 12207
11704 474
11704 4019
11704 22695
11705 474
11705 1938
11705 4019
11705 12207
11705 22695
11706 474
11706 7659
11707 13215
11732 2635
11732 11733
11732 20053
11732 20057
11733 2635
11733 8976
11733 11739
11733 11740
11733 17990
11733 18227
11733 18229
11733 20053
11733 20057
11733 22919
11744 9153
11745 18228
11745 20053
11745 20057
11746 7556
11746 9153
11747 13786
11758 11760
11776 9895
11798 1938
11798 12207
11822 3814
11822 7565
11822 7566
11822 7569
11822 10347
11822 10348
11822 10352
11822 13483
11822 14293
11822 24987
11822 24988
11824 8839
11824 15925
11824 19236
11827 4939
11827 7571
11827 14455
11842 7208
11842 20811
11880 11884
11880 20450
11881 19533
11884 11880
11915 4829
11918 4829
11922 10312
11922 15698
11930 10312
11935 6280
11935 12207
11935 23127
11936 474
11936 1938
11936 12207
11936 13950
11936 22695
11938 2205
11938 4019
11938 12207
11938 13950
11938 23127
11939 474
11939 2384
11939 3272
11939 3273
11939 3275
11939 4019
11939 7659
11939 7859
11939 8511
11939 9749
11939 14316
11939 15031
11939 19675
11939 21351
11939 21864
11939 22695
11939 23127
11940 474
11940 1144
11940 2384
11940 3272
11940 4019
11940 7659
11940 8511
11940 11699
11940 12207
11940 12683
11940 13950
11940 14463
11940 18438
11940 22695
11943 11824
11993 3903
12004 12008
12030 12976
12052 22905
12059 474
12059 1938
12059 12207
12060 474
12060 1938
12060 6641
12060 12207
12060 15031
12062 1938
12066 16026
12066 19441
12068 5239
12110 7402
12110 18697
12110 19658
12118 10984
12134 18046
12135 18043
12149 12148
12175 561
12175 7822
12175 19743
12202 1938
12207 12202
12215 10979
12215 10984
12216 6756
12216 10984
12217 6003
12217 10979
12217 10984
12217 24462
12230 1938
12230 7659
12249 12839
12257 15028
12258 1938
12258 12207
12259 1938
12259 8511
12259 21864
12260 1938
12260 2205
12260 12207
12261 1938
12261 12207
12262 2205
12262 15031
12338 203
12338 4498
12364 1822
12364 19334
12374 24379
12376 1165
12376 2285
12376 10157
12376 12379
12376 24379
12376 24383
12377 24379
12379 1164
12379 7394
12379 24213
12379 24379
12379 24382
12389 12390
12389 17216
12393 9642
12393 13215
12410 3778
12461 8783
12461 19334
12485 21104
12486 13786
12487 11572
12487 16686
12490 11567
12500 10349
12500 13215
12500 24988
12501 7571
12501 12629
12501 13486
12501 14913
12511 15333
12514 7593
12535 8783
12540 9642
12540 13215
12540 24988
12544 6003
12544 6005
12545 21104
12562 9676
12598 7039
12598 7613
12598 10925
12598 16802
12598 20513
12598 24682
12600 7613
12600 13786
12600 19168
12600 21104
12600 24682
12629 6673
12629 7566
12629 7567
12629 7568
12629 7569
12629 10348
12629 10349
12629 10351
12629 13483
12629 13485
12629 14886
12629 24094
12629 24987
12629 24988
12683 1938
12683 21864
12686 909
12686 7164
12706 16686
12715 13215
12730 7572
12733 1182
12733 1206
12733 2826
12733 3814
12733 5447
12733 8165
12733 8167
12733 9267
12733 9411
12733 9642
12733 9777
12733 11311
12733 11574
12733 11576
12733 11978
12733 12472
12733 12819
12733 14919
12733 14920
12733 16689
12733 18039
12733 18041
12733 20229
12733 20620
12733 20958
12733 21805
12733 22745
12733 22826
12744 6756
12744 11511
12745 4689
12771 18043
12841 7571
12876 2281
12876 6756
12876 11121
12876 19876
12876 23038
12882 10274
12883 2575
12883 7606
12883 14497
12883 20667
12885 7606
12885 16791
12885 20667
12886 10274
12890 4739
12891 4739
12932 22954
12975 2605
12975 2993
12975 5125
12975 5128
12975 7529
12975 7990
12975 7991
12975 9959
12975 9961
12975 9963
12975 12977
12975 20573
12976 7992
12976 9963
12976 12975
12977 12975
12980 8734
12989 14097
13032 13215
13033 184
13033 1981
13033 3671
13033 3778
13033 5159
13033 11167
13033 11168
13033 13038
13033 15640
13033 19334
13033 20450
13033 22745
13034 3808
13038 5159
13038 5160
13038 9307
13038 11168
13038 13033
13038 22745
13072 11298
13072 13356
13072 17728
13072 18046
13072 18047
13074 5732
13074 8840
13074 11298
13074 17727
13074 18047
13074 24213
13097 11168
13097 17556
13106 2849
13106 9153
13108 1382
13108 5674
13108 7565
13108 8416
13108 10349
13108 12325
13108 12501
13108 13358
13108 13483
13108 19223
13108 19340
13108 23530
13108 24987
13130 10274
13136 6371
13146 347
13146 2849
13149 11276
13149 11824
13150 11276
13164 2205
13164 12207
13165 12207
13184 9642
13184 10349
13184 24988
13205 3828
13205 4913
13209 4229
13209 23552
13220 12883
13225 18706
13232 4484
13232 6003
13232 20811
13265 1903
13265 1904
13303 13299
13323 1569
13389 7571
13389 13486
13389 23530
13456 13591
13456 17985
13456 22953
13483 3136
13483 4229
13483 4231
13483 23552
13483 24712
13484 4229
13484 4231
13484 23552
13485 488
13485 3136
13485 3595
13485 3814
13485 4040
13485 6421
13485 13483
13485 14455
13485 14707
13485 15634
13485 15822
13485 23552
13486 488
13486 489
13486 490
13486 949
13486 956
13486 1722
13486 3140
13486 3803
13486 4232
13486 4872
13486 4873
13486 5592
13486 5616
13486 6002
13486 6421
13486 6673
13486 6706
13486 6713
13486 8074
13486 8171
13486 8173
13486 8175
13486 8787
13486 8788
13486 8790
13486 8791
13486 9777
13486 9797
13486 9798
13486 10347
13486 10349
13486 10352
13486 12934
13486 13483
13486 13484
13486 13485
13486 14293
13486 14708
13486 14713
13486 14886
13486 14891
13486 15634
13486 17008
13486 18579
13486 19926
13486 19927
13486 20397
13486 20835
13486 20841
13486 21821
13486 21826
13486 23232
13486 23504
13486 23696
13491 14137
13491 19462
13491 19463
13492 14137
13492 19462
13492 19463
13493 19462
13494 14137
13494 19462
13500 474
13500 1938
13500 12207
13505 1938
13505 2205
13506 1938
13506 2205
13506 7659
13509 1760
13520 15861
13520 18228
13535 1938
13535 2205
13535 18438
13539 12207
13546 19239
13555 15276
13562 9895
13608 10986
13649 24005
13670 16724
13718 6116
13718 10725
13724 1114
13724 7572
13724 16301
13741 3603
13742 12379
13786 1168
13786 5271
13786 5594
13786 6466
13786 8779
13786 9643
13786 12711
13786 18579
13786 21452
13786 21499
13786 22158
13786 23696
13787 2282
13827 15698
13833 22950
13875 13215
13913 2205
13913 12207
13913 15028
13916 474
13916 1938
13916 2205
13916 8511
13916 12207
13916 15031
13916 21864
13916 22695
13929 4672
13934 20075
13950 101
13950 472
13950 474
13950 475
13950 1094
13950 1140
13950 1141
13950 1143
13950 1355
13950 1356
13950 1371
13950 1372
13950 1996
13950 2000
13950 2003
13950 2378
13950 2381
13950 2384
13950 2928
13950 3270
13950 3275
13950 3291
13950 3292
13950 3295
13950 3316
13950 3376
13950 3377
13950 3540
13950 3762
13950 3841
13950 3842
13950 4016
13950 4017
13950 4259
13950 4493
13950 5068
13950 5069
13950 5070
13950 5072
13950 5073
13950 5074
13950 5076
13950 5226
13950 5229
13950 5230
13950 5232
13950 5233
13950 5741
13950 6283
13950 6284
13950 6458
13950 6459
13950 6632
13950 6638
13950 7664
13950 7763
13950 7850
13950 7852
13950 7853
13950 7855
13950 7859
13950 8511
13950 9751
13950 9752
13950 9754
13950 10314
13950 10629
13950 10630
13950 10644
13950 10739
13950 11312
13950 11314
13950 11699
13950 11700
13950 11701
13950 11702
13950 11703
13950 11704
13950 12060
13950 12062
13950 12202
13950 12230
13950 12258
13950 12259
13950 12260
13950 12683
13950 13164
13950 13165
13950 13500
13950 13505
13950 13506
13950 13535
13950 13537
13950 13539
13950 13916
13950 14007
13950 14040
13950 14076
13950 14312
13950 14313
13950 14316
13950 14317
13950 14459
13950 14460
13950 14461
13950 14466
13950 14467
13950 15028
13950 15029
13950 15030
13950 15031
13950 15032
13950 15040
13950 15042
13950 15641
13950 15643
13950 15644
13950 15646
13950 15885
13950 15886
13950 16237
13950 16902
13950 16908
13950 17101
13950 17102
13950 17103
13950 17104
13950 17107
13950 17108
13950 17740
13950 18078
13950 18080
13950 18438
13950 18444
13950 18655
13950 18656
13950 18981
13950 18989
13950 19519
13950 19676
13950 19679
13950 19680
13950 19925
13950 20539
13950 21032
13950 21033
13950 21037
13950 21349
13950 21350
13950 21351
13950 21536
13950 21537
13950 21539
13950 21540
13950 21699
13950 21864
13950 21875
13950 22348
13950 22654
13950 22655
13950 22658
13950 22660
13950 22697
13950 23322
13950 23542
13950 23543
13950 23544
13950 23726
13950 23759
13950 23760
13950 23855
13950 24212
13950 24225
13950 24226
13950 24227
13950 24228
13950 24229
13950 24230
13950 24231
13950 24232
13950 24563
13950 24565
13950 24567
13954 9642
13954 13215
13964 8788
14010 7893
14027 1896
14031 18529
14032 3903
14037 13786
14037 21105
14039 6756
14039 19871
14039 19876
14040 474
14046 10983
14053 9642
14053 13215
14076 474
14076 1938
14076 4019
14076 12207
14076 19675
14076 22695
14093 3903
14094 1778
14097 5159
14112 23390
14119 6219
14123 14
14123 17701
14193 24988
14197 9642
14197 10349
14198 9642
14198 24988
14236 12376
14236 24379
14237 12376
14239 24379
14248 14439
14248 19876
14248 22528
14248 23038
14249 12883
14249 18089
14249 22528
14249 24178
14250 5361
14262 21842
14262 24550
14293 4136
14293 4231
14293 6715
14293 14707
14312 474
14313 1938
14313 2205
14313 4019
14313 12207
14314 474
14314 4019
14314 7659
14314 12207
14315 1938
14315 7659
14316 474
14316 1143
14316 1938
14316 1996
14316 2384
14316 3272
14316 3273
14316 3275
14316 3316
14316 4019
14316 4096
14316 4493
14316 6639
14316 7659
14316 7763
14316 8511
14316 9749
14316 11312
14316 11699
14316 12207
14316 15028
14316 15031
14316 18438
14316 19675
14316 21030
14316 21351
14316 21537
14316 21864
14316 22695
14316 24230
14317 1938
14317 2205
14317 3316
14317 7659
14318 3671
14328 13215
14328 24988
14329 10349
14330 9642
14330 13215
14331 9642
14331 13215
14331 24988
14334 2091
14334 2849
14334 13928
14380 1938
14380 7659
14380 22055
14380 23127
14393 21858
14432 15822
14439 14248
14453 14707
14455 489
14455 490
14455 3611
14455 3924
14455 4230
14455 5440
14455 5589
14455 5594
14455 5616
14455 6710
14455 8788
14455 8790
14455 11260
14455 14293
14455 14453
14455 14703
14455 16170
14455 19495
14455 19926
14455 20835
14455 21819
14455 21820
14455 21821
14455 21823
14455 21826
14455 23503
14455 24987
14458 1938
14458 7659
14459 474
14459 1938
14459 7659
14459 12207
14460 474
14460 1938
14460 12207
14461 2205
14461 12207
14462 1938
14462 2205
14462 4019
14462 19675
14463 1143
14463 1938
14463 4017
14463 7659
14463 12207
14463 15028
14463 21351
14464 474
14464 4019
14464 12207
14464 14463
14464 22695
14466 2205
14467 12207
14477 1752
14477 1753
14477 1754
14477 3687
14477 3688
14477 4613
14477 4616
14477 4617
14477 4618
14477 4619
14477 6065
14477 8442
14477 9545
14477 9976
14477 11298
14477 14490
14477 15333
14477 18047
14477 18048
14477 22010
14477 22296
14478 14477
14478 15333
14478 18043
14478 22297
14480 23709
14482 14486
14485 9895
14486 12872
14486 14480
14486 14487
14486 14489
14486 15375
14486 19183
14486 21048
14486 21052
14486 21053
14486 21057
14489 20706
14490 18043
14490 22297
14495 12207
14517 18043
14520 4423
14520 6746
14524 13215
14525 9642
14539 13038
14539 21104
14542 10027
14555 5901
14649 17627
14649 17628
14649 23845
14651 5159
14651 8734
14651 21102
14652 21104
14664 9642
14664 10349
14664 24988
14670 474
14670 1938
14670 2384
14670 3273
14670 3316
14670 4019
14670 13950
14670 19675
14670 22695
14670 23127
14671 474
14671 12207
14672 1938
14672 2205
14672 12207
14672 13950
14673 2205
14673 6280
14673 10629
14673 12207
14673 13950
14673 15552
14673 22055
14674 1938
14674 12207
14674 13950
14696 5318
14698 18228
14698 20057
14700 2635
14700 11733
14700 18228
14701 8984
14701 20053
14702 8984
14702 11733
14702 18046
14702 18230
14702 20053
14749 7560
14749 7561
14761 4829
14863 9642
14878 10124
14886 2943
14886 24712
14891 2943
14891 6715
14909 9642
14925 8930
14941 9642
14941 13215
14941 24988
14961 11168
14964 779
14985 13215
15005 22954
15010 9190
15023 5189
15028 2205
15028 4493
15028 7763
15028 10314
15028 12683
15028 15031
15028 18439
15028 21864
15028 23726
15029 1938
15029 2205
15029 12207
15030 1938
15030 12207
15031 1938
15031 3377
15031 6637
15031 6639
15031 7763
15031 12207
15031 21864
15031 22347
15031 23726
15032 2205
15032 12207
15032 15028
15040 4493
15040 12207
15040 24230
15042 1938
15042 2205
15042 4493
15042 8511
15042 15031
15042 21864
15042 24212
15043 2205
15044 2205
15046 1938
15052 21104
15076 22994
15078 13555
15078 16028
15078 24071
15102 3903
15134 20911
15162 4605
15217 1032
15217 1901
15217 4739
15217 6756
15217 7893
15235 9642
15235 13215
15269 20
15269 2827
15269 9153
15269 9383
15269 14123
15269 17701
15269 18003
15269 24878
15276 425
15276 1644
15276 5184
15326 13486
15326 14455
15326 15891
15326 19441
15327 4767
15327 7571
15327 14455
15327 15898
15328 7571
15328 13486
15328 14455
15328 15898
15329 3814
15329 4767
15329 14455
15329 19441
15330 7571
15330 14455
15330 15891
15330 15898
15333 2276
15333 4423
15333 18043
15339 20706
15410 16747
15410 18650
15410 22706
15411 16747
15411 17327
15411 22706
15414 15412
15444 7571
15444 13486
15461 15462
15463 19334
15502 20111
15503 20111
15504 9314
15505 9314
15505 18872
15518 13786
15526 2703
15550 7659
15550 15552
15550 23127
15551 474
15551 2384
15551 3272
15551 4019
15551 8511
15551 11699
15551 12683
15551 13950
15551 14316
15551 15031
15551 21537
15551 21864
15551 22695
15551 23127
15552 1938
15552 2000
15552 2205
15552 2384
15552 3316
15552 3317
15552 3841
15552 4016
15552 4017
15552 5070
15552 5073
15552 5076
15552 6280
15552 6408
15552 9754
15552 10443
15552 10629
15552 10644
15552 11698
15552 12207
15552 12230
15552 12259
15552 12260
15552 12683
15552 13539
15552 13913
15552 15032
15552 15046
15552 16902
15552 16906
15552 17740
15552 18444
15552 18659
15552 18996
15552 21037
15552 21352
15552 21538
15552 22055
15552 22348
15552 22654
15552 23726
15552 24230
15553 1938
15553 3316
15553 4019
15553 12207
15553 22695
15553 23127
15556 474
15556 7659
15556 15028
15556 22695
15556 23127
15620 9642
15620 13215
15620 24988
15627 15698
15640 347
15640 2251
15641 1938
15641 12207
15642 1938
15642 4019
15642 12207
15642 19675
15643 2205
15643 4019
15643 12207
15643 22695
15644 1938
15644 2205
15644 18438
15646 474
15646 3316
15646 4019
15646 7659
15646 8511
15646 12207
15646 15028
15646 18438
15646 21864
15646 22695
15677 22181
15677 23355
15689 13718
15692 13718
15698 80
15742 562
15742 15919
15764 1070
15764 6756
15764 23038
15776 14489
15793 20450
15796 15795
15830 24381
15832 7606
15837 13658
15854 11824
15855 11276
15859 13999
15859 15862
15859 20573
15859 20794
15859 21925
15859 21926
15860 1938
15860 19862
15861 1353
15861 20637
15861 20638
15862 13205
15883 12207
15885 2205
15886 1938
15886 2205
15886 12207
15891 4229
15891 4231
15891 7568
15891 8788
15891 11380
15891 13358
15891 18170
15891 23146
15891 23504
15891 24987
15895 4229
15895 7571
15895 15891
15896 7571
15896 11380
15896 15891
15898 4228
15898 4229
15898 4230
15898 5718
15898 7565
15898 7568
15898 8788
15898 8789
15898 11379
15898 11380
15898 13483
15898 15891
15898 15895
15905 9642
15906 10349
15918 19334
16001 17345
16013 1938
16013 2384
16013 4019
16013 7659
16013 12207
16013 13950
16013 19675
16026 23355
16028 23355
16028 23356
16085 10349
16085 13215
16085 24988
16087 9642
16087 10349
16087 13215
16087 24988
16123 8344
16155 21104
16165 3918
16176 9642
16176 10349
16176 24988
16186 474
16186 12207
16186 13950
16186 23127
16188 1938
16188 10629
16188 12207
16188 13950
16228 20450
16237 2205
16237 12207
16295 23742
16303 22954
16320 13485
16320 13486
16320 15898
16346 1935
16346 1975
16346 8784
16346 15339
16346 23843
16416 10349
16416 24988
16417 9642
16417 10349
16417 24988
16418 13215
16418 24988
16419 9642
16419 24988
16490 4689
16494 3809
16515 5737
16515 8796
16516 9153
16516 10030
16518 5901
16518 10274
16518 19986
16553 1778
16567 4783
16567 12066
16567 15640
16567 19334
16567 21672
16576 2849
16576 10984
16576 11276
16576 16675
16576 23952
16578 8735
16578 10984
16578 11276
16578 15606
16578 21105
16578 23952
16586 24988
16587 13215
16587 24988
16599 5650
16622 477
16637 17701
16637 19334
16666 23079
16675 966
16675 968
16675 2558
16675 3237
16675 3523
16675 3778
16675 4689
16675 4707
16675 5256
16675 7700
16675 7788
16675 8179
16675 8429
16675 8837
16675 9145
16675 9764
16675 9793
16675 11171
16675 12891
16675 15846
16675 16155
16675 16689
16675 16775
16675 19228
16675 19763
16675 19766
16675 19790
16675 20422
16675 20566
16675 20797
16675 20997
16675 21375
16675 21440
16675 21672
16675 22953
16675 23075
16680 16686
16686 11576
16686 12706
16686 16680
16686 20230
16686 21860
16686 22557
16687 14758
16689 184
16689 11567
16689 16675
16722 14555
16772 13215
16772 24988
16775 18693
16775 18694
16775 18696
16776 12410
16776 18696
16776 24617
16776 24618
16776 24620
16783 23430
16784 945
16784 2309
16784 21280
16789 16675
16796 6265
16796 13786
16796 24878
16797 13786
16800 24322
16800 24379
16801 12379
16801 24379
16802 15860
16802 20637
16809 22156
16809 23138
16809 23139
16887 80
16887 7678
16891 184
16891 6064
16891 18046
16891 20450
16902 1938
16902 2205
16902 12207
16907 12207
16907 22695
16908 12207
16908 15040
16912 3849
16918 3902
16918 4689
16918 9622
16918 17990
16918 23177
16941 13215
16949 4445
16949 11574
16960 23530
16965 23099
16979 16976
16979 23640
16987 24379
16988 16563
16990 12376
17028 11511
17034 14477
17034 18043
17035 4611
17035 18043
17035 22297
17036 18043
17036 22297
17037 4610
17037 14477
17037 18043
17037 22297
17038 973
17038 3686
17038 4610
17038 4612
17038 18043
17038 18046
17038 18050
17038 19853
17038 22297
17039 4611
17039 14477
17039 18043
17039 19853
17039 20062
17039 22297
17040 4611
17040 22297
17041 4610
17041 14477
17041 19853
17042 19853
17042 20062
17043 477
17054 3814
17054 13485
17054 13486
17054 24682
17059 10349
17059 13215
17059 24988
17065 10349
17078 6333
17101 1938
17101 10629
17101 12207
17102 474
17102 12207
17103 7659
17104 4019
17104 11312
17104 19675
17104 22695
17106 2205
17106 7659
17106 12207
17107 474
17107 2384
17107 3273
17107 4019
17107 8511
17107 12683
17107 14463
17107 22695
17108 2205
17108 7659
17108 12207
17114 9895
17116 9895
17162 17165
17162 17167
17162 17168
17164 17167
17165 17163
17165 17167
17165 17168
17168 17167
17184 8129
17222 7992
17253 3595
17253 13486
17324 1238
17327 15414
17345 2251
17349 5876
17349 21469
17349 24807
17358 957
17385 350
17405 1695
17414 7571
17414 13486
17414 14455
17454 11261
17478 10349
17478 10352
17478 13486
17478 19442
17478 19927
17490 1741
17493 939
17494 19334
17529 12975
17530 3778
17530 13741
17530 20276
17530 21105
17575 9642
17575 21441
17580 10984
17589 7017
17589 13815
17589 14832
17589 14833
17589 17539
17589 17540
17589 17543
17598 9642
17598 13215
17598 24988
17600 24988
17603 1005
17603 9846
17623 18529
17627 20706
17650 22954
17676 10349
17676 13215
17700 7571
17700 13486
17701 1164
17701 2717
17701 2718
17701 5930
17701 7294
17701 7556
17701 9050
17701 9153
17701 11859
17701 13106
17701 17727
17701 18771
17701 19061
17701 23151
17735 2205
17735 12207
17740 12207
17825 17822
17838 12733
17857 13786
17870 7992
17870 12975
17892 7566
17892 7571
17892 13485
17892 19440
17892 19442
17892 19927
17892 24988
17904 14696
17918 7992
17921 15606
17954 24988
17985 12596
18002 747
18002 8194
18002 24133
18017 3122
18043 1750
18043 1752
18043 1753
18043 1754
18043 4610
18043 4612
18043 4614
18043 4616
18043 4617
18043 4618
18043 4619
18043 8442
18043 18046
18043 18047
18043 18048
18043 18049
18043 18050
18043 18051
18043 18052
18046 2831
18046 4873
18046 9307
18046 11290
18046 16028
18046 20450
18046 21280
18046 22533
18049 18046
18050 1753
18050 4610
18075 2205
18075 12207
18078 7659
18080 1938
18080 2205
18084 14486
18084 19183
18105 16313
18107 80
18111 20
18111 40
18111 2717
18111 2718
18111 2827
18128 8953
18128 11574
18128 21214
18144 9777
18150 13215
18155 5159
18155 6371
18155 21100
18164 7571
18164 11380
18188 1904
18188 4739
18194 4484
18211 20450
18228 8976
18228 8977
18228 8983
18228 11740
18228 18227
18228 22919
18228 23798
18230 17990
18252 21104
18285 7571
18285 13486
18286 7571
18288 80
18288 5334
18288 15698
18288 16887
18325 1938
18325 2205
18325 12207
18325 13950
18328 9642
18328 13215
18370 1752
18370 17727
18415 24100
18438 1938
18438 4493
18438 6638
18438 6641
18438 12207
18438 12683
18438 15031
18438 18439
18438 21864
18439 12683
18440 2205
18440 12207
18441 1938
18441 12207
18444 1938
18444 2205
18444 12207
18450 1928
18450 1931
18450 11371
18450 13869
18488 3284
18521 15860
18528 18529
18529 1108
18529 1111
18529 1117
18529 8514
18529 9396
18532 23903
18550 3778
18550 7568
18550 7571
18550 13483
18550 13486
18568 3814
18581 10604
18585 6916
18629 12976
18650 19441
18655 1938
18655 2205
18655 12207
18656 1938
18656 2205
18659 2205
18659 21864
18670 1931
18670 4497
18694 3778
18707 4638
18708 19595
18717 169
18760 7225
18760 10203
18760 14660
18765 1382
18765 3814
18765 7566
18765 9643
18765 10347
18765 10349
18765 10351
18765 10352
18765 13485
18765 18767
18765 19440
18765 19442
18765 24987
18765 24988
18766 7571
18766 13486
18767 7571
18767 13486
18767 14455
18768 13486
18805 474
18805 7659
18805 12207
18805 13950
18805 15552
18805 23127
18806 1938
18806 12207
18806 13950
18806 23127
18815 9642
18821 18824
18823 11224
18824 1762
18824 11227
18851 7439
18852 5271
18859 3140
18859 6673
18859 7565
18859 7571
18859 9642
18859 9792
18859 10349
18859 10352
18859 13209
18859 13484
18859 13485
18859 14886
18859 19926
18859 24988
18881 18884
18882 18884
18899 22155
18917 22954
18920 19594
18920 19595
18920 21399
18920 22954
18926 5318
18975 2205
18975 7659
18976 2205
18976 12207
18978 474
18978 4019
18978 22695
18979 3316
18979 4019
18979 7659
18979 12207
18981 474
18981 6639
18981 8852
18981 12207
18981 15028
18981 18438
18981 22695
18989 1938
18996 1938
18996 2205
19001 21551
19004 19183
19008 18428
19009 18428
19058 20256
19058 23410
19059 12544
19059 21104
19129 8190
19139 1778
19197 6003
19213 7039
19227 19386
19228 13511
19228 16675
19228 22954
19232 4829
19237 19236
19239 24858
19244 13786
19292 19291
19308 474
19308 7659
19308 22695
19310 1938
19310 2205
19310 13950
19310 23127
19311 12207
19311 13950
19311 23127
19312 474
19312 1938
19312 2384
19312 3272
19312 3316
19312 4019
19312 8511
19312 11699
19312 13950
19312 21864
19312 22695
19313 474
19313 1143
19313 1938
19313 2205
19313 3254
19313 3272
19313 3291
19313 3316
19313 4019
19313 5741
19313 6280
19313 6281
19313 7859
19313 8511
19313 11699
19313 11939
19313 12207
19313 13950
19313 14316
19313 15646
19313 17107
19313 21351
19313 21864
19313 22055
19313 22695
19313 23127
19317 11168
19317 21104
19318 21924
19334 11168
19334 12819
19334 13869
19337 3808
19337 8734
19337 11168
19338 19334
19340 13786
19360 6756
19371 24074
19386 9642
19386 10349
19386 13215
19386 24988
19438 474
19438 2384
19438 7659
19438 12207
19438 12683
19438 13950
19438 22695
19439 474
19439 1938
19439 12207
19439 13950
19441 8682
19441 22181
19441 23355
19490 15698
19505 11824
19510 9327
19510 22765
19519 1938
19519 2205
19519 12207
19563 9642
19594 7294
19594 13869
19594 19595
19595 13869
19632 7440
19647 10497
19654 759
19654 4708
19654 6693
19654 7572
19654 9190
19654 10123
19654 13724
19654 15698
19654 20745
19654 20753
19654 21475
19675 474
19675 1141
19675 1938
19675 3291
19675 6637
19675 6639
19675 8511
19675 13537
19675 13916
19675 15028
19675 15029
19675 15030
19675 15042
19675 18438
19675 18441
19675 19519
19675 21864
19675 23855
19675 24225
19675 24229
19676 474
19676 4019
19676 22695
19677 12207
19678 474
19678 12207
19679 474
19679 1938
19679 4019
19679 12207
19679 22695
19680 474
19680 1938
19680 4019
19680 8511
19680 22695
19742 11168
19743 11168
19743 19334
19743 21102
19790 1119
19790 4447
19790 8165
19790 8930
19790 20985
19790 22689
19792 4447
19793 4447
19794 4447
19824 9813
19824 9814
19845 22940
19847 4619
19847 22297
19848 14477
19848 22297
19849 4610
19849 4611
19849 18043
19850 18043
19851 4611
19851 18043
19852 4611
19852 18043
19852 22297
19853 3686
19853 4611
19853 12134
19853 18043
19856 14477
19857 4610
19857 22297
19862 18935
19863 21280
19870 14555
19870 21257
19876 2001
19876 2218
19876 12876
19876 12881
19876 12884
19876 14497
19876 16153
19877 9642
19877 10349
19883 19878
19916 1382
19916 1398
19916 5505
19916 7565
19916 7566
19916 7571
19916 9631
19916 9643
19916 19440
19916 19442
19916 19927
19916 24988
19925 474
19925 12207
19926 4136
19926 4231
19926 14707
19926 23232
19927 4229
19927 4231
19927 13786
19927 14707
19932 2779
19932 7571
19932 8358
19932 13486
19932 24682
19942 5027
19942 9215
19942 11426
19942 14482
19942 14486
19942 15375
19942 18084
19942 19183
19942 20706
19943 9215
19943 11426
19943 14482
19943 14486
19943 18084
19943 19183
19944 9895
19946 9895
19947 9895
19949 9895
19951 9895
19957 1858
19957 3686
19957 4181
19957 4610
19957 4611
19957 14477
19957 17038
19957 18043
19957 18046
19957 19853
19957 20062
19957 22297
19979 4739
19981 14649
19986 16518
20024 12207
20041 18824
20042 18824
20043 18824
20046 6003
20048 2635
20048 18228
20048 20053
20053 2635
20053 8977
20053 8981
20053 8982
20053 8983
20053 11739
20053 11740
20053 17990
20053 18227
20053 20057
20057 8977
20057 8982
20057 15333
20057 18229
20057 21280
20060 14477
20060 18043
20060 18046
20060 18050
20060 22297
20061 14477
20062 1753
20062 3686
20062 4611
20062 14477
20062 17038
20062 18043
20062 18049
20063 17038
20063 18043
20063 22297
20064 4611
20064 14477
20064 18043
20065 4611
20065 18043
20065 18046
20065 19853
20065 20062
20065 22297
20111 1511
20111 2486
20111 18872
20111 20110
20124 24462
20136 1238
20136 18793
20138 5159
20138 13033
20138 16567
20138 21104
20138 22919
20171 12410
20171 18693
20171 18694
20171 18695
20171 18696
20171 24617
20171 24618
20171 24619
20193 16346
20230 16686
20254 2251
20254 9357
20256 18794
20276 17530
20320 12876
20332 9642
20332 13215
20357 9642
20357 13215
20360 15925
20401 3808
20401 8734
20401 21102
20401 21104
20401 21105
20402 7992
20403 21102
20403 21105
20404 14649
20413 676
20422 21104
20427 9153
20428 10141
20450 15677
20450 20449
20450 24975
20502 15463
20502 19334
20511 16740
20530 3203
20539 12207
20542 24988
20564 6333
20565 23430
20566 16675
20573 2703
20573 2943
20573 7292
20573 12975
20592 9642
20592 10349
20592 13215
20593 10349
20594 9642
20594 10349
20594 24988
20595 9642
20595 10349
20595 13215
20706 9820
20706 15339
20706 23390
20734 9642
20734 13215
20734 24988
20735 9642
20735 24988
20737 9642
20737 10349
20737 13215
20738 10349
20738 13215
20738 24988
20745 4497
20745 7572
20745 14085
20745 17881
20745 24580
20745 24978
20750 4497
20751 4497
20751 7572
20753 4497
20753 7572
20753 17881
20757 13215
20758 13750
20758 15305
20758 15505
20795 2282
20795 13205
20796 21104
20797 21104
20798 24988
20808 7978
20808 8165
20808 11574
20811 1678
20811 3859
20811 3890
20811 6003
20811 6007
20811 6009
20811 6010
20811 8484
20811 9745
20811 12338
20811 16686
20811 18670
20811 21369
20811 23930
20823 4075
20837 5683
20858 3527
20858 21925
20858 21926
20865 947
20892 1938
20892 2205
20892 7659
20892 12207
20903 21375
20954 13215
20954 24988
20964 425
20966 24051
20970 4635
20972 13108
21001 2816
21001 8165
21001 13869
21003 8930
21004 1005
21004 21104
21005 949
21005 951
21005 955
21005 4447
21005 5159
21005 8165
21005 8790
21005 13033
21005 17345
21005 19790
21005 21104
21006 1005
21007 1005
21007 2251
21007 4447
21007 8788
21007 8930
21007 10039
21008 14649
21008 21104
21012 3671
21012 3778
21012 9411
21012 11168
21012 12976
21012 20985
21030 474
21030 1938
21030 4019
21030 6641
21030 7659
21030 8511
21030 15031
21030 21864
21030 23319
21031 2205
21031 12207
21032 474
21032 1938
21032 4019
21032 12207
21032 19675
21032 22695
21033 474
21033 1938
21033 12207
21037 2205
21037 12207
21038 474
21038 2205
21038 4019
21038 8511
21038 10644
21038 12207
21038 22695
21045 986
21048 19183
21060 21104
21068 7992
21102 1042
21102 3503
21102 3671
21102 3778
21102 5455
21102 6595
21102 7821
21102 7822
21102 8839
21102 9358
21102 9622
21102 10011
21102 14651
21102 19334
21102 19743
21102 22214
21102 22919
21102 23041
21104 184
21104 561
21104 1111
21104 1907
21104 1981
21104 3381
21104 3384
21104 3778
21104 3804
21104 5159
21104 6003
21104 7821
21104 7822
21104 7994
21104 8616
21104 8783
21104 9244
21104 9307
21104 11290
21104 11414
21104 12175
21104 12545
21104 15052
21104 17530
21104 17990
21104 19317
21104 19334
21104 19742
21104 19743
21104 20276
21104 20401
21104 21060
21104 22214
21104 22919
21104 24859
21105 3778
21105 5455
21105 6494
21105 8784
21105 10401
21105 11229
21105 11231
21105 22841
21109 13038
21122 15411
21159 16949
21160 16782
21214 18128
21231 474
21231 1938
21231 3272
21231 4019
21231 5069
21231 5227
21231 6280
21231 6639
21231 6641
21231 7859
21231 8511
21231 11701
21231 12207
21231 13950
21231 14076
21231 14316
21231 15028
21231 15040
21231 15042
21231 15646
21231 18438
21231 21351
21231 21537
21231 21864
21231 22695
21231 23127
21231 23319
21231 23726
21231 24917
21232 1938
21232 2205
21232 3316
21232 7659
21232 13950
21234 2205
21234 6280
21234 7659
21234 13950
21234 22055
21234 23127
21236 474
21236 2384
21236 3272
21236 4019
21236 11312
21236 13950
21236 22695
21236 23127
21237 474
21237 1938
21237 4019
21237 7659
21237 13950
21237 22695
21239 1938
21239 23127
21252 7606
21259 21104
21260 13786
21262 21261
21267 7930
21267 9332
21267 17727
21267 17728
21271 10686
21277 9642
21277 13215
21280 4767
21280 22954
21296 7992
21299 13960
21304 7560
21318 18873
21320 13355
21338 7572
21338 24580
21347 1938
21347 12207
21349 1938
21349 2205
21349 12207
21350 12207
21350 18438
21351 4493
21351 6639
21351 8511
21351 12207
21351 12683
21351 15028
21351 15031
21351 18438
21351 21864
21351 23726
21352 1938
21352 12207
21369 10123
21431 9846
21433 7992
21433 9846
21434 7992
21434 9846
21450 19876
21503 15698
21505 7572
21505 15698
21535 1938
21535 2205
21535 15031
21536 12207
21537 4493
21537 5741
21537 7763
21537 8511
21537 15032
21537 18438
21537 21351
21537 21536
21537 21864
21537 23726
21538 1938
21538 2205
21538 12207
21539 12207
21540 1938
21540 12207
21551 477
21551 2276
21551 19001
21552 2205
21552 12207
21553 1600
21572 10349
21572 13215
21572 24988
21573 13215
21575 9642
21575 10349
21575 13215
21590 23967
21590 24584
21590 24781
21666 23038
21699 1938
21699 12207
21705 9314
21706 2487
21706 20111
21767 12410
21767 18693
21767 18694
21767 24617
21767 24618
21767 24619
21767 24620
21768 16118
21768 18694
21768 18696
21768 24620
21776 13786
21805 21795
21818 3920
21818 6715
21819 3918
21820 3920
21824 6715
21851 2205
21851 6280
21851 13950
21851 22055
21851 23127
21864 12207
21865 12207
21866 12207
21875 1938
21875 12207
21895 3384
21895 18693
21895 24618
21895 24619
21898 9846
21916 6756
21918 6116
21918 21919
21919 1032
21926 12883
21952 9620
21952 15723
21969 4974
21972 8537
21974 2251
22001 19926
22001 19927
22010 18043
22017 10349
22017 13215
22017 24988
22055 2204
22055 3270
22055 3297
22055 3540
22055 3841
22055 3842
22055 4017
22055 5072
22055 5073
22055 5074
22055 5076
22055 6408
22055 6459
22055 6460
22055 6638
22055 7664
22055 7852
22055 7853
22055 8511
22055 8852
22055 9751
22055 10443
22055 10629
22055 11702
22055 12202
22055 12207
22055 12258
22055 12260
22055 13535
22055 13913
22055 14316
22055 15043
22055 15046
22055 15644
22055 15885
22055 15886
22055 16237
22055 16902
22055 17101
22055 17735
22055 18080
22055 18656
22055 18659
22055 18975
22055 18996
22055 19675
22055 20539
22055 21037
22055 21538
22055 21865
22055 22348
22055 23544
22055 23726
22055 23759
22055 23760
22055 24212
22055 24229
22055 24231
22055 24232
22100 347
22154 3007
22157 22156
22182 4267
22188 7992
22188 12373
22189 7992
22210 16494
22212 16494
22214 21102
22214 21104
22215 16494
22244 7992
22246 7992
22268 2276
22296 4611
22296 18043
22297 1753
22297 1754
22297 4610
22297 4612
22297 4613
22297 4614
22297 4616
22297 4617
22297 4618
22297 6064
22297 6065
22297 9544
22297 9545
22297 12134
22297 12135
22297 14517
22297 15333
22297 18049
22297 18052
22297 22296
22298 20053
22348 2205
22348 12207
22375 24988
22376 9642
22376 10349
22376 13215
22376 24988
22382 11739
22382 11740
22389 22390
22434 750
22440 19594
22441 4739
22444 13215
22459 24377
22513 725
22513 727
22528 7606
22528 11215
22528 16790
22528 16791
22528 20667
22529 2284
22529 2575
22529 7606
22529 7607
22529 16790
22529 22867
22529 24883
22533 2831
22533 9151
22533 18046
22544 7571
22545 13486
22557 16686
22608 8537
22610 10123
22654 1938
22654 12207
22655 1938
22655 7659
22655 12207
22657 1938
22657 2205
22657 12207
22657 22055
22658 474
22658 12207
22658 22695
22660 1938
22660 2205
22660 7659
22662 14477
22662 22297
22664 18043
22664 22297
22674 9642
22674 24988
22678 7930
22681 18336
22681 24978
22689 7279
22689 8165
22695 474
22695 475
22695 1094
22695 1942
22695 2205
22695 3291
22695 3295
22695 3316
22695 3377
22695 3762
22695 4493
22695 5741
22695 6637
22695 6639
22695 6640
22695 6641
22695 7763
22695 8511
22695 9749
22695 10314
22695 11798
22695 12059
22695 12060
22695 12207
22695 12257
22695 12259
22695 12683
22695 14040
22695 15028
22695 15031
22695 15040
22695 15042
22695 15883
22695 18438
22695 18439
22695 18442
22695 18989
22695 19519
22695 21345
22695 21350
22695 21351
22695 21537
22695 21540
22695 21699
22695 21864
22695 22347
22695 23726
22695 23855
22695 24226
22695 24230
22697 474
22697 1938
22697 12207
22740 19862
22745 20
22745 2251
22745 2717
22745 2718
22745 4013
22745 5159
22745 7556
22745 9153
22745 13033
22745 13038
22745 16516
22745 17701
22745 19334
22745 22905
22778 10519
22785 163
22785 955
22785 7990
22786 9061
22833 20111
22839 13741
22839 21102
22841 20057
22841 21102
22841 21104
22846 10349
22867 10274
22867 12883
22867 24178
22891 15411
22905 2570
22905 3284
22905 5455
22905 6494
22905 6503
22912 3814
22912 7571
22912 13485
22912 24987
22914 3814
22914 14455
22919 21102
22920 1238
22940 24159
22953 11229
22954 6003
22954 6005
22954 6052
22954 6756
22954 8065
22954 8783
22954 8784
22954 9746
22954 11470
22954 20251
22954 20431
22954 21280
22954 23042
22954 24781
22979 8982
22979 11733
22979 18228
23035 10349
23035 24988
23038 12881
23038 12884
23038 13811
23038 14497
23038 20283
23042 22954
23049 16675
23056 9895
23081 7560
23085 9153
23085 17701
23086 19334
23091 1931
23091 4498
23091 11371
23091 18450
23093 11371
23098 13786
23099 5272
23099 11231
23099 13326
23099 21551
23099 23094
23099 23097
23115 15698
23127 475
23127 1094
23127 1141
23127 1142
23127 1143
23127 1355
23127 1371
23127 1372
23127 1996
23127 2000
23127 2002
23127 2003
23127 2204
23127 2381
23127 2469
23127 3270
23127 3275
23127 3291
23127 3295
23127 3297
23127 3316
23127 3317
23127 3377
23127 3747
23127 3762
23127 3841
23127 4017
23127 4493
23127 5068
23127 5070
23127 5071
23127 5072
23127 5073
23127 5226
23127 6283
23127 6284
23127 6459
23127 6460
23127 6632
23127 6637
23127 6641
23127 7666
23127 7763
23127 7853
23127 7854
23127 7856
23127 7956
23127 8242
23127 8511
23127 8852
23127 9171
23127 9751
23127 9754
23127 10314
23127 10443
23127 10630
23127 10644
23127 11312
23127 11314
23127 11316
23127 11698
23127 11699
23127 11700
23127 11701
23127 11702
23127 11703
23127 11705
23127 11706
23127 12060
23127 12062
23127 12202
23127 12260
23127 12261
23127 13164
23127 13505
23127 13506
23127 13535
23127 13537
23127 13539
23127 14007
23127 14040
23127 14076
23127 14313
23127 14314
23127 14315
23127 14316
23127 14458
23127 14462
23127 14464
23127 15028
23127 15029
23127 15032
23127 15042
23127 15641
23127 15642
23127 15646
23127 15885
23127 15886
23127 16906
23127 16907
23127 17101
23127 17102
23127 17104
23127 17106
23127 17107
23127 17735
23127 18075
23127 18078
23127 18080
23127 18441
23127 18442
23127 18444
23127 18655
23127 18656
23127 18975
23127 18976
23127 18978
23127 18981
23127 19676
23127 19680
23127 19925
23127 20024
23127 21038
23127 21345
23127 21351
23127 21352
23127 21536
23127 21537
23127 21539
23127 21540
23127 21699
23127 21864
23127 21866
23127 21875
23127 22347
23127 22348
23127 22655
23127 22697
23127 23319
23127 23542
23127 23543
23127 23544
23127 23726
23127 23760
23127 24212
23127 24225
23127 24227
23127 24228
23127 24229
23127 24230
23127 24232
23127 24563
23127 24917
23188 2251
23220 13215
23222 13215
23228 2251
23228 2703
23250 6265
23250 24878
23261 9642
23261 13215
23261 24988
23284 9642
23284 13215
23285 9642
23319 1938
23319 2205
23319 3316
23319 4019
23319 4493
23319 8511
23319 12060
23319 19678
23319 22695
23319 24230
23320 474
23320 12207
23321 474
23321 12207
23322 474
23322 12207
23322 12683
23361 13215
23364 9642
23364 13215
23430 15614
23431 7571
23431 13486
23432 7571
23432 13486
23439 16026
23439 20706
23439 22954
23441 5159
23441 5160
23441 6371
23441 6740
23441 15640
23450 14046
23530 1048
23530 1050
23530 5674
23530 6405
23530 6953
23530 8171
23530 8174
23530 8175
23530 9642
23530 9643
23530 11124
23530 11125
23530 11763
23530 12513
23530 12514
23530 13108
23530 13988
23530 17008
23530 19790
23530 19792
23530 20081
23530 23961
23541 7659
23541 12207
23542 474
23542 1938
23542 12207
23543 474
23543 1938
23543 2384
23543 3272
23543 3275
23543 4019
23543 8511
23543 10739
23543 13913
23543 19675
23543 21864
23543 22695
23544 1938
23546 4829
23551 10349
23551 13215
23552 17028
23556 13786
23560 10031
23582 5027
23582 9215
23582 12872
23582 14486
23582 19183
23582 19779
23582 19942
23582 19943
23582 21047
23582 21048
23624 1503
23637 18693
23637 18694
23637 18695
23637 18696
23637 24618
23637 24619
23637 24620
23638 12410
23638 18693
23638 18694
23638 18695
23638 18696
23638 24617
23638 24619
23640 140
23640 3203
23640 8342
23640 9720
23640 18920
23640 19594
23660 9895
23664 9895
23668 21948
23671 9895
23672 9895
23707 9895
23726 1938
23743 23742
23759 1938
23759 2205
23759 4019
23760 1938
23760 2205
23760 3316
23760 4019
23760 7659
23760 12207
23760 19675
23760 22695
23788 1907
23788 1973
23788 8839
23788 15333
23788 19337
23790 8734
23798 18228
23845 10704
23859 10274
23864 4497
23867 7529
23869 5683
23869 5684
23869 23870
23870 5684
23901 21248
23903 9353
23935 9642
23956 23949
23956 23955
23967 19862
23986 13215
23986 13936
23992 6693
23992 15698
23992 22346
23994 20745
23994 20753
23994 21475
24045 3523
24045 6219
24045 8839
24045 22841
24051 425
24051 18144
24051 24825
24053 15276
24074 24071
24101 9642
24115 9642
24115 10349
24115 13215
24115 24988
24117 9642
24117 10349
24118 9642
24118 10349
24119 13215
24119 24988
24120 10349
24151 2001
24158 24160
24159 9472
24160 24159
24178 7606
24178 14497
24178 16790
24178 16791
24178 20667
24179 2284
24179 2575
24179 7606
24179 7607
24179 16790
24203 23552
24212 2205
24212 6639
24212 18438
24225 1938
24225 2205
24225 12207
24226 1938
24226 12207
24227 1938
24227 12207
24228 12207
24229 2205
24230 1938
24230 8511
24230 21864
24231 1938
24231 2205
24232 2205
24232 4493
24256 2141
24256 5708
24256 6052
24256 16170
24288 8396
24292 1398
24292 5805
24292 15718
24322 24379
24350 7980
24350 16566
24350 22246
24350 24129
24350 24233
24350 24234
24358 9305
24358 20401
24358 20403
24358 20415
24361 14482
24361 14485
24361 19944
24361 23707
24376 2285
24376 2570
24376 5732
24376 7930
24376 9332
24377 7394
24378 1438
24378 5732
24378 7929
24378 9332
24378 17727
24378 17728
24378 24211
24378 24213
24379 1165
24379 2285
24379 6496
24379 7929
24379 7930
24379 9332
24379 16562
24379 16563
24379 17728
24379 24211
24379 24377
24381 2285
24381 5732
24381 7929
24381 7930
24381 9332
24381 17728
24382 24379
24385 15764
24426 7440
24483 10349
24483 24988
24535 9895
24563 474
24563 4019
24563 12207
24563 22695
24565 1938
24565 12207
24567 1938
24567 4019
24568 474
24568 7659
24568 22695
24580 4709
24580 10511
24580 15698
24617 3778
24618 3778
24619 3778
24633 11168
24682 1382
24682 3814
24682 5505
24682 5805
24682 6937
24682 7565
24682 7567
24682 7571
24682 9632
24682 9643
24682 10352
24682 13483
24682 13484
24682 13485
24682 14891
24682 15896
24682 16320
24682 19440
24682 19441
24682 19442
24682 19927
24682 24987
24688 10638
24691 108
24691 1511
24691 1969
24691 3057
24691 3075
24691 3345
24691 5650
24691 7234
24691 8634
24691 11898
24691 15270
24691 18545
24691 23390
24691 23769
24692 24691
24694 7234
24694 8633
24694 18165
24694 24691
24699 4258
24713 12934
24736 16979
24781 18920
24781 22954
24783 13215
24783 24988
24784 9642
24784 10349
24784 13215
24785 10349
24785 13215
24785 24988
24799 2205
24799 6280
24799 7659
24799 12207
24799 13950
24799 23127
24810 6003
24824 24825
24851 12054
24858 19239
24859 2838
24859 5159
24859 21104
24860 939
24860 1026
24860 20706
24862 939
24862 18695
24866 14477
24866 18043
24866 22297
24878 2849
24878 22157
24882 24178
24883 24178
24883 24179
24912 24379
24915 1938
24915 2205
24915 12207
24915 13950
24915 23127
24917 1938
24917 3316
24917 4019
24917 4493
24917 7659
24917 7859
24917 11312
24917 19675
24917 22695
24918 1938
24918 2205
24918 6280
24918 7659
24918 12207
24918 13950
24918 22055
24920 474
24920 12207
24920 23127
24921 1938
24921 6280
24921 6283
24921 7659
24921 10629
24921 13950
24921 23127
24923 10638
24924 8839
24924 23139
24927 4231
24935 6415
24978 8735
24978 10274
24978 11086
24978 11505
24978 18859
24987 3136
24987 4231
24987 7571
24987 14455
24987 14707
24987 15634
24987 20841
24988 4229
24988 7571
24988 13486
24988 14455
24988 14707
24988 24712
24988 24713
24989 1931
