14 11859
17 11859
18 11859
21 11859
23 3803
23 22954
38 2848
38 11859
40 11859
41 11231
41 11859
42 7115
42 11859
43 11859
43 18771
71 8839
72 71
72 11390
108 4266
108 22689
112 20450
163 16689
184 21104
203 827
203 12033
215 13215
217 13215
274 13770
292 13215
343 10349
343 13215
351 24883
368 8931
425 5184
425 12737
425 15593
432 1938
432 2205
432 2469
432 7659
432 22055
433 6280
433 7659
433 13950
433 23127
434 2205
434 6280
434 7659
434 10629
434 23127
472 1938
472 2205
472 4259
472 24232
474 101
474 475
474 1094
474 1938
474 2205
474 2928
474 3842
474 4259
474 5741
474 6632
474 6637
474 6640
474 6641
474 7763
474 7956
474 10739
474 11798
474 12202
474 12259
474 12260
474 13165
474 15030
474 15031
474 15043
474 15883
474 17740
474 18438
474 18655
474 21345
474 21352
474 21539
474 24227
474 24232
475 1938
475 1942
475 4259
475 21866
479 2290
479 7992
480 2290
481 2290
481 7992
487 9971
487 15497
487 21047
487 21473
503 425
506 503
515 21104
532 5876
668 23742
668 23743
675 1119
675 7571
676 1119
676 1296
676 1390
676 1762
676 2990
676 3595
676 5674
676 6405
676 7566
676 7568
676 7571
676 8165
676 8176
676 8930
676 10351
676 11764
676 13483
676 13485
676 14891
676 20413
676 21280
676 21924
676 23530
681 23530
690 8731
690 20431
725 2352
725 3828
725 24330
725 24333
727 2352
727 24333
812 24988
813 13215
830 2796
830 16787
838 13999
843 7571
843 13486
843 23530
844 7571
844 13486
844 23530
850 10839
863 11859
863 15749
865 11859
893 2114
893 4100
893 6297
893 7279
893 11893
893 13589
893 13833
902 13215
912 12379
912 24379
931 18709
939 9505
939 9506
939 19334
944 8801
945 3236
945 21280
945 23430
954 953
966 16675
968 16675
970 1526
972 4610
972 14477
972 18043
972 18051
972 22297
973 1752
973 1857
973 3389
973 3390
973 3687
973 3688
973 3690
973 4610
973 4611
973 4616
973 4617
973 4618
973 4619
973 8442
973 9545
973 10634
973 11298
973 11770
973 14478
973 18048
973 18051
973 19849
973 19856
973 19857
973 22296
973 22297
987 9775
1001 1554
1001 3814
1001 3903
1001 6672
1001 10307
1001 13209
1019 9430
1022 9642
1022 10349
1022 13215
1022 24988
1024 9642
1024 10349
1032 10725
1054 5666
1054 8839
1055 14497
1094 1938
1094 1942
1094 12202
1101 19927
1102 14318
1111 8682
1117 9247
1119 21150
1128 7822
1128 11572
1128 12706
1129 3523
1129 10349
1140 474
1140 1938
1140 2205
1141 1938
1142 2205
1143 1938
1143 12202
1144 1938
1144 4259
1144 15043
1151 1999
1151 5555
1151 7039
1151 7788
1151 8102
1151 11621
1151 20566
1166 17727
1168 1166
1201 20368
1206 15302
1206 20450
1219 24018
1223 10349
1223 13215
1223 24988
1277 4767
1296 676
1308 10497
1313 970
1313 3828
1313 7599
1313 12598
1313 12744
1313 13784
1313 14555
1313 15858
1313 19091
1313 22740
1345 9090
1352 13545
1355 1938
1355 14313
1356 7659
1356 21030
1372 1938
1372 2205
1380 4708
1380 10517
1380 13802
1381 4708
1382 3140
1382 3923
1382 4229
1382 4231
1382 17892
1384 7565
1384 7566
1384 7571
1384 10352
1384 12629
1384 24987
1385 3849
1385 20361
1398 4229
1398 24712
1418 3903
1503 22920
1503 23620
1510 15302
1510 18041
1545 20751
1554 1001
1556 13519
1556 20048
1583 10139
1589 8931
1591 8931
1595 21104
1597 3557
1600 7992
1600 12373
1601 7992
1641 3978
1641 11375
1661 11800
1661 13741
1661 14119
1662 10312
1666 4363
1722 23552
1724 20450
1745 9846
1752 4611
1754 4610
1762 20043
1762 21280
1762 22740
1772 1119
1778 5010
1778 20573
1798 12376
1798 12379
1820 19927
1826 19495
1843 9247
1857 18051
1858 4611
1877 4700
1877 4708
1877 10375
1877 13802
1877 16999
1891 1900
1895 2337
1895 24770
1907 2848
1907 14334
1907 18760
1907 19338
1907 21104
1907 21105
1937 16776
1938 3828
1938 21924
1938 21925
1938 21926
1938 24330
1938 24333
1940 3829
1940 5738
1940 24333
1941 1940
1961 4708
1974 6756
1974 20174
1996 1938
1996 12202
2000 474
2000 7659
2002 1938
2002 2205
2002 7659
2003 1938
2003 2205
2003 7659
2003 12202
2015 2018
2018 1741
2048 11326
2049 14272
2060 13215
2073 9642
2073 10349
2073 13215
2073 24988
2088 15407
2101 19863
2110 16787
2110 24857
2136 3027
2141 22954
2141 24256
2186 6359
2193 11285
2203 3814
2203 6184
2203 7566
2203 7569
2203 7571
2203 8839
2203 10347
2203 10349
2203 10352
2203 13485
2203 14497
2203 16320
2203 19927
2203 24682
2203 24988
2204 1938
2204 1942
2205 4259
2205 7956
2205 10740
2205 12202
2205 12683
2205 23726
2210 7566
2210 7571
2234 11264
2242 7440
2251 2290
2251 17587
2264 8371
2279 2281
2287 1345
2289 16918
2290 479
2290 480
2290 481
2290 2251
2290 2845
2290 6148
2290 9306
2290 9411
2290 11282
2290 11287
2290 11289
2290 11291
2290 11293
2290 17587
2290 20404
2290 20450
2290 20504
2290 20506
2290 20636
2290 21974
2290 22745
2301 1055
2301 6949
2332 3236
2341 9306
2347 20749
2378 1938
2378 2205
2378 12202
2381 474
2381 3377
2381 4259
2381 6641
2381 7659
2381 7763
2381 8242
2381 15043
2383 9642
2384 1938
2384 7659
2384 12202
2385 2205
2422 11859
2424 24355
2453 20057
2461 21003
2461 21004
2469 101
2469 1140
2469 1356
2469 1372
2469 1942
2469 2204
2469 2205
2469 2385
2469 3270
2469 3297
2469 3316
2469 3540
2469 3841
2469 3842
2469 4021
2469 5073
2469 5074
2469 5225
2469 6408
2469 7664
2469 7665
2469 7853
2469 7859
2469 8511
2469 9754
2469 10443
2469 10644
2469 11702
2469 12060
2469 12202
2469 12207
2469 12261
2469 12262
2469 13500
2469 14314
2469 14316
2469 14462
2469 15031
2469 15032
2469 15043
2469 15046
2469 15883
2469 16237
2469 16902
2469 16906
2469 17103
2469 17735
2469 17740
2469 18440
2469 18444
2469 18659
2469 18975
2469 18978
2469 18996
2469 19677
2469 20539
2469 21347
2469 21535
2469 21864
2469 21865
2469 22055
2469 22347
2469 22348
2469 22657
2469 23726
2469 23759
2469 24226
2469 24230
2469 24565
2496 8074
2547 9720
2547 18733
2550 15458
2558 4266
2558 9720
2558 16675
2562 1382
2562 1398
2562 5805
2562 5832
2562 7565
2562 7568
2562 7569
2562 7571
2562 9631
2562 9632
2562 9643
2562 10349
2562 10351
2562 13209
2562 13483
2562 13484
2562 19441
2562 19442
2562 19927
2562 24987
2570 24376
2575 10274
2583 1940
2583 18821
2595 24682
2608 21867
2635 8977
2635 11739
2635 17990
2635 18227
2635 18229
2635 20057
2635 22919
2653 17185
2656 24850
2703 4689
2703 15526
2703 15529
2719 11859
2741 2101
2741 3903
2741 6981
2741 9652
2741 11800
2745 5961
2748 23901
2791 2790
2804 487
2804 15497
2804 21473
2806 13589
2826 7292
2826 10191
2826 20450
2828 2848
2828 7115
2828 23114
2829 11859
2830 7292
2830 9060
2831 11859
2833 7292
2845 15526
2848 2091
2848 4163
2848 8779
2848 13786
2848 18488
2848 24860
2849 2091
2849 13928
2887 7566
2887 7571
2887 10347
2888 7566
2888 7571
2888 10347
2888 13483
2888 13485
2891 10351
2891 10352
2891 13209
2891 13483
2891 13484
2891 24987
2892 7565
2892 7566
2892 7568
2892 7569
2892 10349
2892 10352
2892 13209
2892 13483
2892 13484
2892 24987
2919 4700
2919 4708
2928 12202
2933 16739
2933 16740
2943 21483
2985 23450
2988 4091
2988 13486
2990 676
2990 7566
2990 7571
2990 13486
2997 11231
3057 9314
3059 3061
3063 19876
3073 18707
3074 18707
3075 9314
3118 3122
3118 3124
3118 15827
3118 18393
3120 3118
3135 1973
3135 14494
3135 21441
3140 7337
3236 945
3236 2332
3236 3523
3236 7821
3236 19029
3236 19742
3237 18336
3247 19001
3251 3463
3254 474
3254 2469
3254 12202
3254 21030
3258 472
3258 474
3258 1938
3258 2469
3258 4259
3258 9072
3258 10644
3258 11312
3258 13950
3258 15552
3258 18656
3258 21030
3258 23127
3270 1938
3270 1942
3270 4259
3272 1938
3272 7659
3272 12202
3273 1938
3273 2205
3273 7659
3273 12202
3275 12202
3283 13786
3284 5455
3285 7571
3285 14455
3291 4259
3292 1938
3292 2205
3295 12202
3317 474
3321 13589
3376 1938
3377 4259
3383 2943
3383 11859
3384 3381
3384 21012
3387 4611
3387 18043
3388 19849
3388 22297
3389 14477
3389 18043
3389 18051
3389 22297
3390 14477
3390 18043
3390 18051
3390 22297
3523 1974
3523 2148
3523 3236
3523 4536
3523 6005
3523 6412
3523 8371
3523 8931
3523 11231
3523 11326
3523 11514
3523 11662
3523 12706
3523 14185
3523 16675
3523 16689
3523 21104
3523 21919
3523 21952
3523 22557
3523 23098
3540 4259
3544 4403
3595 1119
3609 9060
3609 22785
3611 14455
3619 1938
3619 1942
3619 2469
3619 4259
3619 6280
3619 9069
3619 15031
3619 15043
3619 15552
3619 22055
3621 1938
3621 2205
3621 4259
3621 13950
3621 15043
3621 18655
3621 21232
3621 24232
3622 474
3622 4259
3622 21030
3625 474
3625 1938
3625 2469
3625 7659
3625 15552
3625 21030
3625 23127
3630 13356
3665 10035
3670 2425
3670 6756
3670 9846
3670 12410
3670 18694
3670 24617
3670 24618
3670 24620
3671 18693
3671 18694
3671 24618
3671 24619
3671 24620
3686 4610
3686 18043
3686 18051
3686 22297
3687 4610
3688 22296
3690 4610
3690 18051
3747 7659
3791 1597
3798 3800
3803 4136
3803 24712
3805 11662
3806 11231
3809 9505
3814 4229
3814 4231
3814 6715
3814 14455
3841 1938
3841 2205
3841 12202
3842 1938
3842 2205
3843 20751
3846 1938
3846 12202
3852 4708
3856 9846
3858 10191
3862 3118
3892 10349
3902 8734
3902 9159
3902 11231
3902 12033
3902 18336
3902 18856
3903 9159
3903 12486
3903 14649
3903 16689
3903 17587
3903 18336
3903 18856
3903 20450
3903 23038
3903 24161
3909 1556
3909 11569
3909 16304
3909 20504
3909 24161
3926 939
3926 21104
3926 21105
3927 21104
3937 3245
3937 3246
3938 13786
3978 11375
3978 16303
3978 18811
3978 22794
3996 14472
3996 21872
3997 14472
4004 23530
4016 1938
4016 2205
4016 15043
4017 1938
4017 1942
4019 12202
4021 1942
4021 2205
4021 12202
4044 4610
4044 14477
4044 18043
4044 19853
4075 14248
4091 1119
4091 1296
4091 1390
4091 2988
4091 2990
4091 3422
4091 5674
4091 7565
4091 8171
4091 8175
4091 8176
4091 9643
4091 10351
4091 13309
4091 13483
4091 14891
4091 17756
4091 20413
4091 21924
4091 23530
4092 1048
4092 1119
4092 3803
4092 6723
4092 7565
4092 7571
4092 8174
4092 10352
4092 13486
4092 16610
4092 21759
4092 23530
4105 20450
4123 7566
4123 13486
4136 13938
4175 3687
4175 4611
4175 12134
4175 14477
4175 18043
4175 18047
4175 22297
4176 4610
4176 18043
4176 18051
4177 4611
4177 11665
4177 14477
4177 18043
4177 22297
4178 14477
4178 18043
4178 22297
4180 4611
4180 14477
4180 18043
4180 22297
4181 4619
4181 14477
4181 18043
4181 19849
4181 22297
4182 973
4182 18051
4182 22297
4202 13589
4205 14395
4211 9642
4211 13215
4229 9643
4229 19442
4231 5505
4231 9642
4231 19440
4231 19441
4251 4906
4259 12202
4259 21864
4259 23855
4266 830
4266 2110
4266 3345
4266 7930
4266 8634
4266 8635
4266 11898
4266 16787
4266 18545
4266 23769
4266 24857
4279 20422
4287 24712
4313 17727
4404 4403
4423 971
4423 12054
4423 14520
4423 15333
4423 15764
4423 15766
4423 21918
4423 21919
4423 22953
4460 15862
4475 3978
4478 1940
4479 2848
4479 13999
4479 14334
4484 9212
4499 17881
4531 274
4531 13770
4536 10979
4609 7821
4609 11661
4633 7567
4633 14455
4634 7566
4634 7571
4635 3814
4635 5505
4635 5805
4635 7565
4635 7567
4635 7568
4635 9642
4635 10347
4635 10348
4635 10349
4635 10352
4635 13209
4635 13483
4635 13485
4635 15185
4635 19441
4635 24987
4635 24988
4644 1048
4644 1119
4644 1296
4644 2990
4644 3422
4644 7565
4644 8171
4644 8173
4644 8174
4644 9253
4644 9643
4644 10349
4644 10352
4644 13485
4644 14886
4644 14891
4644 17756
4644 21925
4644 23957
4644 23961
4677 5697
4689 16675
4700 4708
4700 5265
4700 10373
4700 10375
4700 13802
4700 19175
4707 16675
4708 6693
4708 10373
4708 10375
4708 13160
4708 13796
4708 13802
4708 13830
4708 14395
4708 19175
4708 21475
4709 4708
4709 13802
4723 3011
4723 20450
4739 1904
4761 9642
4857 21736
4891 9642
4906 4768
4906 20751
4906 23864
4909 20751
4913 4912
4913 4914
4914 2105
4914 20730
4920 7115
4939 7566
4939 7569
4939 7571
4939 10347
4939 10348
4939 10349
4939 10352
4939 14293
4939 24988
4940 7571
4940 13486
5010 7992
5010 19338
5026 487
5040 17858
5067 474
5067 1938
5067 12202
5067 21030
5068 21030
5069 1938
5069 7659
5070 474
5070 6641
5070 7659
5070 12202
5070 15031
5070 21030
5071 1938
5071 2205
5071 4259
5071 18438
5072 1938
5072 1942
5072 2205
5072 15031
5072 15043
5073 1938
5073 2205
5073 4259
5073 6641
5073 7659
5073 15031
5073 21030
5074 1938
5074 1942
5074 12202
5074 12207
5076 1938
5076 1942
5076 2205
5076 4259
5076 7659
5076 15031
5076 15043
5078 3523
5078 5077
5078 8839
5078 22841
5084 487
5087 9642
5125 7992
5126 7992
5127 7992
5140 1938
5140 1942
5140 2205
5140 2381
5140 3273
5140 3295
5140 4259
5140 4493
5140 5225
5140 6280
5140 7659
5140 7852
5140 7855
5140 7956
5140 8242
5140 9069
5140 9071
5140 9072
5140 9728
5140 9749
5140 11940
5140 12257
5140 13950
5140 15031
5140 15043
5140 18439
5140 18442
5140 18981
5140 19312
5140 19438
5140 19678
5140 20024
5140 21350
5140 23322
5195 19338
5197 19338
5220 11121
5220 23967
5220 24978
5221 6005
5225 2205
5225 7659
5225 19677
5226 1938
5226 12202
5227 1938
5227 7659
5229 1938
5230 1938
5230 7659
5232 1938
5232 2205
5232 12202
5233 2205
5233 7659
5239 10954
5239 24380
5240 2114
5240 13589
5243 16689
5243 19873
5256 16675
5256 21104
5270 7118
5270 18771
5276 24883
5285 6005
5322 20751
5326 11572
5412 10312
5413 10312
5420 1938
5420 2205
5420 4259
5420 13950
5420 23127
5423 13950
5426 1938
5426 12202
5427 1938
5427 2205
5427 2469
5427 6280
5427 7659
5427 9069
5427 10629
5427 12202
5427 13950
5427 22055
5427 23127
5430 19237
5440 11086
5440 16168
5441 19287
5445 20504
5455 2848
5455 6494
5455 11733
5455 14334
5455 19338
5455 19440
5455 20053
5455 20291
5491 13486
5500 7566
5500 10347
5555 1151
5562 13589
5592 6715
5598 18707
5617 9642
5633 24988
5634 9642
5634 10349
5634 24988
5666 6756
5666 15862
5701 5700
5708 2278
5708 6334
5708 6335
5708 19595
5708 19596
5708 24256
5741 4259
5763 24988
5764 10349
5764 13215
5764 24988
5767 9642
5767 10349
5767 24988
5768 10349
5805 4229
5805 17892
5832 7566
5832 14455
5832 24712
5836 24878
5864 15414
5869 2529
5876 532
5876 1741
5876 3384
5876 3903
5876 3909
5876 5326
5876 6331
5876 6981
5876 7821
5876 10855
5876 11326
5876 11574
5876 12487
5876 14185
5876 16314
5876 16683
5876 22557
5876 23845
5889 19506
5901 14555
5930 4231
5932 1166
5956 342
5956 1583
5956 5959
5956 5961
5956 8931
5958 5959
5959 368
5959 370
5959 371
5959 372
5959 373
5959 1582
5959 1583
5959 1586
5959 1589
5959 1591
5959 1592
5959 5964
5959 7279
5959 9651
5959 9652
5959 9653
5959 9655
5959 13532
5959 16119
5959 16121
5959 16122
5959 19349
5959 22949
5959 23873
5959 24933
5961 367
5961 368
5961 370
5961 371
5961 372
5961 373
5961 374
5961 1582
5961 1583
5961 1584
5961 1585
5961 1586
5961 1589
5961 1590
5961 1591
5961 1592
5961 4992
5961 5958
5961 5964
5961 7279
5961 8931
5961 9650
5961 9651
5961 9652
5961 9653
5961 9654
5961 9655
5961 9721
5961 10139
5961 11331
5961 13532
5961 16119
5961 16120
5961 16121
5961 16122
5961 16681
5961 19349
5961 22949
5961 22950
5961 23873
5961 24933
5964 16122
5974 21280
6000 10349
6000 24988
6001 4266
6003 4141
6003 19484
6005 1762
6005 3523
6005 4141
6005 5285
6005 12902
6005 13196
6005 20422
6005 20566
6042 6041
6042 6043
6053 20504
6056 7992
6064 4619
6064 18043
6064 22824
6065 4619
6065 18043
6090 11859
6116 24018
6159 15412
6160 6159
6160 15410
6160 15412
6161 15412
6170 7566
6170 7571
6170 9631
6170 14455
6184 1382
6184 1398
6184 5805
6184 7566
6184 7569
6184 7571
6184 9631
6184 9643
6184 10347
6184 10348
6184 10349
6184 13485
6184 14293
6184 14453
6184 15898
6184 16320
6184 19440
6184 19926
6184 19927
6184 24988
6195 954
6196 7109
6196 7271
6206 2741
6208 13215
6210 11231
6212 7599
6220 13770
6267 9642
6267 10349
6267 13215
6267 24988
6270 13215
6280 474
6280 1140
6280 1144
6280 1372
6280 1942
6280 2002
6280 2003
6280 2204
6280 2384
6280 2469
6280 3270
6280 3273
6280 3842
6280 4017
6280 4021
6280 5072
6280 5074
6280 5076
6280 6283
6280 6408
6280 7853
6280 7956
6280 9752
6280 10629
6280 10644
6280 10740
6280 11312
6280 11698
6280 12202
6280 12207
6280 12230
6280 13535
6280 14007
6280 14317
6280 14458
6280 14463
6280 15031
6280 15043
6280 15046
6280 15644
6280 15885
6280 15886
6280 16902
6280 16908
6280 17735
6280 18075
6280 18440
6280 18444
6280 18655
6280 18656
6280 18659
6280 18996
6280 21031
6280 21037
6280 21538
6280 22055
6280 22657
6280 22660
6280 22695
6280 23317
6280 23319
6280 23544
6280 23726
6280 24231
6280 24232
6281 474
6281 12059
6281 12202
6281 13950
6281 21030
6281 23127
6283 474
6283 1942
6283 10629
6283 11312
6283 15886
6283 18656
6283 21030
6283 21538
6283 22055
6284 474
6284 1938
6284 1942
6284 4259
6284 5226
6284 12059
6284 13916
6284 14313
6284 14461
6284 15031
6284 15043
6284 18438
6284 18655
6284 18976
6284 18996
6284 21030
6284 21866
6284 24232
6294 7992
6295 10312
6297 13589
6307 7279
6307 13589
6309 10315
6329 21918
6330 19876
6331 7787
6331 21175
6333 1526
6333 6690
6333 17530
6333 20504
6333 21414
6333 23038
6334 1974
6334 5708
6335 5708
6335 6756
6335 21104
6335 21414
6398 9711
6398 13999
6398 16099
6408 1942
6408 2205
6408 16902
6408 18996
6412 3283
6413 6412
6426 24456
6458 474
6458 1942
6458 2381
6458 4259
6458 7659
6458 13505
6458 18996
6458 21030
6458 21037
6458 23541
6460 1938
6460 2205
6462 474
6462 1938
6462 7659
6462 12202
6462 13950
6462 15552
6462 21030
6462 23127
6494 18336
6495 18336
6496 5700
6503 9306
6503 19338
6508 1938
6508 1942
6508 2469
6508 4259
6508 9069
6508 13950
6508 15031
6508 15552
6508 22055
6508 23127
6545 19651
6564 20751
6589 10349
6589 10639
6589 13215
6589 19070
6589 21826
6589 23504
6589 24712
6589 24988
6632 4259
6632 12202
6633 956
6633 14746
6633 21499
6633 21924
6634 956
6634 4266
6635 954
6637 1938
6637 1942
6637 4259
6637 21866
6638 1938
6638 2205
6639 2205
6640 4259
6640 12202
6640 21866
6641 4259
6641 7956
6641 12202
6641 15885
6641 18444
6645 6647
6664 13589
6671 4136
6671 8074
6672 4136
6672 4229
6673 2943
6673 3923
6673 9797
6675 5455
6682 6681
6690 2001
6690 15333
6690 23967
6727 2848
6746 14520
6746 21918
6746 21919
6747 21918
6747 21919
6756 971
6756 2001
6756 3902
6756 6335
6756 8839
6756 10723
6756 11933
6756 12054
6756 12876
6756 15217
6756 15764
6756 15765
6756 15766
6756 15768
6756 19595
6756 20985
6756 21916
6756 21918
6756 21919
6756 22954
6914 20450
6949 3778
6949 6219
6949 6946
6949 7488
6949 7489
6949 8839
6951 6946
6972 7659
6972 12202
6972 15552
6981 5876
6981 7787
6981 11514
6981 14706
6981 15882
6982 1109
6995 4611
6995 14477
6995 18043
6996 4611
6996 18043
6996 22297
6997 14477
6997 14478
6997 18043
6997 18051
6997 19849
6997 22297
6999 4175
6999 14477
6999 18043
6999 19849
7000 4611
7000 14477
7000 18043
7000 18051
7000 22297
7001 14477
7001 18043
7001 22297
7002 4611
7002 6064
7002 9544
7002 14477
7002 18043
7002 22296
7002 22297
7039 861
7039 1151
7039 8477
7039 12598
7039 21441
7052 23099
7053 2703
7053 21104
7061 13589
7100 13928
7109 6196
7114 7115
7115 42
7115 2828
7115 10670
7115 10983
7132 7134
7189 12033
7190 16155
7284 9642
7286 13215
7287 13215
7334 7333
7355 13215
7355 24988
7356 9642
7356 10349
7356 13215
7372 9642
7372 13215
7402 13486
7403 1382
7403 1398
7403 3803
7403 5505
7403 5805
7403 7565
7403 7567
7403 7569
7403 9631
7403 9632
7403 9643
7403 10351
7403 13215
7403 13483
7403 14886
7403 14891
7403 15634
7403 16169
7403 19441
7403 21826
7403 24987
7404 7566
7404 7571
7404 13486
7410 12596
7423 18346
7427 316
7428 316
7436 2635
7436 8981
7436 8983
7436 11733
7436 20053
7436 20057
7438 7688
7533 8787
7533 10349
7535 6589
7535 10349
7535 24712
7540 3903
7540 6671
7545 9642
7545 13215
7546 9642
7546 13215
7565 3140
7565 4229
7565 4231
7565 6715
7565 21825
7565 24712
7566 3136
7566 4040
7566 4229
7566 4230
7566 5592
7566 5616
7566 6672
7566 8176
7566 8788
7566 8790
7566 13209
7566 13215
7566 14455
7566 14708
7566 15634
7566 20397
7566 20836
7566 21818
7566 23695
7566 24712
7567 3136
7567 3140
7567 4231
7567 6715
7567 23552
7568 954
7568 3136
7568 13486
7568 23552
7569 3136
7569 4229
7569 13486
7569 14455
7569 24712
7571 489
7571 1722
7571 3803
7571 4228
7571 4229
7571 4230
7571 5440
7571 5594
7571 5718
7571 6002
7571 6421
7571 6671
7571 6672
7571 6673
7571 6710
7571 7565
7571 7566
7571 7569
7571 8074
7571 8171
7571 8788
7571 8790
7571 8791
7571 9797
7571 10347
7571 10349
7571 10351
7571 13215
7571 13484
7571 14703
7571 14704
7571 14707
7571 14708
7571 14886
7571 15634
7571 15821
7571 15825
7571 16170
7571 18578
7571 18579
7571 19927
7571 20835
7571 20836
7571 21819
7571 21821
7571 21823
7571 21824
7571 21826
7571 22159
7571 23146
7571 23147
7571 23232
7571 23503
7571 23695
7571 23696
7571 23697
7571 23961
7571 24712
7576 23430
7599 850
7599 8981
7599 17026
7659 101
7659 472
7659 1094
7659 2204
7659 2928
7659 3292
7659 3297
7659 3316
7659 3376
7659 3762
7659 3841
7659 4016
7659 4017
7659 6460
7659 6632
7659 6638
7659 6639
7659 6641
7659 7664
7659 7666
7659 7956
7659 8242
7659 8511
7659 9754
7659 10314
7659 10443
7659 10644
7659 10739
7659 10740
7659 12060
7659 12062
7659 12257
7659 12260
7659 12261
7659 12683
7659 13165
7659 13537
7659 13539
7659 13913
7659 14007
7659 14040
7659 14076
7659 14495
7659 15028
7659 15029
7659 15031
7659 15032
7659 15040
7659 15042
7659 15043
7659 15044
7659 15642
7659 15643
7659 15883
7659 16906
7659 16907
7659 16908
7659 17735
7659 18438
7659 18441
7659 18442
7659 18655
7659 18656
7659 18659
7659 18989
7659 19519
7659 19677
7659 19679
7659 21347
7659 21350
7659 21535
7659 21536
7659 21538
7659 21699
7659 21864
7659 21865
7659 21866
7659 22347
7659 22697
7659 23317
7659 23319
7659 23322
7659 23726
7659 23855
7659 24225
7659 24226
7659 24227
7659 24230
7664 1938
7664 2205
7666 1938
7666 2205
7680 8981
7680 8983
7680 11733
7680 20053
7680 20057
7681 8981
7681 8983
7681 16689
7681 20504
7699 9642
7699 13215
7731 24988
7737 18707
7737 22557
7763 1942
7763 4259
7763 12202
7763 21866
7779 17028
7782 20751
7782 23077
7786 203
7787 1999
7788 1151
7788 20422
7788 20751
7821 11662
7822 9247
7822 12657
7830 22954
7830 24256
7850 474
7850 12202
7850 21030
7851 474
7851 4259
7851 7659
7851 12059
7851 21030
7852 474
7852 2205
7852 15043
7853 1938
7853 1942
7853 7659
7854 474
7854 12202
7855 7659
7855 12202
7856 474
7856 1938
7856 4259
7856 7659
7856 12202
7856 15031
7856 18976
7856 21030
7856 21037
7856 21866
7859 1938
7859 1942
7859 12207
7862 10349
7877 20422
7877 22953
7936 18970
7952 4708
7956 1938
7956 4259
7978 108
7978 9124
7978 11352
7978 14542
7978 18872
7978 21001
7978 23844
7980 24235
7990 956
7992 15823
7996 2635
7996 11733
7996 20053
8011 21729
8066 1055
8066 6949
8072 20450
8074 13786
8074 13928
8081 24688
8089 9642
8089 13215
8102 1151
8112 17541
8112 22440
8113 17535
8113 17541
8115 17589
8145 19524
8167 24161
8168 11231
8168 14185
8169 8168
8169 16304
8175 1119
8175 4091
8179 16675
8186 13215
8186 24988
8189 20450
8199 13589
8242 12202
8327 1597
8330 1597
8331 1597
8342 11893
8371 3803
8371 8839
8371 14891
8378 11859
8380 11859
8415 24428
8429 16675
8436 9642
8436 13215
8437 9642
8442 4611
8442 18051
8463 4700
8463 4708
8489 8801
8490 8797
8495 3118
8500 8839
8503 22922
8511 2205
8511 12202
8511 21864
8616 11662
8616 21104
8635 2110
8654 24988
8656 20667
8698 7571
8717 8734
8718 316
8718 7428
8718 12497
8731 4266
8731 6307
8731 13589
8731 16787
8734 19334
8738 1055
8738 6949
8738 13988
8765 24988
8783 18336
8784 16168
8784 18336
8790 20450
8797 2285
8797 6064
8797 8840
8797 11298
8797 15333
8797 17727
8798 8801
8798 10229
8801 3778
8801 8783
8801 10225
8839 2425
8839 12409
8839 13741
8839 18693
8839 18696
8839 24618
8839 24619
8839 24620
8840 20361
8852 1938
8852 4259
8887 5910
8888 5910
8895 4708
8895 23990
8931 11231
8931 12690
8931 13309
8931 21925
8976 8981
8977 8981
8977 8983
8982 8981
8982 8983
9009 9642
9009 13215
9060 2830
9067 13215
9068 474
9068 1938
9068 2469
9068 4259
9068 12059
9068 15043
9068 21030
9068 23127
9069 474
9069 1140
9069 1144
9069 1372
9069 1942
9069 2204
9069 2469
9069 3297
9069 3842
9069 4017
9069 4021
9069 5072
9069 5073
9069 5076
9069 5233
9069 6280
9069 6283
9069 6408
9069 6638
9069 7665
9069 7666
9069 7852
9069 7853
9069 8511
9069 9751
9069 9754
9069 10629
9069 10644
9069 10740
9069 11698
9069 12202
9069 12207
9069 12230
9069 13164
9069 13505
9069 13535
9069 14316
9069 15031
9069 15032
9069 15043
9069 15046
9069 15552
9069 15644
9069 15885
9069 15886
9069 16237
9069 16902
9069 17101
9069 18080
9069 18440
9069 18656
9069 18659
9069 18975
9069 18996
9069 20539
9069 21030
9069 21037
9069 22055
9069 22657
9069 22695
9069 23726
9069 24799
9069 24918
9071 1938
9071 2381
9071 4259
9071 12202
9071 13505
9071 13950
9071 15552
9071 15553
9071 21037
9071 23127
9072 474
9072 1938
9072 1942
9072 2205
9072 2469
9072 4259
9072 5073
9072 6283
9072 7665
9072 9069
9072 9752
9072 9754
9072 11699
9072 12202
9072 13950
9072 14007
9072 15031
9072 15032
9072 15043
9072 15553
9072 15556
9072 18655
9072 19677
9072 19678
9072 20024
9072 21037
9072 22055
9072 23127
9072 24232
9077 13215
9087 11662
9088 7992
9145 21104
9171 474
9171 7659
9171 12202
9212 825
9212 4484
9212 6005
9212 6756
9212 13868
9212 13869
9212 17078
9212 19594
9212 19596
9212 19597
9212 19763
9212 23051
9212 24256
9228 7292
9244 17558
9247 1843
9247 3677
9247 12728
9247 14714
9247 18400
9247 18587
9276 5455
9286 14395
9306 2341
9306 5455
9306 6503
9306 7995
9306 9777
9306 10011
9306 14649
9306 16518
9306 16689
9306 17345
9306 17587
9306 17990
9306 19927
9306 20254
9306 23406
9307 10349
9307 11662
9307 12486
9307 16518
9307 19338
9307 20450
9307 20504
9307 21104
9307 24509
9314 1511
9314 2487
9314 6226
9314 18041
9314 18872
9314 20110
9314 23630
9314 23632
9327 21280
9361 6053
9361 9359
9361 11572
9383 11859
9383 14185
9388 13589
9394 5740
9399 9401
9411 9247
9416 9420
9416 21045
9420 4762
9420 21044
9420 21045
9455 17969
9470 20450
9489 9642
9489 10349
9489 13215
9513 8734
9544 4611
9544 18043
9545 18043
9545 18051
9580 12497
9606 9305
9606 9306
9606 14662
9606 17677
9606 18037
9606 18041
9606 20404
9621 8717
9621 8734
9621 9223
9621 12706
9621 18528
9621 18529
9621 21105
9621 22557
9622 11662
9631 4229
9631 17892
9632 4229
9642 18859
9642 20450
9642 20504
9658 9656
9659 20450
9719 9720
9720 825
9720 7278
9724 1938
9724 7659
9724 12202
9724 13950
9724 23127
9728 2205
9728 12202
9728 13950
9728 22055
9751 1938
9751 2205
9752 1938
9754 12202
9773 10035
9792 7566
9792 7571
9795 4172
9812 6160
9812 16747
9812 22706
9813 6161
9813 22706
9814 6159
9814 22706
9828 7992
9846 7990
9846 19214
9877 5243
9934 9642
9934 10349
9935 24988
9936 9642
9936 10349
9976 18043
9976 22296
9997 7992
9998 7992
9999 163
9999 6056
9999 12528
9999 14555
9999 15389
9999 16518
9999 21067
10072 20057
10091 7992
10094 7992
10118 13589
10124 5334
10125 10124
10139 1583
10139 7279
10139 24933
10157 12373
10157 12376
10191 108
10191 1168
10191 2826
10191 3122
10191 3432
10191 5455
10191 6503
10191 6545
10191 6546
10191 7509
10191 8030
10191 9621
10191 11859
10191 15615
10191 15616
10191 16636
10191 16638
10191 16891
10191 17727
10191 18038
10191 18771
10191 20450
10191 20504
10191 22745
10191 23087
10191 24509
10203 18760
10274 2575
10274 12882
10274 22867
10314 12202
10347 954
10347 3136
10347 4229
10347 4231
10347 6671
10347 6715
10347 8074
10347 8788
10347 8790
10347 8791
10347 9798
10347 10349
10347 14293
10347 14886
10347 16371
10347 19495
10347 21825
10347 24712
10347 24713
10348 4229
10348 14455
10348 23552
10348 24712
10349 1168
10349 3140
10349 4231
10349 6671
10349 8074
10349 8787
10349 9797
10349 13209
10349 13786
10349 14708
10349 16371
10349 19334
10349 20397
10349 22159
10351 954
10351 956
10351 3136
10351 4229
10351 4231
10352 4229
10352 6715
10352 21825
10353 1972
10373 5265
10375 13829
10397 9642
10397 10349
10397 13215
10398 9642
10398 10349
10398 24988
10400 574
10400 5959
10400 5961
10400 14240
10401 19338
10415 13215
10443 1938
10443 2205
10443 4259
10443 15031
10443 15043
10459 11859
10497 1206
10497 4085
10497 19727
10497 23561
10507 7571
10507 23530
10508 1119
10508 7571
10508 13486
10508 23530
10511 4708
10517 2519
10560 5162
10560 6116
10560 14273
10560 18602
10560 21918
10560 21919
10608 3237
10608 3523
10608 21100
10623 21104
10629 1942
10629 2002
10629 2205
10629 4017
10629 5074
10629 6408
10629 8511
10629 9752
10629 12202
10629 12207
10629 14316
10629 14317
10629 15886
10629 16902
10629 16908
10629 17735
10629 18075
10629 18659
10629 19677
10629 21030
10629 21031
10629 21037
10629 21864
10629 23317
10629 23726
10630 1938
10630 2205
10630 4259
10639 7403
10639 21902
10639 24712
10644 1938
10644 2205
10644 4259
10644 12207
10644 15885
10666 10979
10670 7115
10704 23845
10710 16657
10711 18002
10739 1938
10739 21866
10839 14555
10839 17870
10855 11569
10871 8168
10872 19338
10875 19338
10890 17857
10916 2283
10916 13936
10916 16871
10916 17028
10950 13215
10950 24988
10979 10978
10981 20450
10986 13589
11027 9642
11028 13215
11079 303
11079 6756
11079 10725
11079 10839
11079 15143
11081 4423
11081 10725
11086 3778
11086 11621
11123 10839
11140 14249
11142 690
11201 750
11215 22528
11229 11086
11231 7115
11231 14497
11231 19594
11231 20565
11258 20428
11261 15408
11261 16689
11264 15408
11276 7893
11282 1208
11284 9306
11284 20622
11284 22308
11285 1206
11285 6580
11285 18041
11285 19287
11285 20620
11285 22308
11287 18037
11287 20622
11287 22308
11289 1206
11289 19287
11290 21104
11291 1206
11291 18041
11291 20504
11291 20620
11293 1208
11293 20622
11293 23117
11298 13356
11298 18043
11298 18051
11310 14472
11311 14472
11311 21867
11311 21872
11312 474
11312 1938
11312 2205
11312 4259
11312 15031
11312 15043
11312 24232
11314 12202
11315 474
11315 12202
11316 474
11316 1938
11316 4259
11316 12059
11316 13916
11316 15043
11316 24232
11326 3523
11326 5876
11326 8647
11326 11576
11326 12706
11326 13196
11326 21858
11327 22557
11331 5016
11331 5961
11331 14206
11331 15290
11351 17753
11365 9642
11365 13215
11369 203
11369 1927
11375 16303
11375 18811
11379 19440
11381 163
11381 1398
11381 3803
11381 7566
11381 7571
11381 9631
11381 9632
11381 9643
11381 11384
11381 13483
11381 13485
11381 14293
11381 19440
11381 19441
11381 19442
11381 19927
11382 7571
11383 11385
11390 2105
11390 2282
11399 13215
11409 10349
11426 19003
11488 16791
11488 20422
11514 5096
11538 1625
11538 3803
11538 6002
11538 6672
11538 6673
11538 7565
11538 7566
11538 7567
11538 7569
11538 9307
11538 10348
11538 10349
11538 10352
11538 10459
11538 13209
11538 13483
11538 13484
11538 18550
11538 19927
11538 20450
11538 24987
11540 954
11540 956
11540 1048
11540 6633
11540 13309
11540 14746
11540 19214
11540 19307
11540 21007
11540 21499
11540 21925
11541 956
11559 10349
11569 12486
11569 12489
11569 12490
11572 20504
11574 5876
11574 23038
11576 11326
11576 12490
11576 16683
11585 13589
11621 1151
11621 5086
11661 11662
11662 7821
11662 8616
11662 11661
11662 15639
11663 18043
11663 22297
11664 973
11664 14477
11664 18043
11664 18051
11664 19849
11664 19853
11664 22296
11664 22297
11665 18043
11665 18051
11665 22297
11668 16689
11678 4677
11698 1938
11698 2205
11698 4259
11698 7659
11698 15031
11699 474
11699 4259
11699 12059
11700 10739
11700 13539
11701 7659
11702 2205
11702 7659
11703 1938
11704 474
11704 4259
11704 12059
11705 474
11705 1938
11705 12202
11706 474
11706 7659
11707 13215
11732 2635
11732 8981
11732 8983
11732 11733
11732 20053
11732 20057
11733 2635
11733 8976
11733 8981
11733 8983
11733 11739
11733 11740
11733 17990
11733 18227
11733 18229
11733 20053
11733 20057
11733 22919
11739 8981
11744 11859
11744 20450
11745 8981
11745 8983
11745 18228
11745 20053
11745 20057
11747 11859
11747 13812
11762 4700
11762 4708
11762 10517
11762 13802
11762 23990
11770 18051
11798 1938
11798 1942
11798 4259
11798 21866
11818 11817
11822 13486
11822 14455
11824 21736
11827 4939
11827 14455
11859 1165
11859 1167
11859 2285
11859 5732
11859 7294
11859 12886
11879 20450
11880 20450
11881 22363
11888 11886
11893 2114
11922 10312
11930 10312
11935 6280
11935 9069
11935 23127
11936 474
11936 1938
11936 2469
11936 12202
11936 13950
11936 21030
11938 2205
11938 13950
11938 23127
11939 2469
11939 7659
11939 23127
11940 7659
11940 12202
11940 13950
11943 775
11943 7455
11943 11824
11943 24728
12033 16791
12033 24509
12051 9720
12059 475
12059 1938
12059 3291
12059 6637
12059 6640
12059 11798
12059 12259
12059 15030
12060 1938
12060 12202
12062 1938
12062 4259
12062 24232
12068 5239
12068 15401
12110 7402
12110 19658
12118 7115
12135 18043
12149 12148
12202 1942
12202 4493
12202 23726
12207 1942
12207 12202
12207 23726
12215 10979
12216 6756
12217 10979
12217 24462
12230 1938
12230 1942
12230 7659
12249 12839
12258 1938
12259 1938
12260 1938
12260 2205
12260 6641
12260 15031
12261 1938
12261 12202
12262 2205
12374 24379
12376 1165
12376 2285
12376 10157
12376 12379
12376 24379
12376 24383
12377 24379
12379 1164
12379 7394
12379 24213
12379 24379
12379 24382
12381 24383
12384 16672
12393 9642
12393 13215
12410 3778
12458 3118
12460 3118
12485 21104
12486 12033
12486 13786
12486 15657
12486 20504
12486 22824
12487 5876
12489 11569
12490 16304
12500 10349
12500 13215
12500 24988
12501 7571
12501 12629
12501 13486
12509 751
12509 17144
12509 24927
12526 24988
12540 9642
12540 13215
12540 24988
12545 21104
12598 678
12598 1054
12598 7039
12598 7613
12598 16802
12598 20513
12598 24682
12600 7613
12600 21104
12600 24682
12602 21280
12629 6673
12629 7566
12629 7567
12629 7568
12629 7569
12629 10348
12629 10349
12629 10351
12629 13483
12629 13485
12629 14886
12629 24094
12629 24987
12629 24988
12657 7822
12683 1938
12683 4259
12685 10035
12706 3523
12706 16680
12706 16683
12706 16684
12706 16686
12706 22557
12715 13215
12728 9247
12728 9306
12728 9483
12728 20404
12728 21984
12733 6545
12733 15463
12734 5932
12734 10191
12734 15749
12734 21664
12734 24509
12735 2186
12742 24429
12744 6756
12771 17037
12771 18043
12771 19853
12771 22296
12771 22297
12816 2285
12841 7571
12876 6756
12876 19873
12876 19876
12882 10274
12883 20667
12885 7606
12885 16790
12885 16791
12885 20667
12886 10274
12902 6005
12937 13589
12989 14097
13032 13215
13033 21104
13072 11298
13072 13356
13072 17728
13072 18047
13074 5732
13074 6065
13074 8840
13074 11298
13074 13356
13074 17727
13074 18047
13074 24213
13106 2848
13106 13934
13108 1382
13108 5674
13108 7565
13108 7566
13108 10349
13108 12501
13108 13358
13108 13483
13108 19223
13108 19340
13108 23530
13108 24987
13108 24988
13146 2848
13146 8371
13149 11276
13150 11276
13164 1942
13164 2205
13184 9642
13184 10349
13184 24988
13196 16683
13200 21280
13205 4913
13209 954
13209 955
13209 956
13209 3140
13209 4229
13209 19927
13209 23552
13215 954
13215 956
13225 18706
13265 1904
13303 13299
13323 1569
13339 2086
13358 7566
13358 7571
13389 7571
13389 13486
13389 23530
13456 13591
13456 17985
13456 22953
13458 3630
13483 954
13483 3136
13483 3140
13483 4229
13483 4231
13483 23552
13483 24712
13484 3140
13484 4229
13484 4231
13484 21825
13484 23552
13485 14455
13485 23552
13486 488
13486 489
13486 490
13486 949
13486 1722
13486 3803
13486 4232
13486 4872
13486 4873
13486 5592
13486 5616
13486 6002
13486 6421
13486 6673
13486 6706
13486 6713
13486 8074
13486 8171
13486 8173
13486 8175
13486 8787
13486 8788
13486 8791
13486 9777
13486 9797
13486 9798
13486 10347
13486 10349
13486 10352
13486 12934
13486 13483
13486 13484
13486 13485
13486 14293
13486 14707
13486 14708
13486 14713
13486 14886
13486 14891
13486 15634
13486 17008
13486 18578
13486 18579
13486 19926
13486 19927
13486 20397
13486 20835
13486 21821
13486 21826
13486 23232
13486 23504
13486 23696
13491 14137
13491 19462
13491 19463
13492 14137
13492 19462
13492 19463
13493 19462
13494 14137
13494 19462
13500 474
13500 1938
13500 21030
13500 21866
13505 474
13505 1938
13505 2205
13505 3377
13505 4259
13505 6641
13505 7763
13505 7855
13505 8242
13505 10644
13505 12202
13505 13164
13505 15031
13505 15043
13505 19677
13505 21030
13505 24232
13506 1938
13506 2205
13506 7659
13506 24232
13510 947
13510 16318
13510 21280
13519 1556
13520 18228
13535 1938
13535 2205
13539 474
13539 4259
13539 12059
13539 15043
13539 21866
13539 24232
13545 5680
13588 13589
13589 4637
13589 7279
13589 8342
13589 9869
13589 9947
13589 10939
13589 10940
13589 11893
13589 11894
13589 11897
13589 11899
13589 11900
13589 11917
13589 11918
13589 13151
13589 13587
13589 13596
13589 14498
13589 14761
13589 19232
13589 21127
13718 6116
13724 4708
13724 13802
13741 3603
13742 12379
13743 12033
13786 12711
13786 13928
13786 20291
13802 10375
13802 13160
13802 13830
13802 19175
13812 11747
13833 1583
13833 1586
13833 2114
13875 13215
13892 15316
13913 2205
13916 1938
13916 2205
13916 6637
13916 13539
13916 15030
13922 20342
13934 24860
13950 101
13950 472
13950 474
13950 475
13950 1094
13950 1140
13950 1141
13950 1143
13950 1355
13950 1356
13950 1371
13950 1372
13950 1996
13950 2000
13950 2003
13950 2378
13950 2381
13950 2384
13950 2928
13950 3270
13950 3275
13950 3291
13950 3292
13950 3295
13950 3316
13950 3376
13950 3377
13950 3540
13950 3762
13950 3841
13950 3842
13950 4016
13950 4017
13950 4259
13950 4493
13950 5068
13950 5069
13950 5070
13950 5072
13950 5073
13950 5074
13950 5076
13950 5226
13950 5229
13950 5230
13950 5232
13950 5233
13950 5741
13950 6283
13950 6284
13950 6458
13950 6459
13950 6632
13950 6638
13950 7664
13950 7763
13950 7850
13950 7852
13950 7853
13950 7855
13950 7859
13950 8511
13950 9751
13950 9752
13950 9754
13950 10314
13950 10629
13950 10630
13950 10644
13950 10739
13950 11312
13950 11314
13950 11699
13950 11700
13950 11701
13950 11702
13950 11703
13950 11704
13950 12060
13950 12062
13950 12230
13950 12258
13950 12259
13950 12260
13950 12683
13950 13164
13950 13165
13950 13500
13950 13505
13950 13506
13950 13535
13950 13537
13950 13539
13950 13916
13950 14007
13950 14040
13950 14076
13950 14312
13950 14313
13950 14316
13950 14317
13950 14459
13950 14460
13950 14461
13950 14466
13950 14467
13950 15028
13950 15029
13950 15030
13950 15031
13950 15032
13950 15040
13950 15042
13950 15641
13950 15643
13950 15644
13950 15646
13950 15885
13950 15886
13950 16237
13950 16902
13950 16908
13950 17101
13950 17102
13950 17103
13950 17104
13950 17107
13950 17108
13950 17740
13950 18078
13950 18080
13950 18438
13950 18444
13950 18655
13950 18656
13950 18981
13950 18989
13950 19519
13950 19676
13950 19679
13950 19680
13950 19925
13950 20539
13950 21032
13950 21033
13950 21037
13950 21349
13950 21350
13950 21351
13950 21536
13950 21537
13950 21539
13950 21540
13950 21699
13950 21864
13950 21875
13950 22348
13950 22654
13950 22655
13950 22658
13950 22660
13950 22697
13950 23322
13950 23542
13950 23543
13950 23544
13950 23726
13950 23759
13950 23760
13950 23855
13950 24212
13950 24225
13950 24226
13950 24227
13950 24228
13950 24229
13950 24230
13950 24231
13950 24232
13950 24563
13950 24565
13950 24567
13954 9642
13954 13215
13964 8788
13988 8635
13988 11125
13988 12033
13988 16787
13988 19123
14027 24878
14031 18528
14031 18529
14037 2848
14037 6545
14037 19338
14037 21105
14039 6756
14039 19876
14040 474
14040 1942
14040 4259
14040 12202
14053 9642
14053 13215
14054 9642
14067 20174
14076 1938
14094 1778
14094 2328
14094 3284
14094 3904
14097 11381
14112 23390
14185 21918
14188 1911
14188 19506
14189 19506
14193 24988
14197 9642
14197 10349
14198 9642
14198 24988
14206 11574
14236 12376
14236 16988
14236 24379
14237 12376
14239 16988
14239 24379
14248 4075
14248 16791
14248 19876
14248 22528
14248 23112
14249 22528
14249 24178
14262 21842
14272 487
14272 21473
14281 5910
14281 13988
14293 954
14293 4136
14293 4231
14312 12202
14313 475
14313 1371
14313 1938
14313 2205
14313 6637
14313 10739
14313 11316
14313 11798
14313 13539
14313 14495
14313 15029
14313 15030
14313 15641
14313 19519
14313 19680
14313 21539
14313 23760
14314 7659
14314 21030
14315 1938
14315 7659
14316 1938
14316 1942
14316 7659
14316 12202
14317 1938
14317 2205
14317 7659
14329 10349
14330 9642
14330 13215
14331 9642
14331 13215
14331 24988
14334 2091
14334 13928
14334 23869
14380 1938
14380 7659
14380 12202
14380 22055
14380 23127
14380 23541
14394 14395
14395 9885
14395 16680
14395 16681
14395 16683
14395 16684
14395 20422
14427 14428
14427 14429
14428 14429
14453 21825
14455 489
14455 490
14455 3611
14455 3924
14455 4230
14455 5440
14455 5589
14455 5594
14455 5616
14455 6710
14455 8788
14455 8790
14455 11260
14455 14293
14455 14453
14455 14703
14455 14707
14455 16170
14455 18578
14455 19495
14455 19926
14455 20835
14455 21819
14455 21820
14455 21821
14455 21823
14455 21826
14455 23503
14455 24987
14458 474
14458 1938
14458 7659
14459 1938
14459 7659
14459 12202
14460 474
14460 1938
14461 2205
14461 11316
14461 15030
14462 1938
14462 2205
14462 4259
14463 1938
14463 1942
14463 4259
14463 7659
14463 12202
14464 474
14464 12202
14466 2205
14466 12202
14467 12202
14477 1752
14477 1753
14477 1754
14477 3687
14477 3688
14477 4613
14477 4616
14477 4617
14477 4618
14477 4619
14477 6065
14477 9545
14477 9976
14477 11298
14477 14490
14477 15333
14477 18047
14477 18048
14477 22010
14478 4619
14478 14477
14478 18043
14478 22297
14480 23709
14489 487
14490 18043
14490 18051
14490 22297
14495 21866
14517 18043
14517 18051
14520 4423
14520 6746
14521 203
14524 13215
14525 9642
14536 5876
14539 21104
14555 5901
14649 17627
14649 17628
14649 23845
14652 21104
14664 9642
14664 10349
14664 24988
14669 18016
14670 1938
14670 13950
14670 23127
14671 474
14671 2469
14671 12059
14671 21030
14672 1938
14672 2205
14672 12202
14672 13950
14673 1942
14673 2205
14673 6280
14673 9069
14673 10629
14673 12202
14673 13950
14673 15552
14673 22055
14674 474
14674 1938
14674 12202
14674 13950
14690 15182
14691 7978
14691 24235
14698 8981
14698 18228
14698 20057
14700 2635
14700 11733
14700 18228
14701 20053
14702 11733
14702 20053
14730 5959
14730 5961
14749 7560
14749 7561
14811 8839
14863 9642
14878 10124
14886 2943
14886 8074
14886 8787
14886 24712
14891 2943
14891 6715
14909 9642
14941 9642
14941 10349
14941 13215
14941 24988
14965 18336
14982 13802
14985 13215
15010 9925
15028 1938
15029 1938
15029 2205
15030 1938
15030 4259
15030 21866
15031 1938
15031 1942
15031 4259
15031 7956
15031 15885
15031 15886
15031 18444
15032 1942
15032 2205
15032 12202
15042 1938
15042 2205
15042 4259
15042 18438
15042 24232
15043 2205
15043 4259
15043 6637
15043 6641
15043 11798
15043 15030
15043 15031
15043 15885
15043 15886
15043 17735
15043 23855
15044 2205
15044 12202
15046 1938
15046 1942
15046 12202
15052 21104
15076 19441
15076 19707
15087 11859
15141 21918
15143 16097
15143 19063
15153 13758
15217 6756
15235 9642
15235 13215
15250 2986
15250 4346
15250 18002
15250 19338
15250 20373
15250 20375
15264 2018
15267 2018
15269 9383
15269 13786
15270 4266
15276 425
15289 4453
15289 5876
15289 16684
15289 16686
15290 3902
15290 3903
15290 20175
15290 24860
15326 7566
15326 13486
15326 14455
15327 3285
15327 3814
15327 4766
15327 5505
15327 7565
15327 7567
15327 7568
15327 7569
15327 9631
15327 9632
15327 9642
15327 9643
15327 10349
15327 10351
15327 13209
15327 13483
15327 13484
15327 14293
15327 15326
15327 15328
15327 15891
15327 15896
15327 15898
15327 19441
15327 24987
15327 24988
15328 7571
15328 13486
15328 14455
15328 15895
15329 7571
15329 10347
15329 13209
15329 14455
15329 15327
15329 15895
15329 19440
15329 19442
15330 7566
15330 7571
15330 14455
15332 7115
15333 4423
15333 18043
15333 18051
15370 8074
15374 15369
15375 487
15410 16747
15410 18650
15410 22706
15411 16747
15411 22706
15414 15412
15419 20450
15444 7571
15444 13486
15458 12876
15463 12457
15463 18016
15476 7096
15502 20111
15503 20111
15504 9314
15504 15302
15505 9314
15505 15302
15518 7978
15526 2703
15550 474
15550 7659
15550 15552
15550 21030
15550 23127
15551 7763
15551 12202
15551 13950
15551 23127
15552 472
15552 474
15552 1938
15552 1942
15552 2000
15552 2205
15552 2469
15552 3316
15552 3317
15552 3377
15552 3841
15552 4016
15552 4017
15552 4259
15552 5070
15552 5073
15552 5076
15552 6280
15552 6284
15552 6408
15552 6641
15552 7763
15552 9754
15552 10443
15552 10629
15552 11698
15552 11699
15552 12202
15552 12207
15552 12230
15552 12259
15552 12260
15552 12683
15552 13539
15552 13913
15552 15031
15552 15032
15552 15043
15552 15046
15552 16902
15552 16906
15552 17740
15552 18444
15552 18659
15552 18996
15552 21030
15552 21037
15552 21352
15552 21538
15552 22055
15552 22348
15552 22654
15552 23726
15552 24230
15553 472
15553 474
15553 475
15553 1094
15553 1938
15553 4259
15553 5071
15553 5741
15553 6284
15553 6458
15553 6637
15553 6641
15553 7763
15553 10739
15553 11312
15553 11798
15553 12202
15553 13539
15553 15029
15553 15030
15553 15031
15553 15043
15553 15641
15553 18989
15553 19519
15553 19680
15553 21030
15553 21037
15553 21345
15553 21539
15553 21864
15553 23127
15553 23760
15556 474
15556 4259
15556 7659
15556 12202
15556 15885
15556 17735
15556 21030
15556 23127
15620 9642
15620 13215
15620 24988
15641 474
15641 1938
15641 1942
15641 4259
15641 12059
15641 12202
15641 15043
15641 21540
15641 21866
15641 24232
15642 1938
15642 4259
15642 21866
15643 2205
15643 4259
15643 15043
15643 24232
15644 1938
15644 2205
15646 7659
15657 12486
15689 13718
15692 13718
15699 19287
15742 562
15749 18
15749 40
15749 1165
15749 1872
15749 5932
15749 15616
15764 6756
15774 5016
15776 14489
15830 24380
15830 24381
15835 21414
15855 11276
15858 11030
15858 13800
15859 13999
15859 20573
15859 20794
15859 21925
15859 21926
15860 1938
15862 4689
15862 5010
15862 9538
15862 13196
15862 13999
15862 16492
15862 20573
15862 20637
15862 20794
15862 20795
15862 21925
15882 20361
15883 12202
15885 1942
15885 2205
15885 12202
15886 1938
15886 1942
15886 2205
15886 4259
15891 4229
15891 7571
15891 11381
15895 4228
15895 5718
15895 7565
15895 7566
15895 7568
15895 8790
15895 8791
15895 11379
15895 11381
15895 11384
15895 13358
15895 13483
15895 13485
15895 18164
15895 18170
15895 23146
15895 24988
15896 7566
15896 7571
15896 11381
15897 9775
15898 4229
15898 4231
15898 7571
15898 15895
15898 18170
15905 9642
15905 10349
15906 10349
15968 16690
16001 20401
16013 1938
16013 7659
16013 12202
16013 13950
16085 10349
16085 13215
16085 24988
16087 9642
16087 10349
16087 13215
16087 24988
16100 1940
16119 8931
16121 342
16121 8931
16121 14395
16121 24405
16122 366
16122 1582
16122 1583
16122 1584
16122 8931
16122 16118
16122 19349
16122 20911
16122 23873
16155 515
16155 756
16155 1043
16155 2301
16155 3283
16155 3523
16155 3856
16155 6003
16155 6325
16155 8839
16155 9145
16155 9186
16155 11621
16155 12535
16155 13034
16155 13726
16155 15052
16155 15269
16155 15863
16155 16002
16155 16689
16155 16775
16155 17982
16155 17990
16155 18147
16155 19059
16155 19597
16155 19763
16155 19766
16155 21050
16155 22298
16155 22954
16155 23967
16168 3918
16168 16165
16171 16168
16175 10349
16175 13215
16176 9642
16176 10349
16176 24988
16186 474
16186 13950
16186 23127
16188 1938
16188 10629
16188 12202
16188 13950
16237 2205
16237 4259
16295 23743
16313 16303
16314 5876
16320 13486
16346 9468
16415 10349
16415 13215
16416 10349
16416 24988
16417 9642
16417 10349
16417 24988
16418 13215
16418 24988
16419 9642
16419 24988
16490 4689
16494 3809
16516 11859
16518 10274
16518 17712
16553 1778
16567 4783
16567 19338
16569 24235
16569 24350
16570 3118
16571 24235
16572 19338
16572 20401
16572 20403
16576 11276
16576 16675
16578 3140
16578 8735
16578 11276
16578 19029
16578 21105
16578 23955
16586 9642
16586 24988
16587 13215
16587 24988
16621 13510
16636 43
16636 5932
16636 11859
16636 15749
16637 43
16637 11859
16637 15749
16637 19334
16638 43
16638 11859
16638 15749
16675 966
16675 968
16675 2558
16675 3237
16675 3523
16675 3778
16675 4689
16675 4707
16675 5256
16675 7700
16675 7788
16675 8179
16675 8429
16675 8837
16675 9145
16675 9764
16675 9793
16675 11171
16675 12891
16675 15846
16675 16689
16675 16775
16675 19228
16675 19763
16675 19766
16675 19790
16675 20422
16675 20566
16675 20797
16675 20997
16675 21375
16675 21440
16675 21672
16675 22953
16675 23075
16683 5876
16683 11576
16684 12706
16684 16689
16684 24018
16686 12706
16687 14758
16689 163
16689 11261
16689 11668
16689 16675
16689 17587
16722 14555
16772 13215
16772 24988
16775 18693
16775 18694
16775 18696
16776 2425
16776 12410
16776 18696
16776 24617
16776 24618
16776 24620
16780 22247
16789 16675
16796 8801
16801 12379
16801 24379
16802 858
16802 15860
16802 20637
16873 9286
16874 16876
16887 80
16891 20450
16902 1938
16902 1942
16902 2205
16902 15031
16906 474
16918 3902
16918 3903
16918 4689
16918 17990
16918 23177
16941 13215
16960 7571
16960 23530
16965 5270
16965 13786
16965 23099
16987 24379
16987 24382
16988 1165
16988 16561
16988 16562
16988 24382
16990 7978
16990 12376
16990 24382
17034 14477
17034 18043
17035 3687
17035 4611
17035 6064
17035 18043
17035 18047
17035 22297
17036 18043
17036 22297
17037 973
17037 1750
17037 1754
17037 3687
17037 3688
17037 3690
17037 4044
17037 4610
17037 6064
17037 8442
17037 9545
17037 10634
17037 11298
17037 14477
17037 18043
17037 18048
17037 19849
17037 19853
17037 22296
17037 22297
17038 18043
17038 22297
17039 4611
17039 14477
17039 18043
17039 19849
17039 22297
17040 973
17040 3687
17040 3688
17040 3690
17040 4610
17040 4611
17040 6064
17040 17037
17040 18047
17040 18048
17040 22297
17041 973
17041 14477
17042 18051
17046 6003
17046 6004
17054 6184
17054 10349
17054 13486
17054 24682
17059 10349
17059 13215
17059 24988
17065 10349
17078 9212
17101 1938
17101 1942
17101 10629
17101 15886
17102 12202
17103 2381
17103 7659
17103 21030
17104 4259
17104 21030
17104 24232
17106 2205
17106 7659
17106 12202
17107 12202
17108 2205
17108 7659
17114 23708
17122 487
17122 9971
17122 14395
17144 12509
17148 1019
17148 4700
17148 4708
17148 10517
17148 13802
17148 23994
17162 17165
17165 17163
17222 7992
17250 2848
17250 2849
17253 13486
17324 8718
17327 15412
17327 15414
17349 5876
17349 21469
17349 22557
17349 24807
17409 23869
17414 7571
17414 13486
17414 14455
17472 13356
17472 17727
17478 7566
17478 9631
17478 10349
17478 10352
17478 13486
17478 19442
17478 19927
17493 939
17529 20450
17530 3778
17530 13741
17556 17558
17558 9396
17558 17560
17559 17558
17575 9642
17575 21441
17577 5220
17580 7115
17587 2251
17587 2290
17587 16689
17587 17345
17589 7017
17589 13815
17589 14832
17589 14833
17589 17539
17589 17540
17589 17543
17598 9642
17598 13215
17598 24988
17600 24988
17603 9846
17623 18529
17650 18336
17675 10349
17675 13215
17684 5271
17700 7566
17700 7571
17700 13486
17735 1942
17735 2205
17735 12202
17740 4259
17782 1208
17783 1208
17790 7115
17822 13423
17822 13906
17868 14428
17870 7992
17892 7566
17892 7571
17892 13485
17892 19440
17892 19442
17892 19927
17892 24988
17917 163
17917 1745
17917 3670
17917 3671
17917 7991
17917 17603
17917 19214
17917 21431
17917 21433
17917 21434
17917 21898
17918 7992
17954 24988
17985 12596
17985 15862
18002 10711
18002 15250
18016 3122
18016 8030
18016 12457
18017 3122
18038 10191
18043 1750
18043 1752
18043 1753
18043 4610
18043 4612
18043 4614
18043 4616
18043 4617
18043 4618
18043 4619
18043 8442
18043 18046
18043 18047
18043 18048
18043 18049
18043 18050
18043 18051
18043 18052
18047 4610
18051 1750
18051 1752
18051 1753
18051 4611
18051 4613
18051 4616
18051 4617
18051 4618
18051 4619
18051 18046
18051 18048
18075 2205
18078 7659
18080 1938
18080 1942
18080 2205
18080 12202
18107 80
18107 1678
18107 1877
18107 4700
18107 9187
18107 16999
18107 18970
18111 11859
18111 15749
18150 13215
18164 7571
18164 18170
18164 19440
18165 13589
18170 1382
18170 5505
18170 6673
18170 7569
18170 9642
18170 19440
18170 19927
18170 24988
18188 1904
18194 11068
18196 18194
18227 8983
18228 8976
18228 8977
18228 11740
18228 18227
18228 22919
18228 23798
18250 2290
18252 21104
18284 1382
18284 5805
18284 7566
18284 7569
18284 7571
18284 9631
18284 10347
18284 10348
18284 10349
18284 10352
18284 13485
18284 19442
18284 19927
18284 24988
18285 5805
18285 7571
18285 10347
18285 10349
18285 13486
18285 19927
18285 24987
18286 7571
18294 20622
18325 1938
18325 2205
18325 12202
18325 13950
18328 9642
18328 13215
18336 3237
18336 3778
18396 316
18400 14714
18408 9631
18438 1938
18438 2205
18440 1942
18440 2205
18440 12202
18441 1938
18441 4259
18441 21866
18444 1938
18444 2205
18444 4259
18519 13589
18520 10072
18520 15860
18520 20057
18521 15860
18528 1108
18528 1111
18528 1116
18528 1117
18528 18529
18529 1108
18529 1111
18529 1117
18529 8514
18529 9396
18550 7566
18550 7568
18550 7571
18550 13483
18550 13486
18628 3121
18628 3542
18628 15820
18628 15823
18652 19440
18654 19488
18655 1938
18655 2205
18655 15029
18655 15030
18656 1938
18656 2205
18656 4259
18656 24232
18659 2205
18694 3778
18702 6005
18707 4638
18717 169
18760 7225
18760 10203
18760 14660
18765 1382
18765 3814
18765 7566
18765 9643
18765 10347
18765 10349
18765 10351
18765 10352
18765 13485
18765 18767
18765 19440
18765 19442
18765 24987
18765 24988
18766 7571
18766 13486
18767 7565
18767 7569
18767 7571
18767 9631
18767 9632
18767 10347
18767 10351
18767 13483
18767 13484
18767 13485
18767 14455
18768 7566
18768 13486
18805 474
18805 2469
18805 7659
18805 9072
18805 12202
18805 13950
18805 15552
18805 21030
18805 23127
18806 1938
18806 4259
18806 12202
18806 13950
18806 23127
18815 9642
18821 1762
18821 11226
18821 11227
18821 18824
18822 15862
18856 4485
18856 4700
18859 6673
18859 7565
18859 7571
18859 9642
18859 9792
18859 10351
18859 10352
18859 13209
18859 13484
18859 14886
18859 19926
18859 24987
18859 24988
18860 10349
18860 13215
18899 22155
18975 1942
18975 2205
18975 7659
18975 12202
18976 2205
18978 12202
18978 21030
18979 7659
18981 12202
18989 1938
18989 12202
18996 474
18996 1938
18996 1942
18996 2205
18996 4259
18996 6641
18996 7763
18996 15031
18996 15043
18996 15046
19001 21551
19008 18428
19009 18428
19029 3523
19029 21551
19058 23565
19059 21104
19123 5910
19129 8190
19139 1778
19175 15698
19213 1151
19213 7039
19223 15634
19223 20397
19224 13770
19228 4700
19228 16675
19233 316
19237 19236
19239 20373
19245 5876
19292 19291
19308 7659
19308 12202
19310 1938
19310 2205
19310 4259
19310 13950
19310 14313
19310 15043
19310 15553
19310 18655
19310 21232
19310 21866
19310 23127
19310 24232
19311 474
19311 5225
19311 9072
19311 13505
19311 13950
19311 15553
19311 21030
19311 21037
19311 21536
19311 21866
19311 23127
19312 1938
19312 5741
19312 6458
19312 6641
19312 7763
19312 13950
19312 15031
19312 15043
19312 15641
19313 474
19313 1938
19313 2205
19313 4259
19313 6280
19313 6458
19313 12202
19313 13950
19313 15031
19313 21030
19313 22055
19313 23127
19317 21104
19318 21924
19320 13999
19320 21925
19334 1981
19334 18016
19337 19338
19338 9777
19338 16689
19360 1313
19360 6756
19361 11390
19438 7659
19438 13950
19439 474
19439 1938
19439 2469
19439 13950
19439 21030
19440 6545
19440 8788
19440 9642
19440 20620
19440 20622
19440 22436
19442 6545
19442 9642
19442 20622
19442 23503
19486 13802
19488 4700
19488 4708
19488 10517
19488 13802
19488 18107
19488 20749
19491 4708
19493 4708
19495 1826
19495 10347
19506 207
19506 998
19506 999
19506 1911
19506 8029
19506 12121
19506 13149
19506 15854
19506 22014
19506 22015
19519 1938
19519 2205
19525 9306
19561 9642
19561 10349
19561 24988
19563 9642
19566 1583
19594 163
19594 9212
19594 11231
19594 20565
19628 17587
19651 6545
19654 19524
19654 20751
19675 1938
19675 24232
19676 474
19676 12059
19676 12202
19677 12202
19677 15031
19677 21866
19678 12202
19679 1938
19679 12202
19680 474
19680 1938
19680 4259
19680 12059
19680 21866
19728 1206
19790 14395
19790 22689
19792 1119
19824 6159
19824 9813
19824 9814
19845 9306
19845 9472
19845 20404
19847 4619
19847 19849
19847 22296
19847 22297
19848 14477
19848 18051
19848 22297
19849 1750
19849 1754
19849 1857
19849 1858
19849 3687
19849 3688
19849 4610
19849 4619
19849 6065
19849 9544
19849 10634
19849 11770
19849 12134
19849 18043
19849 18046
19849 18047
19849 18048
19849 18050
19849 18052
19849 22296
19849 22297
19850 3687
19850 18043
19851 3687
19851 4611
19851 18043
19852 4611
19852 18043
19852 22297
19853 1754
19853 1857
19853 1858
19853 3687
19853 3688
19853 3690
19853 4619
19853 6064
19853 6065
19853 8442
19853 11298
19853 11770
19853 14478
19853 18043
19853 18051
19853 19847
19853 19849
19853 22296
19853 22297
19856 14477
19856 18051
19856 19849
19856 19853
19856 22296
19857 18051
19857 22297
19863 21280
19870 21257
19873 1625
19873 1972
19873 1974
19873 13402
19873 23967
19876 2001
19876 2218
19876 12876
19876 12881
19876 12883
19876 12884
19876 14497
19876 16153
19877 9642
19877 10349
19916 7571
19916 19440
19917 5805
19917 6672
19917 6673
19917 7565
19917 7568
19917 13483
19917 13485
19917 19442
19917 19927
19917 24987
19921 678
19926 4136
19926 4231
19927 4229
19927 4231
19927 9797
19927 16371
19927 19305
19927 22159
19932 6184
19932 7571
19932 8358
19932 13486
19932 24682
19948 5016
19948 23709
19952 487
19953 1999
19957 1753
19957 1754
19957 1858
19957 3687
19957 4044
19957 4176
19957 4610
19957 4611
19957 6064
19957 6996
19957 7002
19957 11665
19957 12134
19957 14477
19957 14517
19957 17035
19957 17037
19957 17040
19957 17041
19957 18043
19957 18046
19957 18050
19957 18051
19957 18052
19957 19848
19957 19849
19957 19850
19957 19851
19957 20060
19957 22010
19957 22297
19957 22664
19964 18400
19981 14649
20024 12202
20026 20450
20043 1762
20048 1556
20048 2635
20048 8981
20048 18228
20048 20053
20053 2635
20053 8977
20053 8981
20053 8982
20053 11739
20053 11740
20053 17990
20053 18227
20053 20057
20057 8977
20057 8982
20057 15333
20057 18229
20057 21280
20060 973
20060 14477
20060 18043
20060 18051
20060 22297
20061 973
20061 14477
20061 22296
20062 4610
20062 4611
20062 14477
20062 18043
20062 18051
20063 18043
20063 19849
20063 22297
20064 4611
20064 14477
20064 18043
20065 4611
20065 18043
20065 22297
20111 1511
20111 2486
20111 2487
20111 18041
20111 18872
20111 20110
20124 11452
20138 21104
20171 12410
20171 18693
20171 18694
20171 18695
20171 18696
20171 24617
20171 24618
20171 24619
20174 10360
20174 14067
20174 20428
20276 20422
20283 15832
20289 1208
20298 19287
20300 19287
20300 23117
20319 16988
20332 9642
20332 13215
20333 9642
20333 13215
20357 9642
20357 13215
20360 15925
20361 3848
20361 3850
20372 15862
20375 4346
20401 9793
20401 16001
20401 20450
20401 21104
20401 21105
20402 7992
20403 21105
20404 16689
20404 17587
20404 22905
20413 676
20422 6005
20422 7788
20422 21104
20423 10376
20423 19402
20428 17530
20428 20174
20491 6619
20492 6619
20502 12486
20504 337
20504 862
20504 1601
20504 2290
20504 2606
20504 3903
20504 5096
20504 5445
20504 6048
20504 6064
20504 7681
20504 8791
20504 9307
20504 10191
20504 11291
20504 11569
20504 11572
20504 12033
20504 12486
20504 12487
20504 12513
20504 13167
20504 16636
20504 16637
20504 16684
20504 18037
20504 18041
20504 19334
20504 20622
20504 20972
20504 21672
20504 22824
20504 23087
20504 23117
20504 23404
20504 23715
20504 24213
20504 24883
20510 4762
20510 16740
20511 16740
20539 1942
20539 15031
20542 24988
20565 11231
20565 19594
20565 21280
20565 23430
20566 1151
20566 6005
20566 16675
20573 2703
20573 2943
20573 7292
20581 13934
20592 10349
20592 13215
20593 10349
20594 24988
20595 9642
20595 13215
20595 24988
20622 2529
20622 2530
20636 2290
20715 203
20715 6005
20734 9642
20734 13215
20734 24988
20735 9642
20735 24988
20737 13215
20737 24988
20738 13215
20738 24988
20745 4708
20745 10517
20745 13802
20749 1877
20749 4700
20749 4708
20749 4768
20749 5265
20749 6693
20749 20751
20750 4708
20751 203
20751 1877
20751 1927
20751 1928
20751 3852
20751 4700
20751 4701
20751 4706
20751 4708
20751 7952
20751 8155
20751 10373
20751 10375
20751 10517
20751 10902
20751 11369
20751 11370
20751 11371
20751 11922
20751 13802
20751 13827
20751 15627
20751 15698
20751 17881
20751 20747
20751 21399
20751 21458
20751 21503
20751 22395
20751 24978
20751 24990
20753 20751
20757 13215
20758 1511
20758 15302
20758 21705
20795 11231
20795 13205
20796 21104
20797 21104
20798 24988
20837 5683
20845 20842
20858 3527
20858 21925
20858 21926
20892 1938
20892 2205
20892 4259
20892 7659
20892 24232
20954 13215
20954 24988
20964 425
20966 13558
20970 4635
20972 2562
20972 13108
21001 8788
21001 14700
21003 1001
21003 19338
21004 21104
21005 956
21005 19338
21005 21104
21007 1001
21007 6503
21008 14649
21008 21104
21012 3384
21030 101
21030 474
21030 475
21030 1938
21030 1942
21030 2000
21030 3291
21030 3317
21030 3846
21030 4259
21030 5741
21030 6632
21030 6637
21030 6640
21030 6641
21030 7659
21030 7763
21030 7956
21030 8242
21030 10739
21030 11315
21030 11316
21030 11699
21030 11704
21030 11705
21030 11798
21030 12060
21030 12202
21030 12259
21030 12260
21030 13539
21030 14459
21030 14460
21030 14464
21030 15030
21030 15031
21030 15032
21030 15043
21030 15641
21030 15883
21030 16906
21030 17740
21030 18441
21030 18996
21030 19676
21030 19677
21030 19679
21030 19680
21030 21345
21030 21352
21030 21539
21030 21864
21030 22348
21030 23317
21030 23320
21030 23321
21030 23855
21030 24226
21030 24232
21031 2205
21032 1938
21032 10739
21033 474
21033 1938
21033 12202
21037 474
21037 1140
21037 1942
21037 2205
21037 4259
21037 5741
21037 6641
21037 7763
21037 8242
21037 10644
21037 12059
21037 15031
21037 15043
21037 15641
21037 21030
21037 24232
21038 2205
21047 5016
21047 21473
21060 21104
21068 7992
21104 184
21104 561
21104 1111
21104 1907
21104 1981
21104 3381
21104 3384
21104 3778
21104 3804
21104 6003
21104 7821
21104 7822
21104 7994
21104 8616
21104 8783
21104 9244
21104 9247
21104 9307
21104 11290
21104 11414
21104 12175
21104 12545
21104 13033
21104 15052
21104 17530
21104 17990
21104 19317
21104 19334
21104 19742
21104 19743
21104 20276
21104 20401
21104 21060
21104 22214
21104 22919
21104 24859
21105 3778
21105 5455
21105 6494
21105 8784
21105 10401
21105 11229
21105 22841
21109 13038
21122 15411
21154 16949
21160 11231
21231 1938
21231 6280
21231 13950
21231 23127
21232 472
21232 474
21232 475
21232 1938
21232 2205
21232 4259
21232 5069
21232 5071
21232 6284
21232 6641
21232 7659
21232 9071
21232 9072
21232 10644
21232 11312
21232 11798
21232 13950
21232 14317
21232 15029
21232 15030
21232 15031
21232 15043
21232 18656
21232 18979
21232 19519
21232 21030
21232 21037
21232 21236
21232 23319
21232 23760
21234 1942
21234 2205
21234 6280
21234 7659
21234 9069
21234 13950
21234 22055
21234 23127
21236 474
21236 4259
21236 12202
21236 13950
21236 15552
21236 15553
21236 18996
21236 23127
21237 1938
21237 7659
21237 12202
21237 13950
21239 1938
21239 12202
21239 23127
21259 21104
21267 7930
21267 9332
21267 17727
21267 17728
21277 9642
21277 13215
21280 1762
21280 12789
21280 16168
21280 16353
21296 7992
21299 4431
21299 9720
21299 11383
21318 18873
21318 18876
21338 6463
21339 20751
21345 1942
21345 4259
21345 12202
21347 1938
21349 1938
21349 2205
21349 12202
21350 15031
21351 12202
21352 1938
21352 12202
21368 1762
21369 13589
21414 3903
21414 6335
21414 20795
21414 21280
21431 9846
21432 7109
21432 20504
21433 7992
21433 9846
21434 7992
21434 9846
21441 12509
21447 13999
21447 21926
21450 3063
21473 5016
21473 14395
21503 10375
21535 1938
21535 2205
21536 12202
21536 15043
21537 4259
21538 1938
21538 2205
21538 4259
21538 15031
21538 15043
21538 24232
21539 12202
21539 21866
21540 1938
21540 12202
21551 19001
21552 2205
21552 2469
21572 10349
21572 13215
21572 24988
21573 13215
21575 9642
21575 10349
21575 13215
21590 23967
21590 24584
21590 24781
21672 20450
21672 20504
21699 1938
21699 12202
21705 9314
21705 13749
21706 20111
21714 23565
21767 12410
21767 18693
21767 18694
21767 24617
21767 24618
21767 24619
21767 24620
21768 2425
21768 18694
21768 18696
21768 24620
21786 12033
21791 1520
21818 3920
21818 6715
21818 16168
21819 16168
21820 3920
21820 16168
21822 19287
21823 3923
21824 6715
21825 9642
21851 2205
21851 4259
21851 6280
21851 9069
21851 13950
21851 22055
21851 23127
21864 12207
21865 4259
21873 1597
21875 1938
21895 3384
21895 9846
21895 18693
21895 20174
21895 24618
21895 24619
21898 9846
21898 18336
21916 6756
21916 21918
21918 6116
21918 14185
21918 21919
21918 24018
21919 1032
21924 1119
21925 8931
21926 10035
21952 9620
21952 15723
22010 4610
22010 18043
22010 18051
22014 1974
22014 16689
22017 13215
22048 11231
22055 1942
22055 2204
22055 3270
22055 3297
22055 3540
22055 3841
22055 3842
22055 4017
22055 5072
22055 5073
22055 5074
22055 5076
22055 6408
22055 6459
22055 6460
22055 6638
22055 7664
22055 7852
22055 7853
22055 8511
22055 8852
22055 9751
22055 10443
22055 10629
22055 11702
22055 12202
22055 12207
22055 12258
22055 12260
22055 13535
22055 13913
22055 14316
22055 15043
22055 15046
22055 15644
22055 15885
22055 15886
22055 16237
22055 16902
22055 17101
22055 17735
22055 18080
22055 18656
22055 18659
22055 18975
22055 18996
22055 19675
22055 20539
22055 21037
22055 21538
22055 21865
22055 22348
22055 23544
22055 23726
22055 23759
22055 23760
22055 24212
22055 24229
22055 24231
22055 24232
22182 4267
22188 7992
22188 12373
22189 7992
22210 11662
22210 16494
22212 16494
22214 11662
22214 21104
22215 16494
22218 1119
22244 7992
22244 17712
22245 17712
22246 7992
22246 20622
22296 1754
22296 3687
22296 4613
22296 4619
22296 8442
22296 9544
22296 9545
22296 10634
22296 11770
22296 18043
22296 18048
22296 18051
22297 1753
22297 1754
22297 4610
22297 4612
22297 4613
22297 4614
22297 4616
22297 4617
22297 4618
22297 6064
22297 6065
22297 9544
22297 9545
22297 12134
22297 12135
22297 14517
22297 15333
22297 18049
22297 18050
22297 18051
22297 18052
22297 22296
22298 20053
22348 2205
22348 12202
22354 20450
22363 19440
22376 10349
22376 13215
22376 24988
22382 11231
22382 11739
22382 11740
22389 22390
22436 19440
22436 20622
22444 13215
22491 6463
22491 13802
22513 725
22513 727
22527 5096
22527 16791
22527 24883
22528 7606
22528 11215
22528 16790
22528 16791
22528 20667
22529 2284
22529 2575
22529 7606
22529 7607
22529 16790
22529 22867
22529 24883
22533 11859
22545 13486
22557 4506
22557 7822
22557 12706
22557 19742
22599 21845
22654 1938
22654 12202
22655 1938
22655 4259
22655 7659
22655 15043
22655 24232
22657 1938
22657 1942
22657 2205
22657 4259
22657 22055
22658 7850
22658 12202
22660 1938
22660 2205
22660 7659
22662 973
22662 14477
22662 18051
22662 19849
22662 19853
22662 22296
22662 22297
22663 19849
22664 4044
22664 17037
22664 17040
22664 18043
22664 18051
22664 19853
22664 22297
22674 9642
22674 24988
22681 24978
22689 3902
22689 15025
22695 474
22695 1942
22695 12202
22695 12207
22697 1938
22734 11621
22740 1762
22745 10191
22778 10519
22785 163
22785 955
22785 7990
22824 6064
22824 12486
22824 20504
22832 18041
22839 13741
22841 18336
22841 19873
22841 20057
22841 21104
22846 10349
22867 10274
22867 24178
22891 15411
22905 19334
22912 7566
22912 9777
22912 14455
22912 19927
22914 14455
22954 6756
22954 11231
22958 2114
22979 2635
22979 18228
22994 16689
23006 11859
23038 13811
23038 20283
23049 16675
23051 8837
23056 5961
23077 20749
23085 11859
23086 11859
23087 15749
23088 11859
23091 20751
23099 5272
23099 11231
23099 13326
23099 13786
23099 21551
23099 23094
23099 23097
23112 14248
23114 2828
23127 475
23127 1094
23127 1141
23127 1142
23127 1143
23127 1355
23127 1371
23127 1372
23127 1996
23127 2000
23127 2002
23127 2003
23127 2204
23127 2381
23127 3270
23127 3275
23127 3291
23127 3295
23127 3297
23127 3316
23127 3317
23127 3377
23127 3747
23127 3762
23127 3841
23127 4017
23127 4493
23127 5068
23127 5070
23127 5071
23127 5072
23127 5073
23127 5226
23127 6283
23127 6284
23127 6459
23127 6460
23127 6632
23127 6637
23127 6641
23127 7666
23127 7763
23127 7853
23127 7854
23127 7856
23127 7956
23127 8242
23127 8511
23127 8852
23127 9171
23127 9751
23127 9754
23127 10314
23127 10443
23127 10630
23127 10644
23127 11312
23127 11314
23127 11316
23127 11698
23127 11699
23127 11700
23127 11701
23127 11702
23127 11703
23127 11705
23127 11706
23127 12060
23127 12062
23127 12260
23127 12261
23127 13164
23127 13505
23127 13506
23127 13535
23127 13537
23127 13539
23127 14007
23127 14040
23127 14076
23127 14313
23127 14314
23127 14315
23127 14316
23127 14458
23127 14462
23127 14464
23127 15028
23127 15029
23127 15032
23127 15042
23127 15641
23127 15642
23127 15646
23127 15885
23127 15886
23127 16906
23127 16907
23127 17101
23127 17102
23127 17104
23127 17106
23127 17107
23127 17735
23127 18075
23127 18078
23127 18080
23127 18441
23127 18442
23127 18444
23127 18655
23127 18656
23127 18975
23127 18976
23127 18978
23127 18981
23127 19676
23127 19680
23127 19925
23127 20024
23127 21038
23127 21345
23127 21351
23127 21352
23127 21536
23127 21537
23127 21539
23127 21540
23127 21699
23127 21864
23127 21866
23127 21875
23127 22347
23127 22348
23127 22655
23127 22697
23127 23319
23127 23542
23127 23543
23127 23544
23127 23726
23127 23760
23127 24212
23127 24225
23127 24227
23127 24228
23127 24229
23127 24230
23127 24232
23127 24563
23127 24917
23131 3902
23151 9247
23157 1850
23177 12486
23177 21782
23220 13215
23222 13215
23228 2251
23228 2703
23261 9642
23261 13215
23261 24988
23284 9642
23284 13215
23285 9642
23319 1938
23319 2205
23319 24232
23320 474
23320 12202
23321 474
23322 12202
23361 13215
23364 9642
23364 13215
23404 20504
23406 9306
23430 15614
23431 13486
23432 7571
23432 13486
23438 15302
23438 15303
23439 3000
23450 14046
23501 10035
23530 1048
23530 1050
23530 5674
23530 6405
23530 6953
23530 8171
23530 8174
23530 8175
23530 9642
23530 9643
23530 11124
23530 11125
23530 11763
23530 12513
23530 12514
23530 13108
23530 13988
23530 17008
23530 19790
23530 19792
23530 20081
23530 23961
23541 4259
23541 6641
23541 7659
23541 7763
23541 15031
23541 15043
23542 1938
23542 12202
23543 1938
23544 1938
23544 24232
23545 3118
23551 10349
23551 13215
23552 17028
23569 21872
23596 14
23624 1503
23625 1503
23626 1503
23637 18693
23637 18694
23637 18695
23637 18696
23637 24618
23637 24619
23637 24620
23638 2425
23638 12410
23638 18693
23638 18694
23638 18695
23638 18696
23638 24617
23638 24619
23693 15497
23708 5016
23726 1938
23726 1942
23759 1938
23759 2205
23760 1938
23760 2205
23760 4259
23760 7659
23760 15043
23760 18655
23760 24231
23760 24232
23788 1907
23788 1973
23788 8839
23788 15333
23788 19337
23789 1907
23789 14037
23789 15333
23789 19337
23798 18228
23845 5876
23845 10704
23854 4700
23854 4708
23859 10274
23864 4708
23864 10517
23864 13802
23864 15698
23869 5380
23869 5683
23869 5684
23870 5683
23901 21248
23935 9642
23955 23949
23956 23955
23971 9307
23971 17712
23986 13215
23986 13936
23989 4700
23989 4708
23989 10517
23989 20751
23990 4700
23990 4709
23990 10375
23990 13160
23990 13830
23990 19175
23990 20751
23994 20751
24045 3523
24045 6219
24045 8839
24045 22841
24051 425
24100 4708
24101 9642
24115 9642
24115 10349
24115 13215
24115 24988
24117 9642
24117 10349
24118 9642
24118 10349
24119 10349
24119 13215
24120 24988
24165 15862
24178 7606
24178 14497
24178 16790
24178 16791
24178 20667
24179 2284
24179 2575
24179 7606
24179 7607
24179 16790
24203 23552
24212 2205
24225 1938
24225 2205
24226 1938
24227 1938
24227 12202
24229 2205
24230 1938
24230 12202
24231 1938
24231 2205
24232 2205
24232 4259
24232 6641
24232 15029
24232 15030
24232 15031
24232 15886
24232 19519
24232 23855
24232 24228
24232 24229
24236 24235
24256 2141
24256 5708
24256 9212
24256 11231
24256 19595
24271 3903
24271 23177
24322 24379
24324 23869
24327 20837
24350 7980
24350 16566
24350 22246
24350 24129
24350 24233
24350 24234
24352 20450
24358 9305
24358 20401
24358 20403
24358 20415
24376 2285
24376 2570
24376 5732
24376 7929
24376 7930
24376 9332
24378 1438
24378 2285
24378 5732
24378 7930
24378 9332
24378 17727
24378 17728
24378 24211
24378 24213
24379 1165
24379 2285
24379 6496
24379 7929
24379 7930
24379 9332
24379 16562
24379 16563
24379 17728
24379 24211
24379 24377
24380 7930
24380 9332
24380 17727
24380 17728
24380 24211
24381 2285
24381 5732
24381 7929
24381 9332
24381 17727
24381 17728
24382 7930
24382 16563
24382 24379
24385 15764
24405 20404
24407 20450
24426 7440
24430 24429
24432 11537
24483 9642
24483 24988
24565 1938
24567 1938
24568 474
24568 7659
24568 12202
24614 18528
24617 3778
24618 3778
24619 3778
24661 11859
24682 1382
24682 5505
24682 5805
24682 6937
24682 7565
24682 9631
24682 9632
24682 9643
24682 10351
24682 10352
24682 13483
24682 13484
24682 14891
24682 15896
24682 15898
24682 16320
24682 19440
24682 19442
24682 19927
24690 830
24690 2110
24690 4266
24690 7930
24690 16787
24690 19166
24693 4266
24699 4258
24699 5220
24699 11121
24741 1166
24775 10838
24783 13215
24783 24988
24784 9642
24784 10349
24784 13215
24785 10349
24785 13215
24785 24988
24799 2205
24799 6280
24799 7659
24799 13950
24799 23127
24850 10349
24859 21104
24860 939
24860 1026
24860 19506
24861 17874
24862 939
24862 1026
24862 18695
24862 19338
24866 4610
24866 6064
24866 14477
24866 18043
24866 18051
24866 22297
24878 13928
24882 24178
24883 24178
24883 24179
24912 24379
24915 1938
24915 2205
24915 2381
24915 4259
24915 13950
24915 15031
24915 15552
24915 15553
24915 18438
24915 21030
24915 21232
24915 21866
24915 23127
24915 24232
24917 1938
24917 4259
24917 7659
24917 24232
24918 1938
24918 2205
24918 2469
24918 4259
24918 6280
24918 7659
24918 13950
24918 22055
24920 474
24920 2469
24920 23127
24921 1938
24921 6280
24921 7659
24921 10629
24921 13950
24921 23127
24923 24924
24924 8839
24924 23139
24927 4231
24927 12509
24933 10139
24978 8735
24978 10274
24978 11086
24978 11505
24978 18859
24984 14318
24984 14574
24987 954
24987 3136
24987 3140
24987 4231
24987 7571
24987 8074
24987 10347
24987 14455
24987 21825
24988 4229
24988 7571
24988 8074
24988 10347
24988 13108
24988 13486
24988 14455
24988 21825
24988 24712
24989 19873
24989 20751
24990 24979
