14 19
14 2717
14 3433
15 750
15 2717
15 3433
17 19574
18 3433
19 41
19 13418
23 17856
38 2848
38 2849
38 9150
38 13418
38 19574
40 2018
40 10221
40 12734
41 19
41 3433
41 8986
42 41
42 18488
43 2717
43 2718
43 2849
71 8839
72 71
72 11390
101 12207
107 13786
108 13786
112 2849
139 8075
163 956
163 9793
184 7310
184 8495
184 9793
184 21104
184 23379
184 24245
184 24246
214 13215
215 13215
217 13215
292 13215
343 10349
343 13215
366 8514
366 9656
371 9656
374 9656
374 12251
390 16891
390 21672
390 22202
425 5184
425 12737
425 15593
432 2205
432 2469
432 7659
432 12207
432 19925
433 7659
433 12207
433 13950
433 19925
433 23127
434 2205
434 5074
434 7659
434 8511
434 10629
434 12207
434 14463
434 19925
434 21231
434 23127
458 12769
472 2205
472 12207
474 12207
475 3376
475 15032
475 17735
475 19519
475 21539
475 24229
479 7992
480 7990
481 3671
481 7992
503 425
515 21104
675 7571
676 7571
681 10352
681 16610
681 17756
727 732
727 2352
727 24333
761 14624
812 9642
812 10349
812 24988
813 13215
843 7571
844 7571
861 13116
893 13589
902 13215
912 24379
912 24382
931 18709
939 9505
939 9506
939 19334
942 7822
942 11414
942 19743
944 8801
968 16675
971 10141
972 3388
972 3686
972 4612
972 4614
972 9544
972 14490
972 18043
972 18051
973 18043
976 1108
976 1111
976 9482
987 6215
988 6215
990 6215
1001 1554
1001 3814
1001 3903
1001 6672
1001 10307
1001 13209
1005 3814
1005 6671
1005 6672
1022 9642
1022 10349
1022 13215
1022 24988
1032 22954
1042 6937
1042 21102
1049 13786
1054 5666
1054 8839
1055 14497
1094 12207
1102 14318
1108 11166
1108 11167
1108 11168
1111 4506
1111 11167
1111 11168
1111 16028
1116 11168
1126 7080
1126 21005
1140 2205
1140 12207
1141 12207
1142 2205
1142 12207
1143 12207
1144 3846
1144 12207
1151 1999
1151 5555
1151 7039
1151 7788
1151 8102
1151 11621
1151 20566
1153 8477
1201 20368
1223 10349
1223 13215
1223 24988
1275 17028
1307 4767
1308 14153
1313 970
1313 7599
1313 12598
1313 12744
1313 13784
1313 14555
1313 17028
1313 19091
1313 19870
1313 22740
1323 24711
1352 13545
1355 19925
1356 7659
1356 12207
1356 14463
1359 2276
1368 10401
1371 475
1371 12207
1372 2205
1372 12207
1379 8199
1379 8895
1380 7949
1380 8199
1380 8895
1380 21789
1381 7572
1381 8199
1381 8895
1381 21789
1382 489
1382 4229
1382 4231
1382 21825
1384 7565
1384 10352
1384 12629
1384 13486
1384 24987
1385 3849
1398 4229
1398 4232
1398 5805
1398 23697
1398 24712
1416 17207
1545 1931
1554 1001
1595 21104
1600 7992
1600 12373
1601 7992
1623 2153
1661 11800
1661 13741
1662 10312
1666 4363
1669 16656
1670 16656
1722 23552
1745 7337
1745 9846
1747 23100
1752 4611
1778 12486
1778 20573
1798 12376
1798 24382
1858 4611
1877 7572
1891 1900
1907 2849
1907 14334
1907 21104
1907 21105
1934 6692
1934 11068
1934 15977
1934 16302
1934 20168
1934 20169
1934 20172
1934 20174
1934 20565
1934 20745
1934 22394
1934 24731
1938 3828
1940 3829
1940 5738
1940 24333
1941 1940
1961 13786
1974 6756
1996 12207
2000 7659
2000 12207
2000 17735
2002 475
2002 2205
2002 3846
2002 7659
2002 8511
2002 9749
2002 17735
2002 18659
2002 21864
2002 23726
2003 475
2003 2205
2003 3846
2003 4493
2003 7659
2003 8511
2003 9749
2003 18659
2003 21536
2003 21864
2003 23726
2060 13215
2073 9642
2073 10349
2073 13215
2073 24988
2082 15407
2101 17028
2101 19863
2133 13038
2133 23056
2141 22954
2143 6035
2144 5017
2148 6035
2148 11128
2153 17359
2203 3814
2203 7566
2203 7569
2203 7571
2203 8839
2203 10347
2203 10349
2203 10352
2203 13485
2203 13486
2203 14497
2203 16320
2203 19927
2203 24682
2203 24988
2205 4259
2205 7956
2205 10740
2205 12202
2205 12207
2205 12683
2205 21865
2205 23726
2210 7571
2240 22767
2242 7440
2251 16152
2264 8371
2266 2264
2266 3524
2276 1700
2276 1974
2276 5455
2276 15333
2276 15976
2276 21551
2276 21938
2276 23843
2279 2281
2281 12876
2287 41
2287 184
2287 1111
2287 1345
2287 2341
2287 3903
2287 7995
2287 8616
2287 9303
2287 10401
2287 10535
2287 12733
2287 15634
2287 16247
2287 19334
2287 20404
2287 22919
2287 24988
2301 1055
2328 12975
2341 11888
2341 12267
2341 16891
2341 22202
2378 2205
2378 12207
2381 7659
2383 9642
2384 7659
2385 2205
2390 5749
2398 13786
2424 24355
2453 20057
2461 21003
2461 21004
2469 101
2469 1140
2469 1356
2469 1372
2469 2204
2469 2205
2469 2385
2469 3270
2469 3297
2469 3316
2469 3540
2469 3841
2469 3842
2469 4021
2469 5073
2469 5074
2469 5225
2469 6408
2469 7664
2469 7665
2469 7853
2469 7859
2469 8511
2469 9754
2469 10443
2469 10644
2469 11702
2469 12060
2469 12202
2469 12207
2469 12261
2469 12262
2469 13500
2469 14314
2469 14316
2469 14462
2469 15031
2469 15032
2469 15043
2469 15046
2469 15883
2469 16237
2469 16902
2469 16906
2469 17103
2469 17735
2469 17740
2469 18440
2469 18444
2469 18659
2469 18975
2469 18978
2469 18996
2469 19677
2469 19925
2469 20539
2469 21347
2469 21535
2469 21864
2469 21865
2469 22347
2469 22348
2469 22657
2469 23726
2469 23759
2469 24226
2469 24230
2469 24565
2472 17818
2472 23018
2496 5271
2496 23098
2545 24978
2550 15458
2562 4635
2562 5805
2562 14455
2562 19442
2570 24376
2571 12373
2583 1940
2595 2594
2595 24682
2635 8976
2635 8977
2635 11739
2635 17990
2635 18229
2635 20057
2635 22919
2779 8695
2806 13589
2826 7292
2827 19574
2828 2848
2828 2849
2828 13418
2830 7292
2830 9060
2830 9061
2831 3456
2831 13418
2831 18046
2833 7292
2845 13786
2848 2091
2848 4163
2848 8779
2848 18488
2848 24860
2849 13786
2849 13937
2850 13936
2887 7571
2887 10347
2888 7571
2888 10347
2888 13483
2888 13485
2889 7571
2891 7571
2891 10351
2891 13209
2891 13483
2891 13484
2891 24987
2891 24988
2892 7565
2892 7568
2892 7569
2892 10349
2892 10352
2892 13209
2892 13483
2892 13484
2892 13486
2892 24987
2908 2904
2928 12207
2933 16740
2938 19061
2943 18697
2972 3903
2985 8075
2985 23450
2987 2153
2990 7571
3028 24878
3043 5189
3051 22005
3057 9314
3059 3061
3063 19876
3073 18707
3074 18707
3075 9314
3088 1794
3118 3122
3118 3124
3118 15827
3118 18393
3135 1973
3135 14494
3135 21441
3235 15
3237 21102
3247 19001
3251 3463
3254 2469
3254 12207
3254 14463
3254 21231
3258 2469
3258 5074
3258 8511
3258 13950
3258 15552
3258 17735
3258 21231
3258 23127
3258 23726
3270 12207
3270 19925
3272 2002
3272 4493
3272 7659
3272 12207
3272 19925
3272 21031
3273 2205
3273 7659
3273 19925
3285 7571
3285 14455
3292 2205
3292 12207
3297 12207
3306 10401
3316 12207
3316 18659
3316 23726
3317 12207
3321 13589
3364 11824
3376 12207
3383 2943
3384 3381
3387 4611
3387 18043
3388 12135
3389 18043
3432 22954
3523 8371
3523 21102
3523 21104
3524 2266
3540 12202
3605 13786
3609 9060
3609 9061
3611 14455
3619 2469
3619 12207
3619 15552
3621 2205
3621 12207
3621 13950
3621 21031
3625 2469
3625 7659
3625 15552
3625 21231
3625 23127
3646 12975
3669 15291
3670 2001
3670 2425
3670 6756
3670 9846
3670 18694
3670 23038
3670 24618
3670 24620
3671 8173
3671 8956
3671 9503
3671 12410
3671 18694
3671 24617
3671 24618
3671 24619
3671 24620
3672 21051
3686 9544
3686 12134
3686 18043
3686 18051
3688 9544
3688 22296
3690 22296
3747 7659
3747 12207
3798 3800
3803 13786
3803 24712
3808 3804
3808 5455
3808 12175
3808 19742
3808 19743
3814 4229
3814 4231
3814 6715
3814 14455
3829 3828
3841 2205
3841 12207
3842 2205
3843 20744
3846 12207
3846 21864
3846 23726
3856 9846
3859 23561
3862 3118
3891 1024
3891 10349
3891 13215
3902 8734
3903 7294
3903 8784
3903 10569
3903 13038
3903 14649
3903 16311
3903 18046
3903 20985
3903 23038
3903 23472
3908 8495
3926 939
3926 8734
3926 21102
3926 21104
3926 21105
3927 942
3927 9793
3927 15723
3927 21102
3927 21104
3978 20056
3996 10771
3996 14472
3997 14472
4013 13786
4013 16152
4016 2205
4019 12207
4021 2205
4021 12207
4044 18043
4076 12975
4085 14153
4085 16979
4135 13938
4136 13938
4164 22954
4175 4611
4175 18043
4176 18043
4177 4611
4177 18043
4178 18043
4180 4611
4180 18043
4181 3686
4181 18043
4181 18051
4201 19942
4201 21051
4202 4829
4202 8199
4202 13465
4202 13589
4202 19942
4202 21048
4202 21051
4202 24762
4203 9215
4203 9971
4203 19942
4203 19943
4203 21048
4203 21051
4203 24762
4204 17904
4204 21051
4205 19942
4205 21048
4205 21051
4206 9215
4206 9971
4206 19942
4206 19943
4206 21048
4206 21051
4206 24762
4211 9642
4211 13215
4216 13116
4229 9643
4229 19440
4229 19442
4231 5505
4231 9642
4231 19440
4231 19441
4232 19440
4287 24712
4423 971
4423 12054
4423 14520
4423 15333
4423 15764
4423 15766
4423 21918
4423 21919
4423 22953
4441 2153
4460 15862
4478 1940
4479 2848
4479 13786
4479 14334
4484 22954
4506 1111
4536 10978
4536 10979
4536 10984
4609 7821
4609 11661
4633 7571
4635 3814
4635 5505
4635 5805
4635 7565
4635 7567
4635 7568
4635 9642
4635 10347
4635 10348
4635 10349
4635 10352
4635 13209
4635 13483
4635 13485
4635 15185
4635 19441
4635 24987
4635 24988
4644 7571
4672 4674
4677 5697
4682 24937
4739 1903
4739 6003
4739 6005
4739 7417
4761 9642
4857 21736
4866 20822
4872 2153
4872 13786
4873 13786
4874 2153
4939 7569
4939 7571
4939 10347
4939 10348
4939 10349
4939 10352
4939 13486
4939 14293
4939 24988
4940 7571
4940 11822
4963 17028
4986 13786
4986 17514
5010 7992
5010 23379
5021 3808
5024 21051
5024 23709
5025 17904
5025 21048
5025 21051
5067 12207
5069 7659
5069 19925
5070 7659
5070 14316
5070 18659
5070 21864
5071 2205
5071 12207
5072 2205
5072 5074
5072 8511
5072 12207
5072 18659
5072 19925
5073 2205
5073 7659
5073 8511
5073 12207
5073 18659
5073 19925
5074 475
5074 2000
5074 2002
5074 2204
5074 3292
5074 3316
5074 3846
5074 4493
5074 5073
5074 8511
5074 9749
5074 9752
5074 11698
5074 11699
5074 12207
5074 12257
5074 14316
5074 14317
5074 14463
5074 15032
5074 15885
5074 16908
5074 17735
5074 18078
5074 18659
5074 18981
5074 21031
5074 21038
5074 21536
5074 21864
5074 23726
5074 24230
5074 24568
5076 2205
5076 7659
5076 12207
5078 3523
5078 8839
5078 22841
5087 9642
5091 13786
5125 7990
5125 7992
5126 7992
5127 7990
5127 7992
5128 7990
5140 2205
5140 2469
5140 7659
5140 12207
5140 15552
5158 9793
5158 15723
5159 13038
5160 13038
5160 23379
5175 7607
5175 12884
5184 16736
5197 20415
5220 8784
5220 20717
5225 2205
5225 7659
5227 7659
5230 2002
5230 7659
5232 2205
5232 12207
5233 2205
5233 7659
5239 10954
5240 13589
5243 19873
5256 21104
5272 5271
5318 21444
5412 10312
5413 10312
5420 2205
5420 13950
5420 19925
5420 23127
5423 13950
5423 14463
5423 21231
5426 12207
5427 2205
5427 2469
5427 7659
5427 8511
5427 10629
5427 12207
5427 13950
5427 17735
5427 19925
5427 23127
5441 18459
5453 9793
5455 2848
5455 8495
5455 14334
5455 20053
5491 13786
5500 7571
5505 23147
5505 23697
5555 1151
5562 13589
5592 6715
5592 20841
5594 2153
5598 18707
5617 9642
5633 24988
5634 9642
5634 10349
5634 24988
5666 6756
5666 15862
5700 5704
5708 9212
5749 1762
5749 17473
5763 24988
5764 10349
5764 13215
5764 24988
5767 9642
5767 10349
5767 24988
5768 10349
5805 489
5805 4229
5805 7990
5805 23147
5832 14455
5832 24712
5836 2153
5836 24878
5864 16747
5874 22767
5876 7080
5876 17628
5889 19506
5893 862
5901 14555
5930 4231
5956 9656
5956 16118
6003 9415
6003 10523
6006 12532
6006 18753
6056 7990
6056 7992
6064 9544
6064 18043
6065 18043
6088 13786
6089 13786
6127 24585
6148 23379
6160 6159
6160 15410
6160 15412
6160 16747
6161 6160
6161 15410
6161 15412
6161 15414
6161 16747
6161 19143
6170 14455
6196 7109
6196 7271
6208 13215
6219 6035
6265 7994
6265 13786
6267 9642
6267 10349
6267 13215
6267 24988
6270 13215
6280 7659
6280 12207
6280 23127
6281 12207
6281 13950
6281 23127
6283 3292
6283 5072
6283 5074
6283 8511
6283 10629
6283 12207
6283 14316
6283 14463
6284 12207
6284 19925
6294 7529
6294 7990
6294 7992
6295 10312
6297 8199
6297 13589
6300 15698
6307 13589
6324 12883
6324 23038
6327 2276
6329 23038
6330 19876
6330 23038
6331 9793
6333 6690
6333 22379
6333 23038
6334 10523
6335 6756
6335 9793
6335 10523
6335 11121
6335 21104
6396 14001
6398 9711
6398 13999
6398 16099
6408 2205
6408 12207
6408 18659
6408 19925
6426 24456
6458 2003
6458 5074
6458 7659
6458 8511
6458 12207
6458 14463
6458 17735
6458 24229
6459 12207
6460 2205
6460 12207
6462 5074
6462 7659
6462 13950
6462 15552
6462 17735
6462 21231
6462 23127
6466 13356
6466 16028
6466 19707
6466 20397
6466 24213
6496 5700
6503 11570
6508 2469
6508 5074
6508 8511
6508 13950
6508 15552
6508 23127
6542 17990
6542 19334
6542 19338
6589 10349
6589 10639
6589 13215
6589 19070
6589 21826
6589 23504
6589 24712
6589 24988
6595 21102
6632 12207
6633 956
6633 7529
6634 691
6634 956
6634 17222
6634 19307
6638 2205
6639 2205
6641 12207
6664 13589
6672 4229
6673 2943
6682 6681
6690 2001
6690 15333
6690 23967
6693 7572
6727 2848
6727 3903
6727 6634
6746 14520
6746 21918
6746 21919
6747 6756
6756 971
6756 3902
6756 6335
6756 8839
6756 10723
6756 11933
6756 12054
6756 12876
6756 15217
6756 15764
6756 15765
6756 15766
6756 15768
6756 19595
6756 20985
6756 21916
6756 21918
6756 21919
6935 17469
6937 1042
6937 1981
6937 3904
6937 3926
6937 5158
6937 5195
6937 6503
6937 7996
6937 8784
6937 9382
6937 9383
6937 11229
6937 13038
6937 14652
6937 19334
6937 20169
6937 20175
6937 20404
6937 20415
6937 21001
6937 21005
6937 21007
6937 21102
6937 21671
6937 21974
6937 22216
6937 22953
6937 24584
6945 6219
6946 4808
6946 6219
6946 21280
6951 6405
6951 6946
6972 7659
6972 12207
6981 6035
6981 10026
6981 15882
6990 18670
6995 4611
6995 17036
6995 18043
6996 4611
6996 18043
6997 3686
6997 18043
6999 18043
7000 4611
7000 18043
7001 18043
7002 4611
7002 18043
7002 22296
7039 861
7039 1151
7039 12598
7039 21441
7052 13786
7052 23099
7053 16152
7053 21104
7053 22720
7061 13589
7080 1126
7080 5876
7109 6196
7113 10984
7114 10978
7115 10978
7132 7134
7190 9793
7190 16155
7264 1108
7284 9642
7286 13215
7287 13215
7294 3903
7310 1111
7310 1117
7310 8514
7310 9396
7311 1111
7311 1116
7311 8514
7314 3808
7356 9642
7356 10349
7356 13215
7357 10349
7372 13215
7403 1382
7403 1398
7403 3803
7403 5505
7403 5805
7403 7565
7403 7567
7403 7569
7403 7571
7403 9631
7403 9632
7403 9643
7403 10347
7403 10351
7403 13215
7403 13483
7403 13486
7403 14886
7403 14891
7403 15634
7403 16169
7403 19441
7403 21826
7403 23697
7403 24987
7404 7571
7410 12596
7436 2635
7436 8976
7436 8983
7436 18227
7436 18229
7436 20053
7436 20057
7438 7688
7509 17028
7529 5125
7529 5126
7529 8849
7529 18048
7535 6589
7535 24712
7545 9642
7545 13215
7546 9642
7546 13215
7565 4229
7565 4231
7565 4232
7565 6715
7565 15822
7565 21823
7565 21825
7565 23697
7565 24712
7566 4231
7566 14455
7566 23552
7567 488
7567 4231
7567 6715
7567 21823
7567 23552
7567 23697
7568 4232
7568 15822
7568 23552
7569 4229
7569 5589
7569 10348
7569 14455
7569 24712
7571 488
7571 1722
7571 3140
7571 3803
7571 4228
7571 4229
7571 4230
7571 4872
7571 4873
7571 5440
7571 5589
7571 5592
7571 5594
7571 5718
7571 6002
7571 6421
7571 6671
7571 6672
7571 6673
7571 6710
7571 7565
7571 7569
7571 8171
7571 8173
7571 8788
7571 8790
7571 8791
7571 9797
7571 10347
7571 10349
7571 10351
7571 10352
7571 13215
7571 13484
7571 13486
7571 14703
7571 14707
7571 14708
7571 14886
7571 15821
7571 15825
7571 16170
7571 18579
7571 19927
7571 20397
7571 20835
7571 20836
7571 21820
7571 21821
7571 21824
7571 21826
7571 22159
7571 23232
7571 23503
7571 23695
7571 23696
7571 23961
7571 24712
7571 24713
7572 10375
7572 11922
7588 2153
7599 850
7659 101
7659 472
7659 1094
7659 2204
7659 2928
7659 3292
7659 3297
7659 3316
7659 3376
7659 3762
7659 3841
7659 4016
7659 4017
7659 6460
7659 6632
7659 6638
7659 6639
7659 6641
7659 7664
7659 7666
7659 7956
7659 8242
7659 8511
7659 9754
7659 10314
7659 10443
7659 10644
7659 10739
7659 10740
7659 12060
7659 12062
7659 12257
7659 12260
7659 12261
7659 12683
7659 13165
7659 13537
7659 13539
7659 13913
7659 14007
7659 14040
7659 14076
7659 14495
7659 15028
7659 15029
7659 15031
7659 15032
7659 15040
7659 15042
7659 15043
7659 15044
7659 15642
7659 15643
7659 15883
7659 16906
7659 16907
7659 16908
7659 17735
7659 18438
7659 18441
7659 18442
7659 18655
7659 18656
7659 18659
7659 18989
7659 19519
7659 19677
7659 19679
7659 21347
7659 21350
7659 21535
7659 21536
7659 21538
7659 21699
7659 21864
7659 21865
7659 21866
7659 22347
7659 22697
7659 23317
7659 23319
7659 23322
7659 23726
7659 23855
7659 24225
7659 24226
7659 24227
7659 24230
7664 2205
7664 12207
7666 2205
7666 12207
7680 8976
7680 8983
7680 18229
7680 20053
7680 20057
7681 8976
7681 8983
7681 18227
7681 18229
7699 9642
7699 13215
7731 24988
7737 18707
7781 23100
7787 8784
7788 1151
7818 3133
7818 5318
7821 21102
7822 942
7822 21102
7830 24256
7850 12207
7851 7659
7851 12207
7851 14463
7852 2205
7852 12207
7852 19925
7853 7659
7853 12207
7854 12207
7854 14463
7855 7659
7855 19925
7856 7659
7856 19925
7859 2002
7859 2003
7859 5070
7859 5074
7859 6408
7859 8511
7859 11698
7859 12207
7859 14463
7859 15032
7859 15046
7859 17735
7859 18996
7859 21031
7877 20422
7877 22953
7880 7572
7880 8895
7880 21340
7893 4919
7893 10523
7893 13786
7949 20745
7949 21475
7949 23864
7952 7572
7956 12207
7974 5522
7980 24235
7990 15823
7992 15823
7995 8784
7995 8979
7995 9357
7996 2635
7996 18229
7996 20053
8066 1055
8074 2153
8074 13786
8075 139
8075 3721
8081 24688
8089 9642
8089 13215
8102 1151
8112 17541
8113 17535
8113 17541
8115 17589
8165 2341
8165 13786
8165 20822
8173 9544
8173 17756
8186 13215
8186 24988
8199 80
8199 4100
8199 4829
8199 5334
8199 10118
8199 10269
8199 11915
8199 13589
8199 13830
8199 14761
8199 15698
8199 16887
8199 19232
8219 6494
8324 8323
8371 3803
8371 8839
8371 14891
8396 13116
8414 15862
8415 24428
8416 23509
8436 9642
8436 13215
8437 9642
8442 4611
8477 861
8477 21375
8489 8801
8495 3118
8495 9622
8495 21984
8495 22919
8495 23697
8511 2204
8511 2205
8511 3376
8511 3762
8511 3846
8511 4493
8511 10314
8511 15031
8511 15032
8511 15885
8511 17735
8511 21864
8606 15977
8607 13936
8616 9793
8616 11662
8616 21104
8630 21820
8654 24988
8698 7571
8717 8734
8717 16316
8731 8199
8731 13589
8731 15270
8731 19441
8734 1981
8734 19334
8738 1055
8738 14652
8783 8784
8784 2148
8784 3903
8784 6937
8784 11215
8784 11414
8784 13038
8784 13196
8784 14762
8784 20636
8784 21375
8784 23967
8797 2285
8797 8802
8797 8840
8797 18047
8798 8797
8798 8801
8798 24211
8799 18046
8801 3778
8801 8783
8801 8784
8801 10225
8839 2425
8839 8784
8839 12409
8839 13741
8839 18693
8839 18696
8839 24618
8839 24619
8839 24620
8852 8511
8852 12207
8884 21703
8887 5910
8895 1877
8895 4706
8895 6693
8895 7572
8895 7946
8895 10374
8895 10509
8895 10654
8895 13160
8895 13830
8895 13831
8895 14982
8895 15698
8895 19175
8895 20744
8895 20745
8895 20750
8895 20753
8895 21475
8895 23864
8895 24100
8956 11068
8976 8977
8976 8981
8976 11740
8977 8983
8982 8983
8983 8981
8986 15
8986 41
8986 3524
8986 5876
8986 7635
8986 8784
8986 9303
8986 15608
8986 20404
8994 17028
9060 2830
9061 2830
9067 13215
9068 2469
9068 12207
9068 19925
9068 23127
9069 12207
9069 13950
9069 23127
9069 24568
9071 13950
9071 14317
9071 19925
9071 23127
9072 2205
9072 2469
9072 7665
9072 12207
9072 13950
9072 15552
9072 19678
9072 20024
9072 23127
9077 13215
9086 7990
9087 11662
9088 7990
9088 7992
9120 7990
9145 21104
9171 7659
9171 14463
9187 21789
9211 22954
9212 5708
9212 6756
9228 7292
9244 17558
9271 547
9271 3364
9271 15425
9303 14652
9307 3808
9307 8734
9307 9793
9307 21104
9314 1511
9314 2487
9314 6226
9314 18041
9314 18872
9314 20110
9314 20111
9314 23630
9314 23632
9357 7995
9358 21102
9359 18041
9383 2341
9383 10401
9388 13589
9394 5740
9415 6003
9416 9420
9416 21045
9417 21045
9418 21046
9419 21045
9419 21046
9455 13786
9456 13786
9470 6466
9489 9642
9489 10349
9489 13215
9503 3671
9513 8734
9520 19592
9544 4610
9544 4611
9544 18043
9544 18048
9544 18051
9545 18043
9619 9793
9620 2849
9621 18529
9622 8495
9622 11662
9622 21102
9622 24246
9631 4229
9631 4231
9631 23697
9632 4229
9632 4232
9632 23697
9643 23697
9652 20601
9656 9721
9691 12077
9724 7659
9724 12207
9724 13950
9724 23127
9728 2205
9728 12207
9728 13950
9728 19925
9735 4739
9747 2276
9751 2205
9751 12207
9752 8511
9752 17735
9752 21864
9752 23726
9754 12207
9791 16775
9792 10348
9792 10352
9792 24988
9793 163
9793 184
9793 561
9793 3778
9793 5125
9793 5127
9793 5158
9793 8616
9793 10638
9793 11414
9793 11661
9793 11662
9793 12175
9793 12773
9793 16689
9793 16775
9793 20169
9793 21215
9793 21672
9793 22214
9793 23637
9793 24859
9812 6160
9812 6161
9812 15414
9812 16747
9812 22706
9813 6159
9813 9814
9813 22706
9814 6160
9814 15412
9828 7992
9846 19214
9934 9642
9934 10349
9935 24988
9936 9642
9936 10349
9961 9777
9976 18043
9976 22296
9997 7992
9998 7990
9998 7992
9999 163
9999 6056
9999 12528
9999 14555
9999 15389
9999 16518
9999 21067
10011 21102
10072 19805
10072 20057
10072 24854
10091 7992
10094 7992
10117 8784
10118 13589
10124 5334
10125 10124
10141 10144
10149 17313
10149 21051
10157 12373
10157 12376
10191 43
10191 15634
10221 40
10231 18046
10347 4229
10347 4231
10347 6715
10347 21823
10347 21825
10347 23697
10347 24712
10348 488
10348 4229
10348 14455
10348 22159
10348 23552
10348 24712
10349 956
10349 4231
10349 13786
10349 14455
10351 956
10351 4229
10351 4231
10351 21821
10352 489
10352 4229
10352 4873
10352 6715
10352 14704
10352 21820
10352 21823
10352 21825
10352 23697
10353 1972
10383 24878
10397 9642
10397 10349
10397 13215
10398 9642
10398 10349
10398 24988
10401 2287
10401 7294
10401 7568
10401 8783
10401 8784
10401 12251
10401 13786
10401 15634
10401 18037
10401 19334
10401 20397
10401 22202
10401 23379
10401 24768
10418 13786
10443 2205
10507 7571
10507 10348
10507 21926
10508 7571
10523 12876
10560 4423
10560 15690
10575 22954
10592 8075
10608 3237
10608 3523
10608 21100
10612 12882
10612 12884
10623 21104
10629 2002
10629 2205
10629 4017
10629 5074
10629 6408
10629 8511
10629 9752
10629 12207
10629 14316
10629 14317
10629 14463
10629 15886
10629 16902
10629 16908
10629 17735
10629 18075
10629 18659
10629 19925
10629 21030
10629 21031
10629 21037
10629 21864
10629 23317
10629 23726
10630 2205
10630 8511
10630 19925
10630 23726
10639 7403
10639 24712
10644 2205
10645 2885
10663 6466
10666 10979
10670 4674
10704 23845
10711 8784
10739 12207
10740 12207
10839 14555
10839 17870
10869 3041
10869 3903
10869 10870
10869 10871
10870 10871
10871 3903
10916 727
10916 13936
10916 17028
10920 22954
10950 13215
10950 24988
10978 10983
10978 10984
10986 13589
10986 21789
10990 20202
11028 13215
11079 6756
11079 10839
11081 4423
11121 1974
11121 20795
11122 727
11123 10839
11140 14249
11145 22954
11167 1111
11168 1111
11194 750
11215 22528
11229 6937
11231 20565
11253 10141
11254 17028
11257 10141
11276 7893
11290 16152
11290 21104
11298 18043
11310 10771
11310 14472
11310 15822
11311 14472
11312 2205
11315 12207
11327 18332
11365 13215
11381 163
11381 1398
11381 3803
11381 7571
11381 9631
11381 9632
11381 9643
11381 13483
11381 13485
11381 19440
11381 19441
11381 19442
11382 7571
11384 5505
11384 5805
11384 7571
11384 19442
11399 10349
11399 13215
11409 10349
11414 942
11511 11510
11540 956
11541 956
11541 7529
11566 17873
11570 6503
11570 17628
11572 9793
11574 23038
11585 13589
11621 1151
11621 5086
11661 9793
11661 11662
11662 8616
11662 9793
11662 11661
11662 15639
11663 18043
11664 18043
11664 22296
11665 18043
11678 4677
11698 2205
11698 3846
11698 4493
11698 7659
11698 8511
11698 9749
11698 12257
11698 18439
11698 18659
11698 21350
11698 21536
11698 21864
11698 24230
11698 24568
11699 2002
11699 14463
11699 21536
11700 12207
11700 24568
11701 7659
11701 12207
11701 19925
11701 24229
11702 2205
11702 7659
11702 19925
11703 475
11703 12207
11703 19925
11705 12207
11706 7659
11706 14463
11707 13215
11726 21007
11732 2635
11732 8976
11732 8983
11732 18227
11732 18229
11732 20053
11732 20057
11733 2635
11733 8983
11733 18229
11733 20057
11739 8976
11744 10978
11745 8983
11745 18227
11745 20053
11745 20057
11747 13786
11747 24878
11752 21823
11776 21051
11798 12207
11822 3814
11822 7565
11822 7566
11822 7569
11822 10347
11822 10348
11822 10352
11822 13483
11822 14293
11822 24987
11822 24988
11824 8839
11824 15925
11824 19236
11827 3814
11827 4940
11827 7565
11827 7567
11827 7568
11827 10351
11827 13483
11827 13484
11827 14293
11827 19926
11880 11882
11880 11883
11881 12975
11882 11880
11883 11880
11918 4829
11922 10312
11930 10312
11935 12207
11935 14317
11935 21031
11935 23127
11936 2469
11936 12207
11936 13950
11936 14463
11938 2205
11938 8511
11938 12207
11938 13950
11938 14316
11938 23127
11939 2469
11939 7659
11939 12207
11939 19925
11939 23127
11940 7659
11940 13950
11940 14463
11943 11824
12030 3544
12030 15822
12059 12207
12060 12207
12065 16795
12068 5239
12068 15401
12110 7402
12110 18697
12110 19658
12116 19205
12118 10978
12135 18043
12149 12148
12207 4493
12207 12202
12207 23855
12215 10979
12215 17207
12216 2748
12216 6756
12216 12091
12217 2748
12217 10979
12217 17207
12217 22379
12217 24462
12230 7659
12249 12839
12251 10401
12251 11887
12258 12207
12259 12207
12260 2205
12260 12207
12261 12207
12262 2205
12267 2341
12279 24177
12305 12304
12364 19334
12364 21432
12373 9332
12373 21265
12374 24379
12374 24382
12376 1165
12376 2285
12376 10157
12376 24379
12376 24382
12376 24383
12377 24379
12379 24382
12393 9642
12393 13215
12403 7990
12410 3778
12458 3118
12459 3120
12460 3118
12460 3120
12472 15187
12485 21104
12486 13038
12486 13786
12486 15657
12500 10349
12500 13215
12500 24988
12501 7571
12509 24878
12511 15333
12526 24988
12540 9642
12540 13215
12540 24988
12545 21104
12562 9676
12598 756
12598 1054
12598 7039
12598 8495
12598 9793
12598 16802
12598 18727
12598 20513
12598 24203
12598 24682
12600 9793
12600 10925
12600 13786
12600 17028
12600 21104
12600 22767
12600 24682
12629 7571
12657 21007
12658 7995
12658 10401
12683 12207
12715 13215
12731 12975
12732 12975
12733 2287
12733 15463
12733 18041
12734 14
12734 15
12734 18
12734 40
12734 41
12734 2341
12734 2717
12734 2718
12734 2938
12734 3456
12734 9150
12734 10216
12734 13418
12734 16637
12734 18046
12734 18488
12734 19334
12734 19574
12734 23086
12734 23088
12742 24429
12744 6756
12744 11511
12745 4689
12771 972
12771 3686
12771 3688
12771 18043
12771 18051
12771 22296
12841 7571
12858 22954
12876 2281
12876 6756
12876 8075
12876 8495
12876 10523
12876 19873
12876 19876
12876 23038
12883 2575
12883 7606
12883 14497
12883 20667
12890 4739
12891 4739
12937 13589
12975 4076
12975 5127
12975 5128
12975 9777
12975 9962
12975 12039
12977 7990
12980 8734
12989 14097
13032 13215
13033 21104
13034 1111
13034 3808
13038 1111
13038 2341
13038 3809
13038 4142
13038 5159
13038 5160
13038 6937
13038 8784
13038 10401
13038 14652
13038 19334
13038 20481
13072 11298
13072 13356
13072 17728
13072 18047
13074 5732
13074 8840
13074 11298
13074 17727
13074 18047
13074 24213
13106 2848
13106 13934
13108 1382
13108 5674
13108 5805
13108 7565
13108 8416
13108 10349
13108 12325
13108 12501
13108 13358
13108 13483
13108 19223
13108 19340
13108 24987
13116 8839
13116 11800
13116 21440
13116 21441
13146 2848
13146 2849
13146 8371
13149 11276
13149 11824
13150 11276
13164 2205
13164 12207
13165 12207
13184 9642
13184 10349
13184 24988
13205 3828
13205 4913
13209 956
13209 4229
13209 4232
13209 23552
13215 956
13215 957
13220 12883
13225 18706
13265 1903
13303 13299
13323 1569
13358 7571
13418 1165
13428 10523
13456 13591
13456 17985
13456 22953
13483 4229
13483 4231
13483 14704
13483 20841
13483 21823
13483 23552
13483 23697
13483 24712
13484 4229
13484 4231
13484 4232
13484 14704
13484 21825
13484 23552
13485 4232
13485 14455
13485 23552
13486 4231
13486 14455
13486 23552
13491 14137
13491 19462
13491 19463
13492 14137
13492 19462
13492 19463
13493 19462
13494 14137
13494 19462
13500 12207
13505 2205
13505 19925
13506 2205
13506 7659
13506 8511
13506 14316
13520 15861
13535 2205
13539 475
13539 12207
13545 5680
13557 15277
13588 13589
13589 4637
13589 7279
13589 8342
13589 9869
13589 9947
13589 10939
13589 10940
13589 11893
13589 11894
13589 11897
13589 11899
13589 11900
13589 11917
13589 11918
13589 13151
13589 13587
13589 13596
13589 14498
13589 14761
13589 19232
13589 21127
13672 11651
13718 6116
13718 10725
13724 7572
13729 20752
13741 3603
13742 24382
13786 1168
13786 5594
13786 7118
13786 8779
13786 9643
13786 12711
13786 13928
13786 18579
13786 20291
13786 21452
13786 21499
13786 22158
13786 23696
13799 1206
13815 17540
13833 22954
13875 13215
13913 2205
13913 12207
13916 2205
13919 24213
13934 24860
13936 16503
13941 13943
13941 22155
13950 101
13950 472
13950 474
13950 475
13950 1094
13950 1140
13950 1141
13950 1143
13950 1355
13950 1356
13950 1371
13950 1372
13950 1938
13950 1996
13950 2000
13950 2003
13950 2378
13950 2381
13950 2384
13950 2928
13950 3270
13950 3275
13950 3291
13950 3292
13950 3295
13950 3316
13950 3376
13950 3377
13950 3540
13950 3762
13950 3841
13950 3842
13950 4016
13950 4017
13950 4259
13950 4493
13950 5068
13950 5069
13950 5070
13950 5072
13950 5073
13950 5074
13950 5076
13950 5226
13950 5229
13950 5230
13950 5232
13950 5233
13950 5741
13950 6283
13950 6284
13950 6458
13950 6459
13950 6632
13950 6638
13950 7664
13950 7763
13950 7850
13950 7852
13950 7853
13950 7855
13950 7859
13950 8511
13950 9751
13950 9752
13950 9754
13950 10314
13950 10629
13950 10630
13950 10644
13950 10739
13950 11312
13950 11314
13950 11699
13950 11700
13950 11701
13950 11702
13950 11703
13950 11704
13950 12060
13950 12062
13950 12202
13950 12230
13950 12258
13950 12259
13950 12260
13950 12683
13950 13164
13950 13165
13950 13500
13950 13505
13950 13506
13950 13535
13950 13537
13950 13539
13950 13916
13950 14007
13950 14040
13950 14076
13950 14312
13950 14313
13950 14316
13950 14317
13950 14459
13950 14460
13950 14461
13950 14466
13950 14467
13950 15028
13950 15029
13950 15030
13950 15031
13950 15032
13950 15040
13950 15042
13950 15641
13950 15643
13950 15644
13950 15646
13950 15885
13950 15886
13950 16237
13950 16902
13950 16908
13950 17101
13950 17102
13950 17103
13950 17104
13950 17107
13950 17108
13950 17740
13950 18078
13950 18080
13950 18438
13950 18444
13950 18655
13950 18656
13950 18981
13950 18989
13950 19519
13950 19676
13950 19679
13950 19680
13950 20539
13950 21032
13950 21033
13950 21037
13950 21349
13950 21350
13950 21351
13950 21536
13950 21537
13950 21539
13950 21540
13950 21699
13950 21864
13950 21875
13950 22055
13950 22348
13950 22654
13950 22655
13950 22658
13950 22660
13950 22697
13950 23322
13950 23542
13950 23543
13950 23544
13950 23726
13950 23759
13950 23760
13950 23855
13950 24212
13950 24225
13950 24226
13950 24227
13950 24228
13950 24229
13950 24230
13950 24231
13950 24232
13950 24563
13950 24565
13950 24567
13954 9642
13954 13215
14027 1896
14027 3461
14027 24878
14031 18529
14037 2848
14037 12975
14037 13786
14037 16152
14037 21105
14039 6756
14039 19876
14046 10983
14053 9642
14053 13215
14054 9642
14076 12207
14093 3902
14094 1778
14097 11381
14123 16814
14130 10735
14153 1206
14153 20458
14162 22217
14173 7606
14173 16791
14185 7080
14188 19506
14189 19506
14193 24988
14197 9642
14197 10349
14198 9642
14198 24988
14236 12376
14236 24379
14236 24382
14237 12376
14239 16800
14239 24379
14247 7990
14248 19876
14248 22528
14248 23038
14249 12883
14249 22528
14260 24551
14261 20151
14261 20155
14261 24551
14262 21842
14268 14267
14293 956
14293 4231
14293 4232
14293 8790
14293 21823
14298 15723
14313 2205
14313 12207
14313 19925
14314 7659
14314 12207
14315 475
14315 7659
14315 14316
14315 19925
14316 2002
14316 2003
14316 3376
14316 3762
14316 3846
14316 4096
14316 4493
14316 7659
14316 9752
14316 11698
14316 11703
14316 12207
14316 14463
14316 15032
14316 15040
14316 15042
14316 15641
14316 16908
14316 17735
14316 18075
14316 18659
14316 18979
14316 19925
14316 21031
14316 21536
14316 21864
14316 21875
14316 23544
14316 24229
14317 472
14317 2205
14317 7659
14317 8511
14317 12207
14317 14316
14317 14463
14317 17735
14317 18659
14317 18989
14317 19925
14317 21864
14317 23726
14328 13215
14328 24988
14329 10349
14334 2849
14334 13786
14334 23869
14380 7659
14380 23127
14452 5030
14453 21825
14455 489
14455 490
14455 3611
14455 3924
14455 4230
14455 5440
14455 5589
14455 5594
14455 5616
14455 6710
14455 8788
14455 8790
14455 11260
14455 14293
14455 14453
14455 14703
14455 14705
14455 14707
14455 16170
14455 19495
14455 19926
14455 20835
14455 21819
14455 21820
14455 21821
14455 21826
14455 22785
14455 23503
14455 24987
14458 7659
14459 7659
14459 12207
14460 12207
14461 2205
14461 12207
14462 2205
14463 474
14463 475
14463 1143
14463 1942
14463 2000
14463 2002
14463 2003
14463 2204
14463 2205
14463 3846
14463 4017
14463 4493
14463 5226
14463 5230
14463 5741
14463 6632
14463 7659
14463 8511
14463 9749
14463 9752
14463 11314
14463 12257
14463 15883
14463 17735
14463 18075
14463 18078
14463 18439
14463 18659
14463 19678
14463 21345
14463 21350
14463 21536
14463 21699
14463 21864
14463 23321
14463 23726
14463 24230
14463 24568
14466 2205
14467 12207
14477 18043
14478 3686
14478 18043
14480 21051
14481 21048
14481 21051
14482 21048
14482 21051
14483 9971
14483 21048
14483 21051
14484 21051
14485 17904
14485 21051
14486 21053
14487 21051
14490 3686
14490 18043
14495 12207
14517 18043
14520 4423
14520 6746
14524 13215
14525 9642
14539 21104
14542 10027
14555 5901
14555 15822
14555 17028
14582 13116
14624 761
14649 17627
14649 17628
14649 23845
14651 8734
14651 16494
14651 21102
14652 6503
14652 6937
14652 8495
14652 10401
14652 12614
14652 13038
14652 17628
14652 21104
14664 9642
14664 10349
14664 24988
14670 13950
14670 14463
14670 23127
14671 2469
14671 12207
14671 21231
14672 2205
14672 12207
14672 13950
14672 19925
14673 2205
14673 10629
14673 12207
14673 13950
14673 15552
14674 5074
14674 12207
14674 13950
14674 14463
14686 22189
14691 24235
14696 3133
14696 5318
14698 20057
14700 2635
14701 18229
14701 20053
14702 18229
14702 20053
14705 14703
14714 6466
14811 8839
14863 9642
14878 10124
14886 2943
14886 8173
14886 24712
14891 2943
14891 6715
14891 21823
14909 9642
14928 1934
14928 15893
14941 9642
14941 13215
14941 24988
14961 17990
14962 14652
14982 10375
14982 20749
14985 13215
15005 22954
15023 731
15023 5189
15028 12207
15029 2205
15029 12207
15030 12207
15031 21864
15032 2205
15032 3846
15032 21864
15040 8511
15042 2205
15042 8511
15043 2205
15044 2205
15052 21104
15053 8075
15217 4739
15217 6756
15235 9642
15235 13215
15267 2018
15269 2849
15269 24878
15276 425
15288 20259
15290 3903
15290 5876
15291 3669
15326 14455
15326 19441
15327 4767
15327 14455
15327 15891
15328 7571
15328 14455
15329 7571
15329 14455
15330 7571
15330 14455
15333 2276
15333 4423
15333 9544
15333 18043
15372 15368
15389 17222
15407 2082
15407 24126
15410 15414
15410 16747
15410 18650
15410 22706
15411 22706
15414 15412
15444 7571
15444 15891
15458 12876
15463 12457
15463 19334
15502 20110
15504 9314
15505 9314
15505 18041
15505 20110
15518 3903
15518 13786
15521 24761
15550 7659
15550 15552
15550 23127
15551 12207
15551 13950
15551 23127
15552 2000
15552 2205
15552 2469
15552 3316
15552 3317
15552 3841
15552 4016
15552 4017
15552 5070
15552 5073
15552 5076
15552 6408
15552 9754
15552 10443
15552 10629
15552 10644
15552 11698
15552 11699
15552 12207
15552 12230
15552 12259
15552 12260
15552 12683
15552 13539
15552 13913
15552 15032
15552 15046
15552 16902
15552 16906
15552 17740
15552 18444
15552 18659
15552 18996
15552 19925
15552 21037
15552 21352
15552 21538
15552 22348
15552 22654
15552 23726
15552 24230
15553 12207
15553 19925
15553 23127
15556 7659
15556 23127
15579 24878
15620 9642
15620 13215
15620 24988
15634 2287
15634 6466
15634 6712
15634 21820
15641 475
15641 12207
15642 12207
15643 2205
15643 12207
15644 2205
15646 7659
15655 8514
15657 12486
15689 13718
15692 13718
15723 2653
15723 5158
15723 11229
15723 12744
15723 14298
15742 562
15742 15919
15764 1070
15764 6756
15764 23038
15768 18753
15776 21048
15792 23631
15796 15795
15822 18607
15830 24381
15844 21789
15854 11824
15855 11276
15857 22954
15859 13999
15859 20573
15859 20794
15859 21925
15859 21926
15860 17028
15861 1353
15861 20637
15861 20638
15862 4689
15862 5010
15862 9538
15862 10401
15862 13196
15862 13999
15862 20573
15862 20794
15862 20795
15862 21925
15882 20361
15883 12207
15885 2205
15886 2205
15886 12207
15891 4229
15891 4230
15891 4232
15891 7571
15891 8791
15891 11379
15891 11380
15891 11381
15891 11382
15891 13485
15891 15892
15891 18164
15891 23147
15891 23503
15895 4229
15895 7571
15895 11381
15896 7571
15896 11381
15897 9775
15898 4229
15898 4231
15898 7571
15905 9642
15906 10349
15918 18037
15918 19334
15962 10983
15962 10984
15974 12217
15977 8784
15977 19059
15977 22954
16013 7659
16013 12207
16013 13950
16013 19925
16028 23356
16085 10349
16085 13215
16085 24988
16087 9642
16087 10349
16087 13215
16087 24988
16100 1940
16123 8344
16152 15527
16152 15528
16152 15530
16152 18583
16152 20986
16155 515
16155 756
16155 1043
16155 2301
16155 3283
16155 3523
16155 3856
16155 6003
16155 6325
16155 8839
16155 9145
16155 9186
16155 9793
16155 11621
16155 12535
16155 13034
16155 13726
16155 15052
16155 15269
16155 15863
16155 16002
16155 16689
16155 16775
16155 17982
16155 17990
16155 18147
16155 19059
16155 19597
16155 19763
16155 19766
16155 21050
16155 22298
16155 23967
16175 10349
16175 13215
16176 9642
16176 10349
16176 24988
16186 12207
16186 13950
16186 23127
16188 10629
16188 12207
16188 13950
16188 19925
16237 2205
16237 12207
16247 10401
16247 18251
16281 21474
16281 22954
16283 16281
16284 16281
16302 20056
16320 5805
16320 7567
16320 7571
16415 10349
16415 13215
16416 10349
16416 24988
16417 9642
16417 10349
16417 24988
16418 13215
16418 24988
16419 9642
16419 24988
16425 22954
16425 23379
16484 23878
16490 4689
16492 9811
16492 20602
16493 17028
16494 3809
16494 6494
16494 21103
16553 1778
16569 24235
16570 3118
16571 22244
16571 22245
16571 24234
16571 24235
16572 23379
16576 2849
16576 11276
16578 2849
16578 8735
16578 9793
16578 10251
16578 11276
16578 15314
16578 16675
16578 21105
16578 23955
16586 24988
16587 13215
16587 24988
16621 1934
16637 19
16637 2717
16637 2718
16637 9153
16637 15616
16637 18037
16637 19574
16637 23087
16675 968
16675 3778
16675 8165
16675 8783
16675 19059
16675 20169
16675 21104
16675 21375
16675 21440
16675 23075
16675 23131
16679 22954
16722 14555
16727 1111
16727 1116
16736 5184
16747 15412
16747 18650
16747 22706
16772 13215
16772 24988
16775 18693
16775 18694
16775 18696
16776 2425
16776 12410
16776 18696
16776 24617
16776 24618
16776 24620
16795 16794
16796 8801
16796 13786
16797 13786
16800 1165
16800 1798
16800 6496
16800 12374
16800 16987
16800 16988
16800 24377
16802 858
16802 15860
16802 20637
16891 390
16891 2341
16902 2205
16902 12207
16907 12207
16908 8511
16908 17735
16908 23726
16912 3849
16941 13215
16960 7566
16960 7571
16965 23099
16979 19088
16987 24379
16990 12376
17001 1877
17026 17028
17028 1275
17028 10638
17028 14555
17028 16493
17028 16689
17028 17026
17028 18351
17028 21769
17028 22740
17034 972
17034 18043
17035 4611
17035 18043
17036 972
17036 18043
17037 18043
17038 18043
17039 4611
17039 18043
17040 4611
17042 972
17046 6003
17046 6004
17054 10349
17054 24682
17059 10349
17059 13215
17059 24988
17065 10349
17101 10629
17101 12207
17101 19925
17102 12207
17102 14463
17103 7659
17103 19925
17104 19925
17106 2205
17106 7659
17106 12207
17106 19925
17107 14463
17108 2205
17108 7659
17108 12207
17108 19925
17108 24229
17122 9215
17122 9971
17122 19942
17122 21048
17122 21051
17147 6466
17148 7949
17148 8199
17148 8895
17148 21789
17153 17154
17162 17167
17165 17163
17222 7992
17237 15636
17250 2848
17250 14334
17313 19183
17313 21048
17313 21051
17323 15408
17327 15412
17327 16747
17349 5876
17349 21469
17349 24807
17409 23869
17414 2153
17414 7571
17414 14455
17436 12251
17478 5805
17478 10349
17478 10352
17478 13483
17478 19442
17478 19927
17493 22919
17530 13741
17530 21105
17556 17558
17557 17556
17557 17559
17557 17560
17558 9396
17558 17560
17559 17558
17559 17560
17575 9642
17575 21441
17577 1975
17577 3670
17577 3671
17577 5876
17577 7893
17577 16296
17578 2748
17580 2748
17580 12091
17589 7017
17589 13815
17589 14832
17589 14833
17589 17539
17589 17540
17589 17543
17598 9642
17598 13215
17598 24988
17600 24988
17603 1005
17603 9846
17604 23379
17623 18529
17628 5876
17628 11570
17675 10349
17675 13215
17676 10349
17676 13215
17700 7571
17701 19574
17735 2205
17735 3846
17735 4493
17735 12207
17735 15885
17735 21864
17740 12207
17782 1206
17782 4085
17818 2472
17825 17822
17847 20259
17856 9642
17856 10638
17856 24860
17857 13786
17861 8784
17870 6466
17870 7992
17870 12975
17870 19533
17873 7080
17904 3263
17904 22394
17918 7992
17954 24988
17985 12596
17985 15862
17990 6542
18017 3122
18043 1750
18043 1752
18043 1753
18043 4610
18043 4612
18043 4614
18043 4616
18043 4617
18043 4618
18043 8442
18043 18046
18043 18047
18043 18048
18043 18049
18043 18050
18043 18051
18043 18052
18046 2831
18046 22533
18049 1753
18075 2205
18075 8511
18075 21864
18078 7659
18080 2205
18080 18659
18105 20056
18106 22954
18143 8190
18143 20902
18150 13215
18164 7571
18165 8633
18165 13589
18191 18194
18227 8977
18227 8982
18227 11739
18228 8983
18229 8981
18229 8982
18229 11740
18250 23379
18252 21104
18284 1382
18284 5805
18284 7566
18284 7569
18284 7571
18284 10347
18284 10348
18284 10349
18284 10352
18284 13485
18284 13486
18284 19927
18284 24988
18285 5505
18285 5805
18285 19442
18286 7571
18309 8784
18325 2205
18325 12207
18325 13950
18325 19925
18328 9642
18328 13215
18351 17028
18410 22785
18438 2205
18440 2205
18440 12207
18441 12207
18444 2205
18444 12207
18449 19005
18483 23379
18519 13589
18521 15860
18528 18529
18529 1108
18529 1111
18529 1117
18529 8514
18529 9396
18539 10612
18550 7568
18550 7571
18550 13483
18563 7294
18629 3545
18629 3546
18629 12030
18629 12976
18629 15822
18629 15824
18633 2727
18655 2205
18655 12207
18656 2205
18659 2205
18659 4493
18659 8511
18659 12207
18659 15032
18659 15046
18659 17735
18659 21864
18659 24229
18670 811
18670 1928
18670 1929
18670 1931
18670 4500
18670 4501
18670 5959
18670 16505
18694 3778
18707 4638
18727 21375
18729 18727
18753 15768
18765 7571
18766 7571
18767 7571
18767 14455
18805 2469
18805 5074
18805 7659
18805 12207
18805 13950
18805 14463
18805 15552
18805 21231
18805 23127
18806 12207
18806 13950
18806 19925
18806 23127
18815 9642
18819 11226
18819 11227
18821 18824
18824 1762
18824 2850
18824 11224
18824 11227
18848 9583
18852 5271
18852 13786
18858 4828
18859 7571
18859 9792
18859 10352
18859 13483
18859 24988
18899 22155
18917 22954
18920 22954
18926 5318
18975 2205
18975 7659
18975 19925
18976 2205
18976 12207
18976 19925
18979 7659
18979 12207
18979 19925
18981 11698
18981 12207
18981 14463
18989 9752
18989 15040
18996 2205
18996 18659
19001 21551
19008 18428
19009 18428
19058 23565
19059 8839
19059 15977
19059 21104
19139 1778
19213 1151
19213 7039
19227 19386
19228 22954
19244 13786
19304 17028
19308 2002
19308 5074
19308 7659
19308 11698
19308 14463
19308 15032
19308 17735
19308 21231
19308 21536
19310 2205
19310 13950
19310 23127
19311 12207
19311 13950
19311 21231
19311 23127
19312 12207
19312 13950
19313 2205
19313 8511
19313 9749
19313 12207
19313 13950
19313 19925
19313 23127
19317 21104
19318 21924
19334 2341
19334 6542
19334 8495
19334 18037
19337 3808
19337 8495
19337 8734
19337 22720
19339 20415
19339 23379
19340 13786
19360 1313
19360 6756
19379 21051
19386 9642
19386 10349
19386 13215
19386 24988
19438 7659
19438 12207
19438 13950
19439 2469
19439 12207
19439 13950
19439 24568
19440 22954
19440 23697
19441 6466
19441 16028
19441 23504
19441 23695
19441 23697
19442 489
19442 6466
19442 17727
19442 23147
19442 23504
19442 23695
19488 7572
19488 7949
19488 8199
19488 8895
19488 17001
19488 21789
19490 8895
19491 3890
19491 7572
19491 7949
19491 8199
19491 17001
19491 21789
19493 7572
19493 7949
19493 8199
19493 8895
19493 17001
19493 21789
19505 11824
19506 207
19506 998
19506 999
19506 1911
19506 8029
19506 12121
19506 13149
19506 14010
19506 15854
19506 22014
19506 22015
19519 2205
19519 12207
19533 2797
19563 9642
19564 13215
19675 12207
19677 12207
19678 12207
19679 12207
19680 12207
19742 1111
19742 11166
19743 942
19743 21102
19770 14153
19789 21157
19789 22379
19824 9813
19824 16747
19842 6466
19847 22296
19849 4611
19849 18043
19850 18043
19851 4611
19851 18043
19852 4611
19852 18043
19853 4611
19853 18043
19856 22296
19863 21280
19870 14555
19870 21257
19873 1625
19873 1972
19873 1974
19873 13402
19873 17028
19873 23967
19876 2001
19876 2218
19876 12876
19876 12881
19876 12884
19876 14497
19876 16153
19877 9642
19877 10349
19916 1382
19916 1398
19916 5505
19916 5805
19916 7565
19916 7566
19916 7571
19916 9631
19916 9643
19916 19440
19916 19441
19916 19927
19916 24988
19925 1141
19925 1142
19925 1144
19925 2002
19925 2003
19925 2204
19925 2378
19925 2384
19925 3292
19925 3297
19925 3376
19925 3377
19925 3540
19925 3841
19925 3842
19925 3846
19925 4016
19925 4017
19925 4259
19925 5225
19925 5227
19925 5229
19925 5232
19925 6459
19925 6638
19925 6639
19925 7666
19925 8511
19925 8852
19925 9752
19925 10443
19925 10644
19925 10740
19925 11312
19925 12230
19925 12261
19925 12262
19925 13164
19925 13535
19925 13537
19925 13913
19925 13916
19925 14076
19925 14458
19925 14461
19925 14462
19925 14466
19925 14467
19925 14495
19925 15028
19925 15029
19925 15030
19925 15031
19925 15040
19925 15042
19925 15043
19925 15044
19925 15643
19925 15644
19925 15885
19925 15886
19925 16902
19925 16907
19925 16908
19925 17735
19925 18075
19925 18080
19925 18438
19925 18441
19925 18444
19925 18655
19925 18656
19925 18989
19925 19519
19925 19675
19925 21347
19925 21349
19925 21535
19925 21538
19925 21539
19925 21864
19925 21865
19925 21866
19925 21875
19925 22695
19925 24212
19925 24225
19925 24228
19925 24231
19925 24232
19925 24565
19925 24567
19926 4231
19927 489
19927 956
19927 4229
19927 4231
19927 5589
19927 13786
19927 19305
19927 21825
19932 2779
19932 7571
19932 8358
19932 24682
19942 5025
19942 9215
19942 9884
19942 9885
19942 9887
19942 9896
19942 10149
19942 11427
19942 11776
19942 14480
19942 14481
19942 14482
19942 14483
19942 15776
19942 17313
19942 19379
19942 19944
19942 21051
19942 21053
19942 21473
19942 23703
19942 23707
19942 23709
19942 23711
19942 24177
19942 24761
19943 17313
19943 21053
19943 23709
19943 24761
19944 21051
19944 24762
19945 21051
19946 21051
19948 19942
19948 21048
19948 21051
19948 24762
19957 3686
19957 4611
19957 18043
19957 18051
19979 4739
19981 14649
20024 12207
20041 10523
20041 18824
20042 18822
20042 18824
20043 17028
20043 18824
20048 2635
20048 20053
20053 2635
20053 8977
20053 8981
20053 8982
20053 11739
20053 11740
20053 17990
20053 18228
20053 18229
20053 20057
20056 24126
20057 8976
20057 8977
20057 8982
20057 15333
20057 18228
20057 18229
20057 21280
20060 972
20060 18043
20060 18046
20061 22296
20062 4611
20062 18043
20063 18043
20064 4611
20064 18043
20065 4611
20065 18043
20110 1509
20110 2486
20110 2487
20124 24462
20138 6466
20138 21104
20168 20169
20169 9793
20171 12410
20171 18693
20171 18694
20171 18695
20171 18696
20171 24617
20171 24618
20171 24619
20193 6006
20193 15977
20254 23379
20260 15966
20267 2885
20332 9642
20332 13215
20333 9642
20333 13215
20357 9642
20357 13215
20360 15925
20372 15862
20401 3808
20401 8734
20401 21102
20401 21104
20401 21105
20402 7992
20403 21102
20403 21105
20404 14649
20404 14652
20404 23379
20415 715
20415 19334
20415 23379
20422 9793
20422 21104
20428 10141
20500 18037
20510 4762
20510 16740
20539 12207
20542 24988
20565 2309
20565 11231
20566 1151
20573 2943
20573 7292
20573 16152
20581 13934
20592 10349
20592 13215
20593 10349
20594 9642
20594 10349
20594 24988
20595 9642
20595 10349
20595 13215
20635 12731
20734 9642
20734 13215
20734 24988
20735 9642
20735 24988
20737 9642
20737 10349
20737 13215
20738 10349
20738 13215
20738 24988
20744 1931
20744 6693
20749 4706
20749 7572
20749 10373
20749 10509
20749 13831
20749 20744
20757 13215
20795 13205
20796 21104
20797 9793
20797 21104
20797 22954
20837 5683
20892 2205
20892 7659
20892 8511
20892 12207
20892 14316
20901 22954
20902 18143
20902 21432
20954 13215
20954 24988
20964 425
20970 4635
20971 3903
20972 13108
21001 23379
21003 1001
21003 12975
21004 1005
21004 12975
21004 21104
21005 956
21005 10401
21005 14652
21005 20415
21005 20986
21005 21104
21005 23379
21006 1005
21007 1001
21007 1005
21007 10331
21007 10401
21007 12975
21007 19334
21007 20415
21007 20752
21007 22217
21007 23379
21007 23971
21008 14649
21008 21104
21030 7659
21030 12207
21031 475
21031 2003
21031 2205
21031 3292
21031 5233
21031 8511
21031 11698
21031 14463
21031 17735
21031 18659
21031 18989
21031 19925
21031 21864
21031 23317
21031 23726
21032 12207
21032 19925
21033 12207
21033 14463
21037 2205
21037 12207
21037 19925
21037 21536
21038 2205
21038 17735
21045 986
21045 6215
21048 5016
21048 21051
21048 21053
21048 21473
21051 19183
21053 9971
21053 10342
21053 19779
21053 21051
21060 21104
21068 7992
21102 1042
21102 3503
21102 3671
21102 3778
21102 5455
21102 6595
21102 6937
21102 7821
21102 7822
21102 8839
21102 9358
21102 9622
21102 10011
21102 14651
21102 19334
21102 19743
21102 22214
21102 22919
21102 23041
21103 6937
21103 8784
21104 184
21104 561
21104 1111
21104 1907
21104 1981
21104 3381
21104 3384
21104 3778
21104 3804
21104 6003
21104 7821
21104 7822
21104 7994
21104 8616
21104 8783
21104 9244
21104 9307
21104 11290
21104 11414
21104 12175
21104 12545
21104 13033
21104 15052
21104 17530
21104 17990
21104 19317
21104 19334
21104 19742
21104 19743
21104 20276
21104 20401
21104 21060
21104 22214
21104 22919
21104 24859
21105 3778
21105 5455
21105 6494
21105 8784
21105 10401
21105 11229
21105 11231
21105 22841
21109 13038
21122 15411
21122 16747
21157 1126
21157 8784
21157 16782
21157 22379
21157 24256
21160 20415
21231 1356
21231 2000
21231 2002
21231 2003
21231 2204
21231 2205
21231 2384
21231 3295
21231 3316
21231 3317
21231 3376
21231 3846
21231 4493
21231 5070
21231 5073
21231 5074
21231 5741
21231 6283
21231 6458
21231 6632
21231 7859
21231 8511
21231 9072
21231 9171
21231 9749
21231 9752
21231 9754
21231 10629
21231 10630
21231 10740
21231 11698
21231 11699
21231 12060
21231 12207
21231 12257
21231 13506
21231 13950
21231 14007
21231 14316
21231 14317
21231 14463
21231 15032
21231 15040
21231 15552
21231 16908
21231 17735
21231 18075
21231 18078
21231 18080
21231 18439
21231 18656
21231 18659
21231 18978
21231 18979
21231 18981
21231 19675
21231 19677
21231 19678
21231 19925
21231 20024
21231 20892
21231 21031
21231 21239
21231 21350
21231 21352
21231 21536
21231 21864
21231 22055
21231 22347
21231 22655
21231 22660
21231 23127
21231 23544
21231 23726
21231 24212
21231 24225
21231 24229
21231 24230
21231 24232
21231 24568
21231 24920
21231 24921
21232 2205
21232 7659
21232 13950
21234 2205
21234 7659
21234 13950
21234 19925
21234 23127
21236 13950
21236 23127
21237 5074
21237 7659
21237 13950
21237 14463
21237 19925
21237 21239
21237 24229
21239 3846
21239 5074
21239 6458
21239 8511
21239 11314
21239 12207
21239 14316
21239 17735
21239 18078
21239 18659
21239 21864
21239 23127
21239 23726
21259 19742
21259 21104
21260 13786
21262 21261
21267 24211
21277 9642
21277 13215
21280 22954
21296 7992
21318 18876
21340 6693
21340 15698
21347 8511
21347 12207
21349 2205
21349 12207
21350 12207
21351 8511
21352 12207
21365 3903
21369 8199
21369 13589
21369 21789
21431 9846
21432 952
21432 7109
21432 8165
21432 10347
21432 14886
21432 14891
21432 20902
21433 7992
21433 9846
21434 7990
21434 7992
21434 9846
21450 3063
21475 7572
21532 23552
21535 2205
21536 8511
21536 12683
21536 21864
21537 12207
21538 2205
21538 12207
21539 12207
21540 12207
21551 2276
21551 19001
21552 2205
21552 2469
21552 12207
21572 10349
21572 13215
21572 24988
21573 13215
21575 9642
21575 10349
21575 13215
21590 22954
21590 23967
21590 24584
21590 24781
21640 22954
21672 390
21680 957
21699 12207
21703 8165
21703 16602
21705 9314
21705 13752
21706 20110
21714 23565
21767 12410
21767 18693
21767 18694
21767 24617
21767 24618
21767 24619
21767 24620
21768 2425
21768 18694
21768 18696
21768 24620
21776 13786
21786 12033
21789 5334
21789 6297
21789 6300
21789 8199
21789 10269
21789 23897
21805 21795
21805 24768
21805 24769
21818 3920
21818 6715
21820 3920
21820 6709
21820 16170
21821 6710
21823 6710
21824 6715
21825 9642
21825 16167
21851 2205
21851 13950
21851 19925
21851 23127
21864 4493
21864 12207
21865 12207
21866 12207
21867 15822
21875 8511
21875 12207
21888 19487
21895 3384
21895 9846
21895 18693
21895 24618
21895 24619
21898 9846
21916 6756
21926 12883
21948 15966
21952 9620
21952 15723
21969 4974
21984 8495
22010 18043
22017 10349
22017 13215
22017 24988
22048 11231
22055 7659
22055 12207
22055 14463
22057 22954
22182 4267
22188 7990
22188 7992
22189 7992
22189 11894
22210 11662
22210 16494
22212 16494
22214 9793
22214 11662
22214 21102
22214 21104
22215 16494
22216 14652
22217 14162
22217 15305
22217 22188
22244 7992
22246 7990
22246 7992
22268 2276
22296 1754
22296 3687
22296 4613
22296 8442
22296 9544
22296 9545
22296 10634
22296 11770
22296 18043
22296 18048
22297 18043
22297 22296
22298 18227
22298 18229
22298 20053
22348 2205
22348 12207
22375 24988
22376 9642
22376 10349
22376 13215
22376 24988
22379 17583
22382 8784
22389 22390
22427 22426
22436 22954
22437 14714
22441 4739
22444 13215
22459 16800
22459 24382
22513 727
22528 7606
22528 11215
22528 16790
22528 16791
22528 20667
22529 2284
22529 2575
22529 7606
22529 7607
22529 16790
22529 20667
22529 22867
22529 24883
22533 3456
22533 13418
22533 18046
22544 1050
22544 1119
22544 1390
22544 7565
22544 7566
22544 7571
22544 8173
22544 10348
22544 10352
22544 13483
22544 17756
22544 23957
22545 7571
22654 12207
22655 7659
22655 12207
22655 19925
22657 2205
22657 12207
22657 19925
22658 12207
22660 2205
22660 7659
22660 19925
22662 22296
22664 18043
22674 9642
22674 24988
22678 7930
22695 8511
22695 12207
22695 21864
22697 12207
22720 5455
22720 18426
22740 17028
22745 23379
22767 10711
22767 15250
22767 19239
22778 10519
22785 9061
22785 14455
22785 18410
22786 9061
22824 22954
22832 18041
22839 13741
22839 21102
22841 19873
22841 20057
22841 21102
22841 21104
22846 10349
22867 12883
22891 15411
22912 7571
22912 14455
22914 14455
22919 2287
22919 8495
22919 9732
22919 21102
22954 1032
22954 4164
22954 5285
22954 6011
22954 8784
22954 10575
22954 11470
22954 15450
22954 15977
22954 19597
22954 20797
22954 21280
22954 22057
22954 24584
22958 761
22958 4101
22958 4202
22958 4829
22958 8199
22958 8731
22958 21369
22979 2635
22979 18227
23035 9642
23035 10349
23035 24988
23038 12881
23038 12884
23038 13811
23038 14497
23038 20283
23038 24178
23041 22954
23050 13038
23056 17904
23056 18670
23056 19942
23056 21048
23056 21051
23056 24762
23086 19
23086 42
23086 2717
23086 2718
23086 3433
23086 9153
23086 18037
23086 22911
23088 19
23099 5272
23099 11231
23099 13326
23099 21551
23099 23094
23099 23097
23100 12089
23100 13670
23100 18002
23100 21455
23127 475
23127 1094
23127 1141
23127 1142
23127 1143
23127 1355
23127 1371
23127 1372
23127 1996
23127 2000
23127 2002
23127 2003
23127 2204
23127 2381
23127 3270
23127 3275
23127 3291
23127 3295
23127 3297
23127 3316
23127 3317
23127 3377
23127 3747
23127 3762
23127 3841
23127 4017
23127 4493
23127 5068
23127 5070
23127 5071
23127 5072
23127 5073
23127 5226
23127 6283
23127 6284
23127 6459
23127 6460
23127 6632
23127 6637
23127 6641
23127 7666
23127 7763
23127 7853
23127 7854
23127 7856
23127 7956
23127 8242
23127 8511
23127 8852
23127 9171
23127 9751
23127 9754
23127 10314
23127 10443
23127 10630
23127 10644
23127 11312
23127 11314
23127 11316
23127 11698
23127 11699
23127 11700
23127 11701
23127 11702
23127 11703
23127 11705
23127 11706
23127 12060
23127 12062
23127 12202
23127 12260
23127 12261
23127 13164
23127 13505
23127 13506
23127 13535
23127 13537
23127 13539
23127 14007
23127 14040
23127 14076
23127 14313
23127 14314
23127 14315
23127 14316
23127 14458
23127 14462
23127 14464
23127 15028
23127 15029
23127 15032
23127 15042
23127 15641
23127 15642
23127 15646
23127 15885
23127 15886
23127 16906
23127 16907
23127 17101
23127 17102
23127 17104
23127 17106
23127 17107
23127 17735
23127 18075
23127 18078
23127 18080
23127 18441
23127 18442
23127 18444
23127 18655
23127 18656
23127 18975
23127 18976
23127 18978
23127 18981
23127 19676
23127 19680
23127 20024
23127 21038
23127 21345
23127 21351
23127 21352
23127 21536
23127 21537
23127 21539
23127 21540
23127 21699
23127 21864
23127 21866
23127 21875
23127 22055
23127 22347
23127 22348
23127 22655
23127 22697
23127 23319
23127 23542
23127 23543
23127 23544
23127 23726
23127 23760
23127 24212
23127 24225
23127 24227
23127 24228
23127 24229
23127 24230
23127 24232
23127 24563
23127 24917
23177 22720
23222 13215
23226 23227
23227 17580
23261 9642
23261 13215
23261 24988
23284 9642
23284 13215
23285 9642
23319 2205
23319 12207
23320 12207
23321 12207
23322 12207
23361 13215
23364 9642
23364 13215
23379 7680
23379 7681
23379 20254
23379 22202
23379 22416
23379 22557
23431 1119
23431 1390
23431 2990
23431 3422
23431 3595
23431 3638
23431 6673
23431 7565
23431 7566
23431 7568
23431 7571
23431 8171
23431 8173
23431 8174
23431 8175
23431 8176
23431 9642
23431 9643
23431 10348
23431 10349
23431 10352
23431 13483
23431 13486
23431 14886
23431 15333
23431 17008
23431 17756
23431 21925
23431 21926
23431 23957
23431 23961
23432 7571
23439 22954
23445 21672
23541 7659
23541 12207
23541 14463
23542 12207
23542 14463
23543 12207
23545 3118
23551 10349
23551 13215
23554 17028
23556 13786
23560 10031
23561 1678
23561 16887
23569 10771
23582 9215
23582 9886
23582 10149
23582 10342
23582 11427
23582 17313
23582 19942
23582 19943
23582 21048
23582 24761
23637 9793
23637 18693
23637 18694
23637 18695
23637 18696
23637 24618
23637 24619
23637 24620
23638 2425
23638 12410
23638 18693
23638 18694
23638 18695
23638 18696
23638 24617
23638 24619
23660 17904
23660 24762
23664 21051
23671 21051
23672 21051
23697 23696
23703 21051
23707 17904
23707 21051
23709 9971
23709 17904
23709 21048
23709 21051
23710 21051
23711 9971
23711 21048
23711 21051
23726 4493
23759 2205
23759 19925
23760 2205
23760 7659
23760 12207
23788 8734
23789 1907
23789 14037
23789 15333
23789 19337
23790 8734
23845 10704
23867 7529
23869 5380
23869 5683
23869 5684
23870 5683
23901 21248
23935 9642
23955 23949
23955 23952
23971 11790
23986 13936
23988 15636
23989 7572
23989 7949
23992 7572
23994 21475
24045 3523
24045 6219
24045 8839
24045 22841
24051 425
24070 15277
24085 16016
24094 15634
24101 9642
24115 9642
24115 10349
24115 13215
24115 24988
24117 9642
24117 10349
24118 9642
24118 10349
24119 13215
24120 10349
24151 2001
24165 16492
24177 2885
24179 2284
24179 2575
24179 7606
24179 7607
24179 16790
24202 15210
24212 2205
24225 2205
24225 8511
24225 12207
24226 12207
24227 12207
24228 12207
24229 2205
24229 8511
24229 12207
24229 21864
24229 23726
24230 8511
24230 17735
24231 2205
24232 2205
24236 24235
24244 24245
24245 1108
24245 1116
24245 9396
24246 8514
24246 9396
24271 3903
24271 23177
24289 13116
24290 13116
24292 1398
24292 5805
24322 24379
24322 24382
24323 24382
24324 23869
24348 19441
24348 19442
24350 16571
24350 24234
24361 23709
24376 2285
24376 2570
24376 5732
24376 7930
24376 9332
24378 1438
24378 5732
24378 7929
24378 9332
24378 17727
24378 17728
24378 24211
24378 24213
24379 1165
24379 2285
24379 6496
24379 7929
24379 7930
24379 9332
24379 16562
24379 16563
24379 17728
24379 24211
24379 24377
24381 2285
24381 5732
24381 7929
24381 7930
24381 9332
24381 17728
24382 1165
24382 2285
24382 5732
24382 6496
24382 7394
24382 7929
24382 7930
24382 9332
24382 16561
24382 16563
24382 17727
24382 17728
24382 24213
24382 24377
24385 15764
24426 7440
24430 24429
24439 23504
24483 10349
24483 24988
24501 9946
24535 21051
24535 24762
24563 12207
24565 12207
24568 2002
24568 7659
24568 11315
24568 15032
24568 15641
24584 22954
24617 3778
24618 3778
24619 3778
24633 2341
24682 1382
24682 5505
24682 5805
24682 6937
24682 7565
24682 7571
24682 9632
24682 9643
24682 10351
24682 10352
24682 13483
24682 13484
24682 14891
24682 15896
24682 15898
24682 16320
24682 19440
24682 19442
24682 19927
24711 1323
24730 8784
24761 9215
24762 9884
24771 21703
24783 13215
24783 24988
24784 9642
24784 10349
24784 13215
24785 10349
24785 13215
24785 24988
24799 2205
24799 7659
24799 12207
24799 13950
24799 19925
24799 21031
24799 23127
24851 12054
24859 2838
24859 9793
24859 21104
24860 939
24860 1026
24860 16152
24860 19506
24862 939
24862 1026
24862 18695
24866 18043
24878 2849
24878 3284
24878 4872
24878 4986
24878 5271
24878 8074
24878 8626
24878 8798
24878 8801
24878 8802
24878 12509
24878 13786
24878 20397
24883 24179
24901 17028
24912 24379
24912 24382
24915 2205
24915 12207
24915 13950
24915 19925
24915 23127
24917 7659
24917 8511
24918 2205
24918 2469
24918 7659
24918 12207
24918 13950
24918 19925
24920 2469
24920 12207
24920 14463
24920 23127
24921 7659
24921 10629
24921 13950
24921 14316
24921 23127
24923 24924
24924 8839
24924 23139
24927 4231
24937 4682
24968 19
24968 2018
24968 10030
24968 15269
24978 8735
24978 11505
24978 17028
24983 14318
24983 14574
24987 4231
24987 7571
24987 14455
24987 15822
24987 21823
24987 21825
24987 23697
24988 4229
24988 7571
24988 13786
24988 14455
24988 21823
24988 21825
24988 23697
24988 24712
24989 19873
