14 7555
15 7555
16 7555
17 7555
18 7555
19 7555
21 7555
23 3803
23 22954
38 2849
38 7555
40 7555
41 7555
42 7555
43 2849
71 1070
72 71
72 11390
101 12207
112 2849
163 956
184 8219
184 8495
206 18753
215 13215
217 13215
232 18670
232 20811
292 13215
343 10349
343 13215
358 20449
369 15134
371 15134
372 15134
372 22950
390 19842
425 5184
425 12737
425 15593
432 1938
432 2205
432 7659
432 12207
432 22055
433 6280
433 7659
433 11312
433 11702
433 12207
433 23127
434 2205
434 6280
434 7659
434 10629
434 12207
434 23127
472 1938
472 2205
472 12207
474 1938
474 12207
475 1938
479 7992
480 7990
481 7992
503 425
533 17664
546 15846
553 10300
596 3814
675 1119
676 1119
676 1390
676 1762
676 2990
676 3595
676 5674
676 6405
676 7568
676 7571
676 8165
676 8176
676 8930
676 10351
676 11764
676 13483
676 13485
676 14891
676 20413
676 21280
676 21924
676 23530
681 23530
782 10984
812 9642
812 10349
812 24988
813 10349
813 13215
843 23530
843 23961
844 23530
844 23961
861 13116
893 117
893 3859
893 13589
893 22958
902 13215
912 24323
939 9505
939 9506
939 19334
944 8801
970 1939
971 10141
972 14477
972 18043
972 19856
972 22297
973 14477
973 18043
973 19852
973 19853
973 19856
1001 10307
1005 3814
1005 6671
1005 6672
1022 9642
1022 10349
1022 13215
1022 24988
1024 9642
1024 10349
1054 5666
1054 8839
1055 14497
1094 1938
1094 1942
1094 10314
1094 12207
1119 21150
1140 1938
1140 2205
1140 12207
1141 1938
1141 12207
1142 2205
1142 12207
1143 1938
1143 12207
1144 1938
1144 12207
1151 7039
1151 13205
1223 10349
1223 13215
1223 24988
1307 5505
1313 10839
1313 15858
1313 21257
1345 4142
1345 9090
1352 13545
1355 1938
1356 7659
1356 12207
1371 12207
1372 1938
1372 2205
1372 12207
1381 1870
1382 4229
1382 4231
1382 9799
1382 17892
1384 10347
1398 4229
1416 17207
1556 12884
1600 7992
1600 12373
1601 7992
1661 11800
1661 13741
1662 10312
1666 4363
1678 5337
1678 6003
1678 15455
1720 6003
1722 23552
1745 9846
1752 4611
1772 1119
1778 20573
1858 4611
1870 1873
1891 1900
1904 1903
1907 2849
1907 14334
1907 18760
1907 21105
1934 6003
1938 3828
1938 21924
1938 21925
1938 21926
1938 24330
1938 24333
1940 3829
1940 5738
1940 24333
1941 1940
1941 3828
1961 4706
1961 19491
1961 21729
1974 6003
1974 6756
1996 1938
1996 1942
1996 12207
2000 7659
2000 12207
2002 1938
2002 2205
2002 7659
2002 12207
2003 1938
2003 1942
2003 2205
2003 3291
2003 3295
2003 3377
2003 6632
2003 7659
2003 7666
2003 9749
2003 10314
2003 11312
2003 11314
2003 12060
2003 12207
2003 12259
2003 15043
2003 15646
2003 15885
2003 17735
2003 18439
2003 18441
2003 18659
2003 21351
2003 21535
2003 21540
2003 22697
2060 13215
2073 9642
2073 13215
2073 24988
2078 10349
2101 19863
2131 14560
2141 10300
2148 19258
2204 1938
2204 12207
2205 4259
2205 7956
2205 10740
2205 12202
2205 12207
2205 12683
2205 23726
2210 3814
2210 7566
2210 7569
2210 7571
2210 10347
2210 10349
2210 10351
2210 13485
2210 13486
2210 14293
2210 14453
2210 19927
2210 24987
2242 7440
2251 9090
2251 16152
2279 2281
2281 6335
2281 12876
2287 1345
2287 2251
2287 4142
2287 8616
2287 9090
2287 9396
2287 20219
2287 20504
2287 20573
2287 21007
2301 1055
2309 24731
2328 7529
2328 12975
2378 1938
2378 2205
2378 12207
2381 7659
2383 9642
2384 1938
2384 7659
2385 2205
2422 7555
2424 24355
2453 20057
2461 12658
2461 21003
2461 21004
2469 1938
2469 12207
2499 5876
2562 4635
2562 14455
2570 24376
2575 10274
2583 1940
2608 21867
2635 8977
2635 8983
2635 11739
2635 17990
2635 18227
2635 18229
2635 20057
2635 22919
2695 4706
2695 7080
2703 15527
2703 15528
2703 15530
2748 23901
2792 16239
2806 13589
2827 7555
2828 2849
2828 4142
2828 17583
2830 7555
2830 9060
2830 9061
2831 7555
2833 7555
2848 2091
2848 2849
2849 11231
2849 13928
2849 13937
2849 18488
2850 13936
2887 7571
2887 10347
2888 7571
2888 10347
2888 13483
2888 13485
2891 10351
2891 10352
2891 13209
2891 13483
2891 13484
2891 24987
2892 7565
2892 7568
2892 7569
2892 10349
2892 10352
2892 13209
2892 13484
2892 13486
2892 24987
2919 6295
2928 12207
2931 1042
2933 16740
2938 1165
2938 7555
2943 21483
2990 676
3057 9314
3073 8168
3073 20985
3073 20986
3074 18707
3075 9314
3088 1794
3135 1973
3135 14494
3135 17026
3135 21441
3140 6002
3140 7337
3235 2938
3237 18336
3247 19001
3247 24600
3251 3463
3254 12207
3254 14674
3258 1938
3258 12207
3258 15552
3258 23127
3270 1938
3270 12207
3272 1938
3272 2003
3272 3292
3272 7659
3272 12207
3272 15043
3272 15885
3272 17735
3272 21037
3273 1938
3273 2205
3273 7659
3285 14455
3291 15043
3292 1938
3292 2205
3292 3377
3292 12207
3292 15885
3292 17735
3292 21535
3297 12207
3297 15885
3316 12207
3317 12207
3320 1585
3321 13589
3376 1938
3387 4611
3387 4614
3387 4619
3387 9545
3387 11298
3387 12134
3387 12135
3387 15333
3387 18043
3387 18047
3387 19849
3388 3387
3388 22297
3389 14477
3389 18043
3389 22297
3390 14477
3390 18043
3390 22297
3454 7555
3478 17804
3520 15727
3524 8616
3595 1119
3609 9060
3609 9061
3609 22785
3611 14455
3619 1938
3619 6280
3619 12207
3619 15552
3619 22055
3621 1938
3621 2205
3621 12207
3622 5072
3622 5074
3622 14674
3625 1938
3625 7659
3625 14674
3625 15552
3625 23127
3646 12975
3669 4533
3670 6756
3670 9846
3670 12410
3670 18694
3670 24617
3670 24618
3670 24620
3671 18693
3671 18694
3671 24618
3671 24619
3671 24620
3686 18043
3686 22297
3688 22296
3690 4611
3690 18043
3747 7659
3747 12207
3762 12207
3798 3800
3814 4229
3814 6715
3814 14455
3841 1938
3841 2205
3841 12207
3842 1938
3842 2205
3846 1938
3856 9846
3859 761
3859 1678
3859 5337
3859 6003
3859 6664
3859 8731
3859 10625
3859 11896
3859 11918
3859 16887
3891 1024
3891 10349
3891 13215
3902 8734
3902 18336
3903 14649
3903 18336
3908 8495
3926 939
3926 8734
3926 21105
3927 15723
4004 23530
4013 16152
4016 1938
4016 2205
4017 1938
4019 12207
4021 2205
4021 12207
4044 14477
4044 18043
4076 12975
4092 1119
4092 23530
4142 404
4142 2845
4142 4720
4142 5455
4142 15158
4142 17345
4142 20573
4142 24975
4175 3387
4175 4611
4175 14477
4175 18043
4175 19856
4175 22297
4176 18043
4177 4611
4177 11665
4177 14477
4177 18043
4177 19856
4177 22297
4178 11298
4178 11664
4178 14477
4178 18043
4178 22297
4180 3387
4180 4611
4180 14477
4180 18043
4180 22297
4181 14477
4181 18043
4181 19856
4181 22297
4182 22297
4202 4201
4202 13589
4211 9642
4211 13215
4216 13116
4229 9643
4229 19440
4229 19442
4231 9642
4231 19440
4231 19441
4279 20422
4423 971
4423 12054
4423 14520
4423 15333
4423 15764
4423 15766
4423 21918
4423 21919
4423 22953
4453 20267
4478 1940
4478 20251
4479 14334
4506 20219
4521 17398
4536 10978
4536 10984
4609 7821
4609 8616
4609 11661
4619 4611
4624 8168
4633 5505
4633 7567
4633 13483
4633 14455
4635 3814
4635 5505
4635 5805
4635 7565
4635 7567
4635 7568
4635 7571
4635 9642
4635 10347
4635 10348
4635 10349
4635 10352
4635 13209
4635 13483
4635 13485
4635 15185
4635 19441
4635 24987
4635 24988
4677 5697
4706 14621
4708 14395
4739 1903
4739 6003
4739 6005
4739 7417
4761 9642
4939 4940
4939 7569
4939 7571
4939 10347
4939 10348
4939 10349
4939 10352
4939 13486
4939 14293
4939 24988
4940 3814
4940 7565
4940 7568
4940 11822
4940 13483
4940 13484
5010 7992
5010 13033
5067 1938
5067 12207
5069 1938
5069 2003
5069 7659
5069 18655
5070 7659
5071 1938
5071 2205
5071 12207
5072 1938
5072 2003
5072 2204
5072 2205
5072 2385
5072 3272
5072 3291
5072 3297
5072 3377
5072 3842
5072 5074
5072 5233
5072 6408
5072 6460
5072 7666
5072 8511
5072 8852
5072 10314
5072 11312
5072 11698
5072 11702
5072 12060
5072 12260
5072 12262
5072 15043
5072 15885
5072 17735
5072 18075
5072 18080
5072 18441
5072 18975
5072 18996
5072 19675
5072 21535
5072 21865
5072 22347
5072 22697
5072 24567
5073 1938
5073 2205
5073 7659
5073 12207
5074 1938
5074 2003
5074 2928
5074 3272
5074 3291
5074 3292
5074 3376
5074 3762
5074 6632
5074 10314
5074 11312
5074 11314
5074 11702
5074 15043
5074 15646
5074 15885
5074 17735
5074 18075
5074 18441
5074 18655
5074 18975
5074 21037
5074 21351
5074 22697
5074 23319
5074 24567
5076 1938
5076 2205
5076 7659
5076 12207
5087 9642
5125 7990
5125 7992
5126 7992
5127 7990
5127 7992
5128 7990
5140 1938
5140 2205
5140 2381
5140 2469
5140 3273
5140 3295
5140 4493
5140 5225
5140 6280
5140 7659
5140 7852
5140 7855
5140 7956
5140 8242
5140 9071
5140 9072
5140 9728
5140 9749
5140 11940
5140 12257
5140 18439
5140 18442
5140 18981
5140 19312
5140 19438
5140 19678
5140 20024
5140 21350
5140 23322
5158 15723
5160 5192
5160 13033
5185 23416
5220 11121
5225 2205
5225 7659
5226 1938
5226 2003
5227 1938
5227 7659
5229 1938
5230 1938
5230 7659
5232 1938
5232 2205
5232 12207
5233 2205
5233 7659
5239 10954
5240 13589
5276 16791
5285 6003
5285 9415
5337 80
5337 117
5337 3852
5337 6003
5337 6009
5337 9853
5337 13162
5337 14720
5337 15455
5412 10312
5413 10312
5420 1938
5420 2205
5420 23127
5426 1938
5426 12207
5427 1938
5427 2205
5427 6280
5427 7659
5427 10629
5427 22055
5427 23127
5455 8495
5455 11733
5455 14334
5455 20053
5505 8791
5505 20986
5562 13589
5592 5593
5592 6715
5593 24326
5598 18707
5617 9642
5634 9642
5634 10349
5634 24988
5666 6756
5700 5704
5701 5700
5708 12876
5763 24988
5764 10349
5764 13215
5764 24988
5767 9642
5767 10349
5767 24988
5768 10349
5805 4229
5805 7990
5805 17892
5832 14455
5836 24878
5864 16747
5874 19510
5876 2499
5876 3073
5876 6331
5876 6981
5876 7080
5876 8616
5876 8647
5876 8784
5876 10856
5876 11240
5876 11572
5876 11661
5876 13786
5876 17664
5876 20267
5889 19506
5895 932
5901 14555
5946 19045
5956 368
5956 374
5956 1589
5956 10139
5956 15134
5956 16123
5956 22950
5957 22834
5958 370
5958 372
5964 1585
5974 21280
6003 1720
6003 3859
6003 4767
6003 5285
6003 6004
6003 6005
6003 6331
6003 6334
6003 7537
6003 8065
6003 8808
6003 9145
6003 9415
6003 10592
6003 11079
6003 12876
6003 12902
6003 12904
6003 13608
6003 13869
6003 14044
6003 15333
6003 19059
6003 20094
6003 20192
6003 21280
6003 21926
6003 22268
6003 23050
6003 23051
6004 6003
6005 6003
6006 6003
6006 18753
6009 6003
6009 20573
6044 2309
6056 7990
6056 7992
6064 18043
6065 18043
6160 6159
6160 15410
6160 18017
6170 9631
6170 14455
6196 7109
6196 7271
6208 13215
6220 274
6267 9642
6267 10349
6267 13215
6267 24988
6270 13215
6271 10307
6280 1140
6280 1144
6280 1372
6280 2002
6280 2003
6280 2204
6280 2384
6280 3270
6280 3273
6280 3842
6280 4017
6280 4021
6280 5072
6280 5074
6280 5076
6280 6283
6280 6408
6280 7853
6280 7956
6280 9752
6280 10629
6280 10644
6280 10740
6280 11312
6280 11698
6280 12202
6280 12207
6280 12230
6280 13535
6280 14007
6280 14317
6280 14458
6280 14463
6280 15031
6280 15043
6280 15046
6280 15644
6280 15885
6280 15886
6280 16902
6280 16908
6280 17735
6280 18075
6280 18440
6280 18444
6280 18655
6280 18656
6280 18659
6280 18996
6280 21030
6280 21031
6280 21037
6280 21538
6280 22055
6280 22657
6280 22660
6280 22695
6280 23317
6280 23319
6280 23544
6280 23726
6280 24231
6280 24232
6281 12207
6281 23127
6283 10629
6283 11312
6283 22055
6284 1938
6284 12207
6294 7529
6294 7990
6294 7992
6295 10312
6297 80
6297 13589
6298 232
6307 13589
6324 12883
6331 6003
6333 6690
6333 19876
6334 6003
6334 10831
6334 11121
6335 2281
6335 6756
6335 11121
6408 2205
6408 12207
6414 17028
6426 24456
6458 2003
6458 5072
6458 5074
6458 7659
6458 15885
6459 12207
6460 1938
6460 2205
6460 12207
6462 1938
6462 7659
6462 15552
6462 23127
6494 18336
6495 18336
6508 1938
6508 5072
6508 5074
6508 12207
6508 14674
6508 15552
6508 15885
6508 18659
6508 21037
6508 22055
6508 22657
6508 22914
6508 23127
6589 10349
6589 10639
6589 13215
6589 19070
6589 21826
6589 23504
6589 24712
6589 24988
6621 11661
6632 12207
6632 15885
6633 956
6634 956
6635 7529
6637 1938
6638 1938
6638 2205
6639 2205
6641 12207
6664 13589
6672 4229
6673 9799
6673 23961
6682 6681
6690 2001
6690 15333
6690 23967
6709 3919
6727 2849
6747 6756
6756 971
6756 2001
6756 3902
6756 6335
6756 8839
6756 10723
6756 11933
6756 12054
6756 12876
6756 15217
6756 15764
6756 15765
6756 15766
6756 15768
6756 19595
6756 20985
6756 21916
6756 21918
6756 21919
6756 22954
6951 6405
6972 2003
6972 7659
6972 12207
6981 5876
6990 6019
6995 3387
6995 4611
6995 14477
6995 18043
6995 19856
6996 4611
6996 18043
6996 19856
6996 22297
6997 3387
6997 14477
6997 17034
6997 18043
6997 19856
6997 22297
6999 3387
6999 14477
6999 18043
7000 4611
7000 14477
7000 18043
7000 19856
7000 22297
7001 14477
7001 18043
7001 19856
7001 22297
7002 4611
7002 14477
7002 18043
7002 22296
7002 22297
7015 15727
7039 861
7039 1151
7039 8477
7039 12598
7039 21441
7052 23099
7053 16152
7061 5337
7061 13589
7080 5876
7080 11326
7080 14762
7080 17847
7080 20267
7109 6196
7112 10984
7114 10978
7115 10670
7115 10978
7115 10984
7132 7134
7234 1585
7239 19245
7284 9642
7286 13215
7287 13215
7300 20573
7311 1111
7311 1116
7311 8514
7355 13215
7355 24988
7356 9642
7356 10349
7356 13215
7357 10349
7372 13215
7383 12876
7403 1382
7403 1398
7403 3803
7403 3917
7403 5505
7403 5805
7403 7565
7403 7567
7403 7569
7403 7571
7403 9631
7403 9632
7403 9643
7403 10347
7403 10351
7403 13215
7403 13483
7403 13486
7403 14886
7403 14891
7403 15634
7403 16169
7403 19441
7403 21826
7403 24987
7410 12596
7436 2635
7436 8981
7436 11733
7436 20053
7436 20057
7438 7688
7453 5697
7529 2605
7529 4230
7529 5125
7529 5126
7529 5127
7529 7756
7529 8849
7533 8787
7533 10349
7535 6589
7537 6003
7540 10307
7545 9642
7545 13215
7546 9642
7546 13215
7555 1164
7555 1165
7555 1166
7555 1167
7555 2285
7555 20482
7565 4229
7565 6715
7566 4231
7566 14455
7566 23552
7566 23961
7567 3136
7567 3140
7567 6715
7567 23552
7568 3136
7568 3140
7568 4231
7568 5592
7568 23552
7569 3136
7569 4229
7569 14455
7571 3140
7571 4229
7571 6715
7571 14455
7571 23552
7599 850
7599 8981
7650 16241
7659 101
7659 472
7659 1094
7659 2204
7659 2928
7659 3292
7659 3297
7659 3316
7659 3376
7659 3762
7659 3841
7659 4016
7659 4017
7659 6460
7659 6632
7659 6638
7659 6639
7659 6641
7659 7664
7659 7666
7659 7956
7659 8242
7659 8511
7659 9754
7659 10314
7659 10443
7659 10644
7659 10739
7659 10740
7659 12060
7659 12062
7659 12257
7659 12260
7659 12261
7659 12683
7659 13165
7659 13537
7659 13539
7659 13913
7659 14007
7659 14040
7659 14076
7659 14495
7659 15028
7659 15029
7659 15031
7659 15032
7659 15040
7659 15042
7659 15043
7659 15044
7659 15642
7659 15643
7659 15883
7659 16906
7659 16907
7659 16908
7659 17735
7659 18438
7659 18441
7659 18442
7659 18655
7659 18656
7659 18659
7659 18989
7659 19519
7659 19677
7659 19679
7659 21347
7659 21350
7659 21535
7659 21536
7659 21538
7659 21699
7659 21864
7659 21865
7659 21866
7659 22347
7659 22697
7659 23317
7659 23319
7659 23322
7659 23726
7659 23855
7659 24225
7659 24226
7659 24227
7659 24230
7664 1938
7664 2205
7664 12207
7666 1938
7666 2205
7666 12207
7672 5812
7672 8538
7672 8539
7672 14879
7680 8981
7680 11733
7680 20053
7680 20057
7681 8981
7699 9642
7699 13215
7700 6003
7731 24988
7737 18707
7822 8616
7822 11414
7830 22954
7830 24256
7850 12207
7851 7659
7851 12207
7852 2205
7852 12207
7853 1938
7853 2003
7853 2204
7853 3540
7853 5074
7853 7659
7853 11702
7853 12207
7853 15885
7854 12207
7855 7659
7855 17735
7856 1938
7856 7659
7859 1938
7877 20422
7877 22953
7952 4706
7956 1938
7956 12207
7990 15823
7992 15823
7996 2635
7996 11733
7996 20053
8066 1055
8081 24688
8089 9642
8089 13215
8112 17541
8113 17535
8113 17541
8115 17589
8166 13326
8168 13033
8168 13034
8175 1119
8186 13215
8186 24988
8190 7529
8199 13589
8199 15455
8219 22919
8330 8327
8351 15333
8358 8695
8378 7555
8380 7555
8396 13116
8416 23509
8436 9642
8436 13215
8437 9642
8442 4611
8489 8801
8490 8797
8495 3118
8495 9622
8495 21984
8495 22919
8495 23697
8500 8839
8511 2205
8607 13936
8616 2865
8616 3524
8616 5160
8616 5192
8616 7314
8616 7822
8616 8219
8616 9505
8616 11414
8616 11661
8616 11662
8616 13033
8616 19984
8616 20573
8616 22212
8616 24861
8647 11572
8650 10830
8654 24988
8717 8734
8717 16316
8731 13589
8731 17804
8734 1981
8734 19334
8738 1055
8763 10349
8763 13215
8763 24988
8765 24988
8783 18336
8784 18336
8797 2285
8797 6064
8797 8840
8797 11298
8797 15333
8797 17727
8798 8801
8801 3778
8801 8783
8801 10225
8839 12409
8839 13741
8839 18693
8839 18696
8839 24618
8839 24619
8839 24620
8852 1938
8852 12207
8931 13869
8931 22745
8976 8981
8977 8981
8982 8981
8983 8981
9009 9642
9009 13215
9060 2830
9061 2830
9067 13215
9068 1938
9068 12207
9068 23127
9069 10314
9069 12207
9069 14464
9069 23127
9071 1938
9071 23127
9072 1938
9072 2205
9072 7665
9072 11312
9072 12207
9072 15552
9072 19678
9072 20024
9072 22055
9072 23127
9077 13215
9086 7990
9087 11662
9088 7990
9088 7992
9090 198
9090 2287
9090 2997
9090 4142
9090 4720
9090 5010
9090 9396
9090 20219
9119 15273
9120 7990
9145 6003
9171 5074
9171 7659
9196 9195
9210 6003
9212 6756
9267 16684
9267 18733
9267 20504
9271 547
9271 3364
9286 14395
9307 8734
9307 20219
9314 1511
9314 2487
9314 6226
9314 18041
9314 18872
9314 20110
9314 23630
9314 23632
9359 12487
9359 15863
9388 13589
9394 5740
9415 5285
9415 6003
9415 12902
9415 14044
9415 20095
9416 9420
9416 21045
9417 21045
9420 21045
9458 10984
9480 5010
9480 5478
9480 8168
9489 9642
9489 10349
9489 13215
9505 4142
9513 8734
9544 4611
9544 18043
9545 18043
9620 2849
9622 8495
9622 11662
9631 4229
9631 4231
9631 13358
9631 17892
9632 4229
9656 1585
9724 1938
9724 7659
9724 12207
9724 23127
9728 2205
9728 12207
9728 22055
9735 4739
9746 6003
9751 1938
9751 2205
9751 12207
9752 1938
9752 12207
9754 12207
9792 7571
9813 6161
9813 9814
9813 22706
9828 7992
9846 7992
9846 19214
9934 13215
9935 24988
9936 9642
9936 10349
9960 7529
9976 18043
9976 22296
9997 7992
9998 7990
9998 7992
9999 163
9999 6056
9999 12528
9999 14555
9999 15389
9999 16518
9999 21067
10011 4142
10031 13786
10072 19805
10072 20057
10091 7992
10094 7992
10118 13589
10123 1678
10123 3852
10123 5337
10124 5334
10157 12373
10191 7555
10203 18760
10231 10670
10274 2575
10274 12882
10274 22867
10307 3902
10307 3903
10307 6671
10307 6672
10307 7540
10307 8219
10307 10331
10307 13209
10307 19926
10331 3814
10347 3136
10347 3140
10347 4229
10347 6715
10348 4229
10348 14455
10348 23552
10349 956
10349 4231
10349 9799
10349 14455
10349 23961
10351 956
10351 3136
10351 4229
10351 4231
10352 4229
10352 6715
10353 1972
10397 9642
10397 10349
10397 13215
10398 9642
10398 10349
10398 24988
10400 5956
10443 1938
10443 2205
10459 7555
10507 23530
10507 23961
10508 1119
10508 23530
10560 4423
10560 15690
10563 24978
10592 6003
10608 3237
10608 3523
10608 21100
10625 1585
10629 2002
10629 2205
10629 4017
10629 5074
10629 6408
10629 8511
10629 9752
10629 12207
10629 14316
10629 14317
10629 15886
10629 16902
10629 16908
10629 17735
10629 18075
10629 18659
10629 21030
10629 21031
10629 21037
10629 21864
10629 23317
10629 23726
10630 1938
10630 2205
10630 12207
10639 7403
10644 1938
10644 2205
10670 4674
10670 7115
10670 7118
10670 15018
10704 23845
10739 1938
10739 12207
10740 12207
10830 8650
10839 14555
10839 17870
10869 3041
10869 3903
10869 10870
10869 10871
10875 751
10916 727
10916 732
10916 2283
10916 10915
10916 16871
10916 17028
10950 13215
10950 24988
10978 10983
10979 10978
10979 10984
10986 13589
11027 9642
11028 13215
11079 6003
11079 6756
11079 10839
11080 12789
11081 4423
11121 1974
11121 20795
11122 727
11123 10839
11140 14249
11200 749
11200 5017
11215 22528
11253 10141
11257 10141
11276 7893
11282 13174
11285 20504
11286 18743
11287 11921
11290 16152
11290 18743
11291 18743
11292 11921
11292 18743
11298 4610
11298 18043
11298 18052
11311 21867
11312 1938
11312 2205
11312 12060
11312 15043
11312 15885
11312 15886
11312 17735
11312 18655
11312 23319
11315 12207
11316 1938
11320 6339
11326 7080
11326 12319
11327 18332
11351 17753
11365 13215
11382 5126
11382 6673
11399 10349
11399 13215
11409 10349
11414 7822
11414 8616
11485 6003
11540 954
11540 956
11540 1048
11540 7529
11540 13309
11540 14746
11540 19214
11540 19307
11540 21007
11540 21499
11540 21925
11541 956
11541 7529
11541 21007
11572 5160
11572 9090
11572 12489
11575 7083
11585 13589
11621 5086
11621 15857
11661 5876
11661 8616
11661 11662
11662 8616
11662 11661
11662 15639
11663 3387
11663 18043
11663 22297
11664 3387
11664 4612
11664 10634
11664 11298
11664 14477
11664 14517
11664 17034
11664 17042
11664 18043
11664 19856
11664 22296
11664 22297
11665 973
11665 3387
11665 17034
11665 18043
11665 19856
11665 22297
11678 4677
11698 1938
11698 2205
11698 7659
11698 10314
11698 12207
11698 15885
11700 12207
11701 7659
11701 12207
11701 18655
11702 2003
11702 2205
11702 3292
11702 4016
11702 7659
11702 15043
11702 15885
11702 17735
11702 18655
11703 1938
11703 12207
11705 1938
11705 12207
11706 7659
11707 13215
11732 2635
11732 8981
11732 11733
11732 20053
11732 20057
11733 2635
11733 8976
11733 8981
11733 8982
11733 11739
11733 17990
11733 18227
11733 18229
11733 20057
11733 22919
11739 8981
11744 7555
11744 10978
11744 11747
11745 8981
11745 18228
11745 20053
11745 20057
11746 7555
11747 7555
11747 11744
11747 23961
11756 11759
11756 11760
11798 1938
11798 12207
11822 3814
11822 7565
11822 7566
11822 7569
11822 10347
11822 10348
11822 10352
11822 13483
11822 14293
11822 24987
11822 24988
11824 21736
11827 4939
11827 14455
11922 10312
11930 10312
11935 6280
11935 12207
11935 23127
11936 1938
11936 12207
11938 2205
11938 12207
11938 23127
11939 7659
11939 12207
11939 23127
11940 7659
12002 12005
12003 14748
12023 6003
12059 1938
12059 12207
12059 15043
12060 1938
12060 12207
12060 15885
12062 1938
12062 10314
12062 15885
12062 21351
12066 19842
12068 5239
12068 15401
12110 7402
12110 18697
12110 19658
12118 10978
12118 10984
12135 18043
12149 12148
12202 1938
12207 12202
12207 23855
12215 10984
12215 17207
12216 6003
12216 6756
12216 10984
12216 12091
12217 10984
12217 17207
12217 24462
12230 1938
12230 7659
12249 12839
12258 1938
12258 12207
12259 1938
12259 12207
12260 1938
12260 2205
12260 12207
12261 1938
12261 12207
12262 2205
12319 23157
12379 16562
12393 9642
12393 13215
12403 7990
12410 3778
12461 751
12489 8931
12489 12484
12500 10349
12500 13215
12500 24988
12501 14913
12526 24988
12528 22733
12540 9642
12540 13215
12540 24988
12598 1054
12598 7039
12598 8495
12598 16802
12600 14644
12657 21007
12658 5010
12658 21007
12683 1938
12683 12207
12715 13215
12733 12975
12733 20228
12734 7555
12744 6756
12771 11298
12771 18043
12771 19856
12771 22296
12777 17073
12876 2281
12876 4346
12876 6003
12876 6756
12876 7383
12876 8495
12876 11121
12876 12789
12876 21440
12881 2284
12882 10274
12883 2575
12883 7606
12883 14497
12883 20667
12884 1556
12884 20667
12886 10274
12890 4739
12891 4739
12891 15727
12902 6003
12902 9415
12904 6003
12932 10665
12937 13589
12975 163
12975 4076
12975 5127
12975 5128
12975 9961
12975 20573
12976 7529
12976 12975
12977 7990
12980 8734
12989 14097
13032 13215
13033 5160
13033 7822
13033 10830
13033 19334
13072 11298
13072 13356
13072 17728
13072 18047
13075 11298
13082 2285
13082 5732
13082 8840
13082 13356
13082 17728
13082 24213
13106 2849
13106 7555
13106 13934
13108 1382
13108 5674
13108 7565
13108 8416
13108 10349
13108 12501
13108 13358
13108 13483
13108 19223
13108 19340
13108 23530
13108 24987
13116 8839
13116 11800
13116 21440
13116 21441
13130 10274
13146 2849
13146 7555
13149 11276
13149 20429
13150 11276
13164 2205
13164 12207
13165 12207
13184 9642
13184 10349
13184 24988
13209 956
13209 4229
13209 23552
13215 956
13220 12883
13225 18706
13232 5337
13265 1903
13265 1904
13323 1569
13358 5505
13358 7567
13358 7571
13389 23530
13418 7555
13456 13591
13456 17985
13456 22953
13483 3136
13483 3140
13483 4229
13483 5592
13483 23552
13484 3140
13484 4229
13484 4231
13484 23552
13485 5592
13485 14455
13485 23552
13486 4231
13486 14455
13486 23552
13491 14137
13491 19463
13492 14137
13492 19463
13494 14137
13500 1938
13500 12207
13505 1938
13505 2205
13506 1938
13506 2205
13506 7659
13520 18228
13535 1938
13535 2205
13539 12207
13545 5680
13588 13589
13589 4637
13589 7279
13589 8342
13589 9869
13589 9947
13589 10939
13589 10940
13589 11893
13589 11894
13589 11897
13589 11899
13589 11900
13589 11917
13589 11918
13589 13151
13589 13587
13589 13596
13589 14498
13589 14761
13589 19232
13589 21127
13592 15727
13608 6003
13649 24005
13674 17804
13718 6116
13718 10725
13724 3852
13724 23989
13728 22834
13741 3603
13875 13215
13913 2205
13913 12207
13913 15885
13916 1938
13916 2205
13916 15043
13934 24860
13936 10269
13936 16503
13941 22155
13950 1938
13950 2205
13950 12207
13954 9642
13954 13215
14027 24878
14037 16152
14037 21105
14039 6756
14039 19871
14040 1094
14043 6003
14044 6003
14044 9415
14053 9642
14053 13215
14054 9642
14076 1938
14076 12207
14094 1778
14097 1048
14097 8165
14130 16756
14185 7080
14188 19506
14189 19506
14193 24988
14197 9642
14197 10349
14198 9642
14198 24988
14236 24323
14239 16800
14247 7990
14248 22528
14249 12883
14249 22528
14249 24178
14262 21842
14293 956
14293 4231
14293 8790
14298 15723
14313 1938
14313 2205
14313 12207
14314 7659
14314 12207
14315 1938
14315 7659
14316 1938
14316 7659
14317 1938
14317 2205
14317 7659
14328 13215
14328 24988
14329 10349
14330 9642
14334 2091
14334 2849
14380 1938
14380 5072
14380 5074
14380 7659
14380 14674
14380 15885
14380 22055
14380 23127
14395 12872
14455 489
14455 490
14455 3611
14455 3924
14455 4230
14455 5440
14455 5589
14455 5594
14455 5616
14455 6710
14455 8788
14455 8790
14455 11260
14455 14293
14455 14453
14455 14703
14455 14707
14455 16170
14455 18578
14455 19495
14455 19926
14455 20835
14455 21819
14455 21820
14455 21821
14455 21823
14455 21826
14455 23503
14455 24987
14458 1938
14458 2003
14458 7659
14458 15043
14458 23319
14459 1938
14459 7659
14459 12207
14460 1938
14460 12207
14461 2205
14461 12207
14462 1938
14462 2205
14463 1938
14463 7659
14463 12207
14466 2205
14467 12207
14477 1752
14477 1753
14477 1754
14477 3687
14477 3688
14477 3690
14477 4613
14477 4616
14477 4617
14477 4618
14477 6065
14477 8442
14477 9545
14477 9976
14477 11298
14477 14490
14477 15333
14477 18047
14477 18048
14477 22010
14478 14477
14478 18043
14478 22297
14489 12872
14490 18043
14490 22297
14495 12207
14517 18043
14520 4423
14524 13215
14525 9642
14542 10027
14546 2695
14555 5901
14582 13116
14596 2695
14596 4700
14596 7572
14596 10509
14596 23992
14644 15846
14649 17627
14649 17628
14649 23845
14651 8734
14664 9642
14664 10349
14664 24988
14670 1938
14670 23127
14671 2003
14671 5074
14671 6632
14671 12207
14671 19679
14671 24920
14672 1938
14672 2205
14672 12207
14673 2205
14673 6280
14673 10629
14673 12207
14673 15552
14673 22055
14674 101
14674 474
14674 1140
14674 1143
14674 1356
14674 1938
14674 1942
14674 2003
14674 2205
14674 2384
14674 2928
14674 3272
14674 3291
14674 3292
14674 3295
14674 3317
14674 5067
14674 5068
14674 5072
14674 5074
14674 5423
14674 5427
14674 5741
14674 6280
14674 6281
14674 6283
14674 6458
14674 6640
14674 7659
14674 7850
14674 7853
14674 7854
14674 8242
14674 8511
14674 9171
14674 10314
14674 10629
14674 11314
14674 11315
14674 11699
14674 11702
14674 11704
14674 11705
14674 11706
14674 11936
14674 12059
14674 12060
14674 12259
14674 13165
14674 13500
14674 14040
14674 14464
14674 14671
14674 15043
14674 15550
14674 15646
14674 15883
14674 15885
14674 17102
14674 17103
14674 17107
14674 17735
14674 17740
14674 18075
14674 18439
14674 18441
14674 18655
14674 18659
14674 18805
14674 18978
14674 18981
14674 19676
14674 19678
14674 21033
14674 21037
14674 21231
14674 21236
14674 21345
14674 21350
14674 21351
14674 21352
14674 21535
14674 21540
14674 22055
14674 22347
14674 22658
14674 22697
14674 23319
14674 23320
14674 23321
14674 23322
14674 23541
14674 23542
14674 24565
14674 24567
14674 24568
14674 24921
14698 8981
14698 18228
14698 20057
14700 2635
14700 11733
14700 18228
14701 20053
14702 11733
14702 20053
14730 370
14730 371
14730 372
14730 1585
14730 5956
14730 16121
14748 14750
14762 7080
14811 8839
14825 14831
14832 17542
14839 14825
14863 9642
14878 10124
14878 10125
14891 6715
14909 9642
14928 1934
14928 5901
14928 8931
14928 14555
14928 15893
14928 16518
14928 20671
14941 9642
14941 13215
14941 24988
14962 5010
14965 18336
14983 4706
14985 13215
15028 1938
15028 12207
15029 1938
15029 2205
15029 12207
15030 1938
15030 12207
15031 1938
15032 2205
15032 12207
15040 12207
15042 1938
15042 2205
15042 12207
15043 2204
15043 2205
15043 6632
15043 15885
15043 17735
15043 22347
15044 2205
15046 1938
15076 8695
15078 24051
15115 274
15115 11638
15115 19224
15141 3911
15141 6003
15217 4739
15217 6756
15217 17682
15235 9642
15235 13215
15245 6418
15269 24878
15276 425
15288 20259
15326 14455
15326 15891
15327 3285
15327 3814
15327 4766
15327 7565
15327 7566
15327 7567
15327 7568
15327 7569
15327 7571
15327 9631
15327 9632
15327 9642
15327 9643
15327 10347
15327 10349
15327 10351
15327 13209
15327 13483
15327 13484
15327 14293
15327 15326
15327 15328
15327 15896
15327 15898
15327 19441
15327 24987
15327 24988
15328 14455
15329 14455
15329 15327
15330 14455
15333 4423
15333 6003
15333 8351
15333 18043
15407 15727
15407 20267
15410 15414
15410 16747
15410 18650
15410 22706
15411 15410
15411 16747
15416 4038
15502 20111
15503 20111
15504 9314
15505 9314
15518 13033
15550 7659
15550 15552
15550 15885
15550 17735
15550 23127
15551 12207
15551 23127
15552 1938
15552 2000
15552 2205
15552 3316
15552 3317
15552 3841
15552 4016
15552 4017
15552 5070
15552 5073
15552 5076
15552 6280
15552 6408
15552 9754
15552 10443
15552 10629
15552 10644
15552 11698
15552 11699
15552 12207
15552 12230
15552 12259
15552 12260
15552 12683
15552 13539
15552 13913
15552 15032
15552 15046
15552 15885
15552 16902
15552 16906
15552 17740
15552 18444
15552 18659
15552 18996
15552 21037
15552 21352
15552 21538
15552 22055
15552 22348
15552 22654
15552 23726
15552 24230
15553 1938
15553 12207
15553 23127
15556 7659
15556 23127
15597 6003
15616 7555
15620 9642
15620 13215
15620 24988
15641 1938
15641 12207
15642 1938
15642 12207
15643 2205
15643 12207
15644 1938
15644 2205
15646 7659
15646 12062
15689 13718
15692 13718
15723 2653
15723 5158
15723 11229
15723 12744
15723 14298
15742 562
15742 15919
15764 1070
15764 6756
15776 5024
15776 12872
15776 14486
15776 15375
15776 17628
15776 21051
15776 21473
15796 15795
15830 24323
15846 546
15846 14644
15855 11276
15858 850
15858 3828
15858 11030
15858 13800
15859 13999
15859 15862
15859 20573
15859 20794
15859 21925
15859 21926
15860 1938
15860 19862
15862 13205
15863 9359
15866 4116
15883 12207
15885 2205
15886 1938
15886 2205
15886 12207
15891 4229
15891 4231
15891 8788
15891 8790
15891 23146
15891 23504
15891 24987
15895 4229
15895 4231
15895 15891
15897 9775
15898 4229
15898 4231
15905 9642
15906 10349
16013 1938
16013 7659
16013 12207
16085 10349
16085 13215
16085 24988
16087 9642
16087 10349
16087 13215
16087 24988
16100 1940
16116 16112
16121 374
16121 14395
16121 15134
16123 1585
16123 8344
16123 13427
16152 15527
16152 15528
16152 15529
16152 15530
16152 18583
16152 20986
16156 15727
16175 10349
16175 13215
16176 9642
16176 10349
16176 24988
16186 12207
16186 14674
16186 23127
16188 1938
16188 10629
16188 12207
16237 2205
16237 12207
16239 18970
16283 16281
16284 16281
16415 10349
16415 13215
16416 10349
16416 24988
16417 9642
16417 10349
16417 24988
16418 13215
16418 24988
16419 9642
16419 24988
16490 4689
16516 2938
16518 10274
16518 19599
16553 1778
16569 24350
16576 2849
16576 3140
16576 10984
16576 11276
16576 23952
16578 8735
16578 10984
16578 11276
16578 21105
16578 23952
16578 23955
16586 24988
16587 13215
16587 24988
16616 23961
16621 6003
16637 7555
16638 2938
16684 7080
16684 7239
16686 6355
16687 14758
16722 14555
16727 8168
16747 18650
16747 22706
16772 13215
16772 24988
16773 9642
16773 10349
16775 6003
16775 18693
16775 18694
16775 18696
16776 12410
16776 18696
16776 24617
16776 24618
16776 24620
16796 8801
16800 1165
16800 1798
16800 6496
16800 12374
16800 12379
16800 16987
16800 16988
16800 24377
16800 24382
16802 858
16802 15860
16802 20637
16902 1938
16902 2205
16902 12207
16907 12207
16908 12207
16915 7488
16915 20361
16941 13215
16960 23530
16960 23961
16965 13786
16965 23099
17034 1754
17034 3387
17034 6064
17034 9545
17034 11298
17034 12134
17034 14477
17034 17036
17034 17037
17034 17042
17034 18043
17034 18047
17034 18049
17034 18050
17034 19848
17034 19852
17034 19853
17034 20063
17034 20064
17034 20065
17034 22010
17035 3387
17035 4611
17035 18043
17035 19856
17035 22297
17036 973
17036 3387
17036 18043
17036 19856
17036 22297
17037 14477
17037 18043
17037 19856
17037 22297
17038 3387
17038 18043
17038 22297
17039 3387
17039 4611
17039 14477
17039 18043
17039 22297
17040 4611
17040 19856
17040 22297
17041 14477
17042 973
17042 3387
17042 11298
17054 3814
17054 6184
17054 7565
17054 7571
17054 13483
17059 10349
17059 13215
17059 24988
17065 10349
17101 1938
17101 10629
17101 12207
17102 12207
17103 2003
17103 5072
17103 5074
17103 7659
17106 2205
17106 7659
17106 12207
17108 2205
17108 7659
17108 12207
17162 17165
17163 17167
17164 17167
17165 17163
17222 7992
17250 14334
17264 6003
17324 12002
17327 16747
17349 5876
17349 21469
17349 24807
17414 14455
17418 5337
17478 5505
17478 9631
17478 10349
17478 10352
17478 13483
17478 19442
17478 19927
17493 22919
17530 13741
17530 21105
17572 2779
17572 8695
17575 9642
17575 21441
17580 10984
17580 12091
17583 10300
17589 7017
17589 13815
17589 14833
17589 17539
17589 17540
17589 17543
17598 9642
17598 13215
17598 24988
17600 24988
17603 1005
17603 9846
17603 10307
17623 18528
17650 18336
17664 5876
17664 17774
17664 20267
17676 10349
17676 13215
17682 11862
17682 15217
17700 13483
17735 2205
17735 6632
17735 15885
17740 12207
17774 17664
17774 20267
17847 7080
17847 20259
17870 7992
17892 7566
17892 7571
17892 13485
17892 19440
17892 19442
17892 19927
17892 24988
17917 163
17917 1745
17917 3670
17917 3671
17917 7991
17917 17603
17917 19214
17917 21431
17917 21433
17917 21434
17917 21898
17918 7992
17954 24988
17985 12596
18017 3122
18043 1750
18043 1752
18043 1753
18043 4610
18043 4612
18043 4614
18043 4616
18043 4617
18043 4618
18043 8442
18043 18046
18043 18047
18043 18048
18043 18049
18043 18050
18043 18051
18043 18052
18075 2003
18075 2205
18075 11312
18075 12207
18075 15043
18075 15885
18075 17735
18075 22697
18078 7659
18080 1938
18080 2205
18080 15885
18111 7555
18150 13215
18165 13589
18188 1904
18188 4739
18228 8976
18228 8977
18228 8983
18228 11740
18228 18227
18228 22919
18228 23798
18288 10123
18325 1938
18325 2205
18325 12207
18328 9642
18328 13215
18336 3237
18336 3778
18405 22785
18408 9631
18438 1938
18438 2205
18440 2205
18440 12207
18441 1938
18441 12207
18444 1938
18444 2205
18444 12207
18483 7239
18519 13589
18528 8520
18528 9396
18528 18529
18539 16791
18550 7568
18550 13483
18655 1938
18655 1942
18655 2205
18655 3376
18655 10314
18655 12207
18655 15885
18655 17735
18656 1938
18656 2205
18659 2205
18694 3778
18707 4638
18733 9267
18760 7225
18760 10203
18760 14660
18767 7565
18767 7569
18767 9631
18767 9632
18767 10351
18767 13483
18767 13484
18767 13485
18767 14455
18805 7659
18805 12207
18805 15552
18805 23127
18806 1938
18806 12207
18806 23127
18815 9642
18821 18824
18824 1762
18824 11224
18824 11227
18859 3140
18859 9792
18860 10349
18860 13215
18917 6003
18975 2205
18975 7659
18975 15885
18976 2003
18976 2205
18976 12207
18976 15043
18976 15885
18978 6632
18979 7659
18979 12207
18981 12207
18989 1938
18996 1938
18996 2205
19001 21551
19008 18428
19009 18428
19045 2886
19045 5736
19058 23565
19059 6003
19063 4142
19139 1778
19142 19148
19197 6003
19213 7039
19238 7427
19238 7428
19292 19291
19308 7659
19308 14674
19310 1938
19310 2205
19310 23127
19311 2003
19311 12207
19311 15885
19311 23127
19312 1938
19312 2003
19312 12207
19313 1938
19313 2003
19313 2205
19313 6280
19313 22055
19313 23127
19320 13999
19320 21925
19337 8495
19337 8734
19339 21671
19360 6756
19438 7659
19438 12207
19439 1938
19439 5074
19439 12207
19439 14674
19488 5337
19488 23989
19491 10374
19491 19488
19506 207
19506 998
19506 999
19506 1911
19506 8029
19506 12121
19506 13149
19506 15854
19506 22014
19506 22015
19510 9327
19510 22765
19519 1938
19519 2205
19519 12207
19561 9642
19561 10349
19561 24988
19563 9642
19675 1938
19675 12207
19675 15043
19677 12207
19678 12207
19679 1938
19679 12207
19680 1938
19680 12207
19789 2853
19789 17583
19792 1119
19824 6159
19824 9813
19824 16747
19842 390
19842 8627
19842 9303
19842 12066
19842 20352
19842 20403
19842 23971
19845 19842
19845 20352
19847 22296
19847 22297
19848 3387
19848 11298
19848 14477
19848 22297
19849 4611
19849 18043
19850 3387
19850 18043
19851 3387
19851 4611
19851 18043
19852 3387
19852 4611
19852 4612
19852 18043
19852 22297
19853 3387
19853 4611
19853 18043
19856 1752
19856 1753
19856 1858
19856 3387
19856 3686
19856 3690
19856 4610
19856 4611
19856 4612
19856 6064
19856 8442
19856 9544
19856 11298
19856 18046
19856 18049
19856 18050
19856 18051
19856 18052
19856 19848
19856 19849
19856 19850
19856 19851
19856 19852
19856 19853
19856 22010
19856 22296
19857 19856
19857 22297
19862 18935
19863 21280
19870 14555
19870 21257
19877 9642
19877 10349
19894 18590
19917 5805
19917 6672
19917 6673
19917 7565
19917 7566
19917 7568
19917 7571
19917 13483
19917 13485
19917 19442
19917 19927
19917 24987
19925 12207
19926 4231
19927 956
19927 4229
19927 4231
19927 9799
19932 2779
19932 8358
19943 14489
19957 4611
19957 14477
19957 18043
19957 19856
19957 22297
19979 4739
19981 14649
20024 12207
20041 18824
20042 18824
20043 18824
20048 2635
20048 8981
20048 18228
20048 20053
20053 2635
20053 8977
20053 8981
20053 8982
20053 8983
20053 11739
20053 11740
20053 17990
20053 18227
20053 20057
20057 8977
20057 8982
20057 15333
20057 18229
20057 21280
20060 14477
20060 18043
20060 22297
20061 14477
20061 19856
20061 22296
20062 4611
20062 14477
20062 18043
20063 3387
20063 18043
20063 22297
20064 4611
20064 14477
20064 18043
20064 19856
20065 3387
20065 4611
20065 18043
20065 19856
20065 22297
20094 6003
20095 9415
20111 1511
20111 2486
20111 2487
20111 18872
20111 20110
20124 24462
20169 6003
20171 12410
20171 18693
20171 18694
20171 18695
20171 18696
20171 24617
20171 24618
20171 24619
20190 6331
20192 6003
20219 2287
20219 4506
20219 7239
20219 9090
20219 12039
20267 5160
20267 5868
20267 5876
20267 7080
20267 8647
20267 10856
20267 12488
20267 15407
20267 16684
20267 17664
20267 17774
20267 23439
20332 9642
20332 13215
20333 9642
20333 13215
20352 23356
20357 9642
20357 13215
20401 8734
20401 21105
20402 7992
20403 4142
20403 21105
20404 2703
20404 14649
20413 676
20456 4142
20504 2287
20504 8168
20504 9090
20504 9267
20511 4762
20511 16740
20539 12207
20542 24988
20565 13869
20573 2943
20573 7555
20573 12975
20573 16152
20581 13934
20592 10349
20592 13215
20593 10349
20594 9642
20594 10349
20594 24988
20595 9642
20595 10349
20595 13215
20715 20984
20734 9642
20734 13215
20734 24988
20735 9642
20735 24988
20737 9642
20737 10349
20737 13215
20738 10349
20738 13215
20738 24988
20757 13215
20795 13205
20798 24988
20837 5683
20892 1938
20892 2205
20892 7659
20892 12207
20954 13215
20954 24988
20964 425
20970 4635
20972 13108
20985 20984
21000 8695
21003 10307
21003 10873
21003 10875
21004 1005
21004 10307
21004 12975
21005 956
21005 13033
21005 20752
21005 20984
21006 1005
21006 11575
21007 593
21007 1005
21007 5010
21007 10039
21007 10331
21007 13174
21007 19338
21007 20752
21007 23971
21008 8695
21008 14649
21030 1938
21030 7659
21030 12207
21031 2205
21031 12207
21032 1938
21032 12207
21033 1938
21033 12207
21037 2003
21037 2205
21037 11312
21037 12207
21037 15885
21037 17735
21038 2205
21038 11702
21045 986
21045 987
21045 2837
21060 1345
21068 7992
21101 13033
21105 3778
21105 5455
21105 6494
21105 8784
21105 10401
21105 11229
21105 11231
21105 22841
21109 13038
21122 16747
21160 4281
21160 4794
21160 4818
21160 8839
21160 10401
21160 14824
21160 17583
21160 21154
21231 1938
21231 2003
21231 3272
21231 5074
21231 6280
21231 15885
21231 17735
21231 23127
21232 1938
21232 2205
21232 7659
21234 2205
21234 6280
21234 7659
21234 22055
21234 23127
21236 23127
21237 1938
21237 7659
21237 10314
21239 1938
21239 23127
21267 7930
21267 9332
21267 17727
21267 17728
21277 9642
21277 13215
21280 6003
21296 7992
21305 12005
21318 18876
21347 1938
21347 12207
21349 1938
21349 2205
21349 12207
21350 12207
21352 1938
21352 12207
21369 13589
21408 8695
21431 9846
21431 23961
21433 7992
21433 9846
21434 7990
21434 7992
21434 9846
21440 13949
21440 22155
21441 22155
21450 3063
21455 15727
21473 14395
21532 23552
21535 1938
21535 2205
21535 15043
21535 15885
21536 12207
21537 12207
21538 1938
21538 2205
21538 12207
21539 12207
21540 1938
21540 12207
21551 19001
21552 2205
21552 12207
21572 10349
21572 13215
21572 24988
21573 13215
21575 9642
21575 10349
21575 13215
21590 23967
21590 24584
21590 24781
21671 21001
21671 21007
21672 24791
21680 955
21699 1938
21699 12207
21705 9314
21706 20111
21714 23565
21767 12410
21767 18693
21767 18694
21767 24617
21767 24618
21767 24619
21767 24620
21768 18694
21768 18696
21768 24620
21818 3920
21818 6715
21820 3920
21824 6715
21851 2205
21851 6280
21851 22055
21851 23127
21865 12207
21866 12207
21875 1938
21875 12207
21895 9846
21895 18693
21895 24618
21895 24619
21898 9846
21898 18336
21916 6756
21924 1119
21926 6003
21926 12883
21939 15976
21939 15977
21952 9620
21952 15723
21969 4974
21984 8495
22010 18043
22017 10349
22017 13215
22017 24988
22044 5337
22055 2003
22055 2204
22055 3270
22055 3297
22055 3540
22055 3841
22055 3842
22055 4017
22055 5072
22055 5073
22055 5074
22055 5076
22055 6408
22055 6459
22055 6460
22055 6638
22055 7664
22055 7852
22055 7853
22055 8511
22055 8852
22055 9751
22055 10443
22055 10629
22055 11702
22055 12202
22055 12207
22055 12258
22055 12260
22055 13535
22055 13913
22055 14316
22055 15043
22055 15046
22055 15644
22055 15885
22055 15886
22055 16237
22055 16902
22055 17101
22055 17735
22055 18080
22055 18656
22055 18659
22055 18975
22055 18996
22055 19675
22055 20539
22055 21037
22055 21538
22055 21865
22055 22348
22055 23544
22055 23726
22055 23759
22055 23760
22055 24212
22055 24229
22055 24231
22055 24232
22131 12488
22140 15727
22155 4151
22182 4267
22188 7990
22188 7992
22188 12373
22189 7992
22210 11662
22212 13033
22214 11662
22218 1119
22244 7992
22246 7990
22246 7992
22268 6003
22296 1754
22296 3687
22296 4613
22296 8442
22296 9544
22296 9545
22296 10634
22296 11298
22296 11770
22296 18043
22296 18048
22297 1753
22297 1754
22297 4610
22297 4612
22297 4613
22297 4614
22297 4616
22297 4617
22297 4618
22297 6064
22297 6065
22297 9544
22297 9545
22297 12134
22297 12135
22297 14517
22297 15333
22297 18049
22297 18052
22297 22296
22298 20053
22324 4486
22348 2205
22348 12207
22375 24988
22376 9642
22376 10349
22376 13215
22376 24988
22382 11739
22382 11740
22389 22390
22429 15727
22441 4739
22444 13215
22459 16800
22528 7606
22528 11215
22528 16790
22528 16791
22528 20667
22529 2575
22529 7606
22529 7607
22529 16790
22529 16791
22529 22867
22529 24883
22532 20667
22533 7555
22654 1938
22654 2003
22654 5074
22654 12207
22655 1938
22655 7659
22655 12207
22657 1938
22657 2205
22657 12207
22657 22055
22658 12207
22660 1938
22660 2205
22660 7659
22662 14477
22662 19856
22662 22296
22662 22297
22663 972
22663 973
22663 3387
22663 17034
22664 3387
22664 9545
22664 11298
22664 11664
22664 17034
22664 17042
22664 18043
22664 22297
22674 9642
22674 24988
22697 1938
22697 12207
22697 15043
22697 15885
22697 17735
22740 19862
22745 5010
22745 8931
22778 10519
22785 163
22785 955
22785 18405
22786 9061
22832 15270
22832 17804
22832 20111
22833 20111
22839 13741
22841 5593
22841 18336
22841 20057
22846 10349
22867 10274
22867 12883
22867 24178
22902 12488
22902 24771
22912 3814
22912 13483
22912 14455
22914 6579
22914 14455
22919 8495
22954 6003
22954 6756
22958 3859
22979 2635
22979 11733
22979 18228
23006 7555
23035 9642
23035 10349
23035 24988
23086 7555
23087 7555
23088 7555
23099 5272
23099 11231
23099 13326
23099 13786
23099 21551
23099 23094
23099 23097
23114 14784
23127 475
23127 1094
23127 1141
23127 1142
23127 1143
23127 1355
23127 1371
23127 1372
23127 1996
23127 2000
23127 2002
23127 2003
23127 2204
23127 2381
23127 2469
23127 3270
23127 3275
23127 3291
23127 3295
23127 3297
23127 3316
23127 3317
23127 3377
23127 3747
23127 3762
23127 3841
23127 4017
23127 4493
23127 5068
23127 5070
23127 5071
23127 5072
23127 5073
23127 5226
23127 6283
23127 6284
23127 6459
23127 6460
23127 6632
23127 6637
23127 6641
23127 7666
23127 7763
23127 7853
23127 7854
23127 7856
23127 7956
23127 8242
23127 8511
23127 8852
23127 9171
23127 9751
23127 9754
23127 10314
23127 10443
23127 10630
23127 10644
23127 11312
23127 11314
23127 11316
23127 11698
23127 11699
23127 11700
23127 11701
23127 11702
23127 11703
23127 11705
23127 11706
23127 12060
23127 12062
23127 12202
23127 12260
23127 12261
23127 13164
23127 13505
23127 13506
23127 13535
23127 13537
23127 13539
23127 14007
23127 14040
23127 14076
23127 14313
23127 14314
23127 14315
23127 14316
23127 14458
23127 14462
23127 14464
23127 15028
23127 15029
23127 15032
23127 15042
23127 15641
23127 15642
23127 15646
23127 15885
23127 15886
23127 16906
23127 16907
23127 17101
23127 17102
23127 17104
23127 17106
23127 17107
23127 17735
23127 18075
23127 18078
23127 18080
23127 18441
23127 18442
23127 18444
23127 18655
23127 18656
23127 18975
23127 18976
23127 18978
23127 18981
23127 19676
23127 19680
23127 19925
23127 20024
23127 21038
23127 21345
23127 21351
23127 21352
23127 21536
23127 21537
23127 21539
23127 21540
23127 21699
23127 21864
23127 21866
23127 21875
23127 22347
23127 22348
23127 22655
23127 22697
23127 23319
23127 23542
23127 23543
23127 23544
23127 23726
23127 23760
23127 24212
23127 24225
23127 24227
23127 24228
23127 24229
23127 24230
23127 24232
23127 24563
23127 24917
23142 22155
23220 13215
23222 13215
23226 23227
23227 17580
23261 9642
23261 13215
23261 24988
23284 9642
23284 13215
23285 9642
23317 15885
23319 1938
23319 2205
23319 10314
23319 12207
23319 15885
23319 17735
23320 12207
23321 12207
23322 12207
23361 13215
23364 9642
23364 13215
23439 3000
23441 20497
23530 1048
23530 1050
23530 5674
23530 6405
23530 6953
23530 8171
23530 8174
23530 8175
23530 9642
23530 9643
23530 11124
23530 11125
23530 11763
23530 12513
23530 12514
23530 13108
23530 13988
23530 17008
23530 19790
23530 19792
23530 20081
23530 23961
23541 7659
23541 12207
23542 1938
23542 2003
23542 12207
23543 1938
23543 12207
23544 1938
23551 10349
23551 13215
23552 17028
23560 10031
23561 5337
23566 5010
23582 15776
23596 2938
23625 22920
23637 18693
23637 18694
23637 18695
23637 18696
23637 24618
23637 24619
23637 24620
23638 12410
23638 18693
23638 18694
23638 18695
23638 18696
23638 24617
23638 24619
23654 15727
23672 14484
23726 1938
23759 1938
23759 2205
23760 1938
23760 2205
23760 7659
23760 12207
23769 17804
23788 8734
23789 1907
23789 14037
23789 15333
23789 19337
23790 8734
23798 18228
23845 10704
23859 10274
23867 7529
23869 5683
23870 5683
23901 21248
23955 23949
23956 23949
23961 1048
23961 9777
23961 11747
23967 19862
23971 11789
23971 11790
23986 13936
23989 4709
23989 23864
23992 2695
23992 19045
24045 3523
24045 6219
24045 8839
24045 22841
24051 425
24054 4142
24101 9642
24115 9642
24115 10349
24115 13215
24115 24988
24117 9642
24117 10349
24118 9642
24118 10349
24118 24988
24119 13215
24119 24988
24120 10349
24167 6003
24178 7606
24178 14497
24178 16790
24178 16791
24179 2284
24179 2575
24179 7606
24179 7607
24179 16790
24203 23552
24212 2205
24225 1938
24225 2205
24225 12207
24226 1938
24226 12207
24227 1938
24227 12207
24228 12207
24229 2205
24230 1938
24230 12207
24231 1938
24231 2205
24232 2205
24245 8514
24245 8520
24256 13949
24271 3903
24271 23177
24289 13116
24290 13116
24322 12379
24323 1165
24323 12377
24323 12379
24323 16561
24323 16562
24323 24377
24323 24912
24350 7978
24350 7980
24350 16566
24350 22246
24350 24129
24350 24233
24350 24234
24358 9305
24358 20401
24358 20403
24358 20415
24376 2285
24376 2570
24376 5732
24376 7930
24376 9332
24378 1438
24378 5732
24378 7929
24378 9332
24378 17727
24378 17728
24378 24211
24378 24213
24385 15764
24417 6003
24426 7440
24483 10349
24483 24988
24563 12207
24565 1938
24565 12207
24567 1938
24567 2003
24567 3292
24567 15885
24567 18655
24568 7659
24600 11188
24617 3778
24618 3778
24619 3778
24661 1165
24661 7555
24682 14455
24688 10638
24691 17804
24693 17804
24699 4258
24783 13215
24783 24988
24784 9642
24784 10349
24784 13215
24785 10349
24785 13215
24785 24988
24791 20984
24791 20986
24799 2205
24799 6280
24799 7659
24799 12207
24799 23127
24809 6003
24859 2838
24860 939
24860 1026
24860 16152
24860 19506
24861 8616
24861 17874
24862 939
24862 1026
24862 18695
24866 14477
24866 18043
24866 19856
24866 22297
24878 22155
24882 24178
24883 24178
24883 24179
24915 1938
24915 2003
24915 2205
24915 5072
24915 5074
24915 12207
24915 23127
24917 1938
24917 7659
24918 1938
24918 2205
24918 6280
24918 7659
24918 12207
24918 22055
24920 12207
24920 23127
24920 23320
24921 1938
24921 6280
24921 7659
24921 10629
24921 11312
24921 15885
24921 22697
24921 23127
24923 10638
24924 8839
24924 23139
24939 20491
24978 5714
24978 8735
24978 10274
24978 11505
24987 3136
24987 4231
24987 14455
24988 4229
24988 5592
24988 14455
