2 9999
5 6608
5 7502
5 7507
5 13602
22 12073
22 12074
22 12075
25 506
25 7651
25 9993
25 9999
25 12073
25 12074
25 12084
25 15843
25 16714
32 7858
46 16837
47 5082
57 14493
57 18226
59 15871
68 11957
68 11966
68 12072
68 14487
68 14493
68 17146
68 18201
68 18203
68 18207
68 18221
68 18226
89 9999
92 89
111 7554
122 3921
122 7554
134 2846
135 12503
150 7587
151 7587
167 797
175 1205
175 4968
201 796
210 19232
212 4696
212 12187
212 13332
235 2351
235 4431
275 1205
504 507
504 4837
504 11730
506 504
506 797
506 11730
506 17623
507 504
507 506
507 17623
508 504
510 506
510 797
510 1232
510 13924
510 14017
510 17623
555 707
555 14037
599 589
640 565
640 6170
673 9042
704 707
705 8364
707 555
707 704
707 3921
707 8347
707 8364
707 13925
707 16497
730 6462
796 12185
796 12187
796 17921
797 506
797 510
797 796
797 7907
797 12184
797 12187
797 13313
797 13315
797 14017
797 17623
797 17921
797 19988
798 796
808 707
832 5147
1027 7772
1106 640
1106 10927
1106 18194
1134 16796
1168 16840
1205 46
1205 13452
1205 16837
1205 17003
1205 17005
1213 11162
1213 11164
1223 3945
1237 11038
1237 11177
1237 15177
1237 15680
1289 6417
1289 6545
1289 12489
1304 640
1304 3502
1304 6545
1304 9007
1304 12489
1304 15352
1306 6545
1320 1318
1320 5269
1320 5273
1332 565
1332 1106
1332 1289
1332 6421
1332 13076
1332 17203
1333 1332
1337 565
1337 1106
1337 1259
1337 1289
1337 1304
1337 1307
1337 1311
1337 1322
1337 3501
1337 3502
1337 3503
1337 6170
1337 6426
1337 6545
1337 13076
1337 17203
1339 1332
1339 1337
1339 6423
1339 6545
1339 9007
1339 12489
1339 18194
1340 1339
1382 11404
1419 7625
1419 7651
1419 9042
1419 16714
1422 705
1422 2351
1422 5021
1422 7466
1422 9866
1422 12185
1422 12351
1555 1548
1962 17005
1962 17921
2215 6121
2230 11713
2241 9866
2241 15423
2257 9572
2257 11231
2304 12089
2317 5974
2317 12076
2317 12086
2319 5974
2319 12086
2326 5974
2326 12086
2326 15830
2327 5974
2327 12086
2338 15804
2351 3120
2351 7466
2351 8446
2454 4840
2454 8364
2454 9999
2454 11034
2454 13315
2454 13325
2454 17005
2471 3878
2471 5390
2471 6758
2471 9552
2471 13022
2471 16396
2471 17618
2483 7651
2483 17921
2485 5039
2487 16852
2500 5040
2500 6111
2500 6112
2507 18140
2527 2988
2527 18140
2545 11750
2545 16820
2545 16840
2598 17005
2602 506
2602 14800
2602 14801
2603 2602
2603 9999
2606 4696
2609 797
2609 3907
2846 9439
2877 11750
2878 11750
2897 5974
3033 3034
3034 8364
3034 17921
3115 15531
3117 1533
3117 19616
3287 11181
3338 5974
3338 12086
3340 5974
3340 12086
3341 5974
3341 12086
3343 5974
3343 12086
3344 5974
3344 12086
3353 5974
3354 5974
3357 5974
3359 5974
3361 5974
3361 12076
3367 5974
3369 5974
3374 5974
3378 5974
3378 12086
3379 5974
3379 12086
3380 5974
3389 5974
3389 12086
3389 12103
3393 5974
3393 12076
3393 12086
3399 5974
3399 12076
3399 12086
3401 5974
3415 5974
3415 12076
3415 12086
3417 12076
3417 12086
3418 5974
3418 12086
3420 5974
3424 12086
3433 11887
3433 12867
3470 12295
3498 6608
3500 15605
3500 17860
3501 17851
3501 17860
3502 6545
3502 8355
3502 17851
3502 17854
3502 17860
3503 6545
3503 15227
3503 17851
3503 17860
3512 15226
3514 11177
3516 15226
3522 15622
3564 13003
3592 12073
3592 12074
3592 12077
3638 5902
3663 15277
3663 15622
3663 16852
3674 3668
3674 3675
3701 7858
3710 12089
3886 1667
3896 3893
3903 1667
3907 1667
3907 3892
3907 12187
3907 17921
3907 19988
3909 1559
3909 3907
3909 12187
3909 17921
3909 19988
3910 1667
3910 3892
3910 3907
3910 11177
3910 14962
3911 1667
3911 3886
3912 1667
3912 3904
3912 3911
3919 17434
3919 17438
3921 4839
3921 9993
3922 3921
3922 9292
3945 3890
3945 3892
3945 3901
3945 3907
3945 3910
3945 3911
3945 3912
4028 510
4043 504
4045 10787
4045 13067
4045 13070
4045 13105
4059 11977
4061 11977
4063 4039
4129 1667
4432 4431
4433 11038
4435 11177
4453 12086
4458 5974
4458 12086
4463 5974
4463 12086
4468 5974
4468 11887
4468 12076
4468 12086
4471 12086
4477 5974
4477 12086
4481 5974
4481 12086
4485 5974
4485 12086
4486 5974
4486 12086
4490 5974
4490 12076
4490 12086
4491 5974
4491 12086
4492 5974
4492 12076
4492 12086
4499 5974
4499 12086
4502 5974
4502 12086
4505 5974
4505 12086
4506 5974
4506 12086
4509 5974
4509 12086
4513 12103
4516 5974
4516 12086
4532 5974
4532 12086
4542 5974
4545 5974
4548 5974
4548 12076
4558 5974
4566 5974
4579 12104
4608 12351
4609 13315
4616 4611
4648 68
4650 18140
4683 3778
4689 1188
4689 9028
4689 16732
4689 16735
4693 1188
4694 1184
4694 1188
4694 3755
4694 3758
4694 3770
4694 3771
4694 10986
4694 11870
4694 12384
4695 1184
4695 1188
4695 3778
4696 110
4696 1144
4696 1184
4696 1188
4696 1830
4696 2295
4696 3766
4696 3771
4696 3778
4696 3779
4696 3782
4696 4860
4696 6395
4696 6603
4696 7905
4696 8978
4696 9027
4696 9028
4696 10986
4696 12384
4696 17819
4699 12597
4727 12810
4732 7651
4739 8364
4741 5318
4741 6111
4741 6112
4741 12187
4741 12189
4741 12192
4741 13301
4741 13313
4741 13332
4749 13331
4749 16597
4758 1422
4837 212
4837 2878
4837 3945
4837 4841
4837 4996
4837 6177
4837 7651
4837 8660
4837 9037
4837 9042
4837 9993
4837 9999
4837 11034
4837 11036
4837 11177
4837 11403
4837 12187
4837 13003
4837 13307
4837 13315
4837 13636
4837 14609
4837 14680
4837 16497
4837 16718
4837 17147
4837 17767
4837 17921
4837 18199
4837 18854
4837 19148
4837 19225
4838 11034
4839 3921
4839 4993
4839 7651
4839 8364
4839 9037
4839 9042
4839 11615
4839 12223
4839 13013
4839 18140
4839 18213
4840 2454
4840 2487
4840 3921
4840 4837
4840 5046
4840 5317
4840 5318
4840 5762
4840 6111
4840 6137
4840 6142
4840 7907
4840 9038
4840 9042
4840 9999
4840 11036
4840 11038
4840 11615
4840 12185
4840 12187
4840 12207
4840 12351
4840 13013
4840 13307
4840 14680
4840 15177
4840 15680
4840 17147
4840 17921
4840 17922
4840 19988
4841 59
4841 1812
4841 2987
4841 3034
4841 3778
4841 3921
4841 4837
4841 4840
4841 4842
4841 4996
4841 5040
4841 6280
4841 6301
4841 6461
4841 7651
4841 7907
4841 9037
4841 9042
4841 9049
4841 9061
4841 9760
4841 9999
4841 10000
4841 11038
4841 12184
4841 12185
4841 12187
4841 13013
4841 13301
4841 13302
4841 13307
4841 13313
4841 13315
4841 13322
4841 13324
4841 13325
4841 13331
4841 13563
4841 13881
4841 14057
4841 14680
4841 15177
4841 15178
4841 15179
4841 17147
4841 17336
4841 17805
4841 17921
4841 18213
4842 4841
4843 13325
4952 4951
4968 4949
4993 3886
4993 3890
4993 3911
4993 3912
4994 3909
4994 3945
4995 3910
4995 4993
4996 3886
4996 3892
4996 3901
4996 3907
4996 3909
4996 3910
4996 3911
4996 3912
4996 4993
4996 12185
4996 12187
4996 12206
4996 12207
4996 17921
4996 19988
4997 3892
4998 3896
4998 3945
4998 4993
4999 3892
4999 4995
5001 3886
5001 3910
5001 3911
5001 3912
5001 4993
5013 5005
5013 5012
5040 2500
5040 4651
5040 5046
5040 5318
5040 6144
5046 4840
5046 5040
5046 6111
5046 6112
5046 6143
5046 11615
5047 5049
5047 15871
5076 18873
5082 3964
5082 3968
5082 6133
5082 10529
5082 11643
5083 10529
5086 5082
5086 10529
5125 3892
5125 3910
5125 3912
5125 4994
5125 6181
5126 3910
5126 3912
5126 5125
5126 6181
5134 5133
5263 2919
5299 5189
5300 5299
5302 7085
5305 3910
5305 5040
5305 5304
5305 6109
5305 6111
5305 6112
5305 6143
5305 6144
5305 16389
5308 5040
5308 6111
5308 6112
5309 6134
5309 6135
5310 5305
5310 6112
5310 6142
5310 6143
5310 16389
5310 16722
5311 5310
5313 3784
5313 5305
5313 5308
5313 5311
5313 6111
5313 6112
5313 6142
5313 6143
5313 6182
5314 5040
5314 5306
5314 5307
5314 5308
5314 5310
5314 5313
5314 6109
5314 6111
5314 6112
5314 15616
5315 3910
5315 5029
5315 5040
5315 5305
5315 5308
5315 5310
5315 5313
5315 5314
5315 6109
5315 6111
5315 6112
5315 6134
5315 6135
5315 6136
5315 6142
5315 6143
5315 9712
5315 9776
5315 16389
5315 16722
5317 4651
5317 4840
5317 5314
5317 6137
5318 3910
5318 4651
5318 4741
5318 4840
5318 5040
5318 5305
5318 5308
5318 5311
5318 5313
5318 5314
5318 5315
5318 6111
5318 6112
5318 6137
5318 6142
5318 6143
5318 11615
5318 13636
5318 16722
5318 16852
5321 3910
5321 5040
5321 5304
5321 5305
5321 5310
5321 5315
5321 5317
5321 5318
5321 6111
5321 6112
5321 6144
5322 3910
5322 5040
5322 5304
5322 5305
5322 5310
5322 5313
5322 5315
5322 5318
5322 5321
5322 6109
5322 6111
5322 6112
5322 6143
5322 6144
5324 6143
5325 5315
5390 16838
5410 5303
5410 5305
5410 5321
5410 5322
5411 5322
5412 5305
5412 5321
5412 5322
5412 11177
5498 707
5501 5017
5501 15676
5501 15688
5513 10486
5513 10489
5564 5974
5569 5974
5573 5974
5578 5974
5578 12076
5582 5974
5584 5974
5591 5974
5591 12076
5610 5974
5610 12076
5613 5974
5614 5974
5636 5974
5637 5974
5637 12076
5638 5974
5638 12076
5643 5974
5643 12076
5644 5974
5646 5974
5648 5974
5648 12086
5648 12103
5654 5974
5655 5974
5656 5974
5674 5974
5677 12076
5680 16497
5682 8917
5684 5682
5686 5682
5687 5682
5687 5684
5748 16017
5749 16017
5749 16019
5749 16042
5762 504
5762 5501
5762 9051
5762 12172
5762 12187
5762 15675
5762 17599
5762 17921
5762 18140
5762 19232
5763 5762
5763 19225
5767 18140
5768 7554
5768 12387
5768 16962
5768 17192
5768 18140
5842 16017
5848 5846
5848 5847
5888 6230
5902 9999
5902 10282
5950 8688
5950 14437
5953 12646
6109 4651
6109 6144
6111 2500
6111 4651
6111 4741
6111 4840
6111 5046
6111 5318
6111 6143
6111 6144
6111 12185
6111 13636
6111 17921
6111 19988
6112 2500
6112 4651
6112 4741
6112 5046
6112 5318
6112 6144
6112 13636
6119 4651
6119 17921
6134 13636
6135 13636
6135 16722
6136 5049
6137 5040
6137 5046
6137 6109
6137 6111
6137 6112
6142 5046
6142 6111
6142 6112
6142 6137
6143 5029
6143 5046
6143 6111
6143 6137
6143 6142
6143 6144
6144 1559
6144 1560
6144 5040
6144 5049
6144 6109
6144 6111
6144 6112
6144 6137
6144 6142
6144 6143
6157 17438
6162 11177
6169 12171
6177 3892
6177 3910
6177 6181
6177 17921
6177 19988
6181 3945
6181 4993
6181 4995
6181 5125
6181 5126
6181 6177
6182 3896
6184 3892
6184 3895
6184 3901
6184 5130
6228 504
6230 8254
6258 17921
6271 6270
6282 2919
6335 6331
6391 4072
6446 5175
6461 4841
6461 15616
6462 729
6462 730
6545 6412
6548 6545
6552 6182
6581 5040
6600 16497
6606 9999
6606 18098
6608 6606
6608 9876
6623 4863
6626 5302
6747 15177
6747 15985
6747 15986
6747 16497
6747 16503
6775 12351
6775 15151
6777 51
6777 54
6777 8489
6777 10597
6777 12351
6777 15335
6777 16497
6779 8489
6795 4025
6795 6773
6795 9999
6869 555
6905 6914
6958 7740
6958 8532
6958 9037
6958 12646
6958 14879
6958 16032
6958 16497
6958 19419
6969 6958
7001 235
7012 3498
7012 3502
7012 3503
7012 3504
7012 4084
7012 8355
7012 17860
7013 7012
7250 506
7250 15488
7262 7250
7298 7295
7489 7488
7502 7499
7503 6451
7503 7502
7507 7504
7507 7506
7510 7501
7510 7502
7510 7505
7510 15273
7543 7541
7544 7543
7554 736
7554 2878
7554 3909
7554 15616
7554 16607
7554 16714
7554 16722
7554 16732
7559 12089
7559 12090
7559 12094
7559 12101
7559 12104
7561 12104
7587 17609
7595 7587
7600 5303
7600 5305
7600 5321
7600 5322
7601 5305
7601 5322
7601 7600
7602 5305
7602 5321
7602 5322
7602 7600
7603 5305
7603 5321
7603 5322
7604 5305
7604 5322
7604 7600
7604 7602
7608 1999
7608 7600
7608 7601
7608 7602
7608 7604
7641 506
7642 7641
7651 536
7651 2877
7651 2882
7651 2921
7651 3034
7651 5086
7651 6121
7651 6287
7651 8441
7651 8517
7651 9866
7651 11122
7651 11750
7651 12074
7651 13313
7651 13636
7651 16606
7651 16714
7651 16721
7651 16722
7651 16852
7651 17921
7651 19024
7772 1027
7772 9427
7772 11177
7772 16951
7858 32
7858 2257
7891 5302
7891 12266
7893 6758
7907 796
7907 797
7907 3910
7907 4840
7907 6111
7907 6112
7907 6143
7907 6144
7907 13313
7907 13315
7926 5280
7929 7651
7932 16519
7954 1573
7979 17860
8104 4694
8104 4696
8122 12503
8254 8251
8254 8252
8261 8251
8261 8252
8261 8254
8267 8254
8267 8261
8364 506
8364 3921
8364 3922
8364 4841
8364 8621
8364 11177
8364 11518
8364 11530
8364 12537
8364 15177
8434 8435
8441 7651
8446 510
8446 10515
8446 15531
8489 506
8489 2655
8496 6230
8532 6958
8532 19419
8599 10514
8599 10515
8599 11707
8621 11177
8621 15492
8660 17851
8672 5009
8672 12171
8681 14437
8688 8681
8688 14437
8688 15426
8689 15426
8691 8688
8691 14437
8705 5013
8705 11177
8708 8681
8708 8688
8708 8689
8708 15426
8741 7641
8882 15531
8883 15531
8883 18873
8883 19148
8883 19225
8886 17921
8887 8883
8889 12366
8890 14964
8897 4045
8905 2078
8905 7554
8905 9993
8905 15367
8905 17005
8925 5040
8925 16714
8927 5040
8977 14744
8978 5040
8978 9999
8979 11122
9007 565
9027 13393
9027 15871
9036 3909
9036 5040
9036 5049
9036 6795
9037 68
9037 9999
9037 12351
9037 15335
9038 21
9040 22
9040 25
9040 15335
9042 19
9042 21
9042 22
9042 24
9042 25
9042 54
9042 57
9042 68
9042 673
9042 5557
9042 6758
9042 6759
9042 7554
9042 7651
9042 9028
9042 11887
9042 15335
9042 16732
9042 16735
9042 16839
9042 16840
9042 16843
9042 17146
9042 17147
9045 506
9045 7554
9045 7651
9045 9999
9045 13013
9045 15335
9045 16735
9051 7772
9058 7651
9061 536
9092 3100
9092 4606
9114 1852
9114 4062
9114 6654
9114 7995
9114 7997
9114 7998
9114 8006
9114 8007
9114 8008
9114 16764
9122 9114
9124 9114
9125 9114
9127 9114
9129 9114
9133 9114
9135 9114
9135 9128
9137 9114
9138 9114
9139 9114
9140 9114
9142 9114
9143 9114
9144 9114
9145 9114
9146 9114
9148 9114
9154 9114
9155 9114
9179 4062
9179 9114
9181 4063
9181 9114
9182 9114
9185 9114
9267 12086
9267 12089
9267 12095
9267 12097
9267 12104
9268 12086
9268 12089
9268 12095
9268 12104
9269 12089
9291 17851
9292 3502
9292 3503
9292 11177
9292 17851
9292 17854
9292 17860
9293 17851
9296 17860
9300 17918
9397 8251
9541 7257
9542 7262
9599 7262
9600 8254
9677 15871
9686 9681
9760 13013
9820 1667
9821 12089
9823 12073
9823 12081
9823 12089
9823 12104
9824 1667
9833 12089
9836 1667
9866 15177
9934 16576
9934 17642
9935 16820
9935 16840
9938 3008
9938 16570
9938 16816
9938 17640
9940 510
9941 16820
9941 16840
9942 510
9942 16570
9943 16570
9943 16576
9943 16816
9944 16820
9944 16840
9945 510
9976 8883
9976 12366
9976 15177
9976 16497
9978 6111
9992 667
9992 7651
9993 644
9993 650
9993 651
9993 667
9993 3921
9993 5132
9993 8355
9993 8879
9993 8883
9993 17288
9995 796
9999 512
9999 527
9999 653
9999 667
9999 669
9999 1844
9999 2940
9999 3034
9999 3115
9999 3909
9999 3921
9999 4027
9999 4193
9999 4195
9999 7250
9999 7651
9999 8355
9999 8364
9999 8373
9999 8489
9999 8660
9999 8681
9999 8749
9999 9760
9999 9992
9999 9993
9999 11895
9999 12073
9999 12074
9999 12351
9999 12846
9999 13312
9999 13313
9999 13315
9999 13968
9999 15177
9999 15622
9999 16497
9999 16722
9999 17953
10010 9999
10053 5390
10082 10080
10089 10080
10089 10082
10090 10089
10093 10089
10095 10075
10095 10081
10095 10082
10095 10089
10101 10095
10116 510
10123 16570
10123 16576
10123 17649
10124 16843
10141 7502
10150 6608
10150 7502
10150 7505
10215 7702
10250 4063
10250 7998
10250 8006
10250 9122
10250 9124
10250 9135
10250 9138
10250 9139
10250 9143
10250 9146
10250 9148
10250 9154
10250 9179
10250 9182
10253 4063
10253 9114
10259 9114
10263 3921
10263 4063
10263 9114
10263 11385
10263 11389
10263 11393
10263 11403
10263 11404
10263 11425
10265 9114
10269 9114
10271 9114
10273 9114
10275 4035
10282 7651
10282 9037
10282 9998
10282 9999
10282 13315
10282 14609
10282 15694
10282 18198
10286 9114
10287 9114
10288 9114
10311 9884
10405 5304
10405 5322
10405 5324
10406 5305
10408 5305
10408 5310
10408 5315
10408 5318
10408 5322
10408 6136
10412 1289
10412 10838
10419 12083
10424 2326
10601 18873
10601 19148
10601 19225
10712 15531
10715 3909
10787 8389
11011 11010
11013 10637
11014 11013
11033 11028
11034 11032
11034 11033
11034 11518
11034 15688
11036 536
11036 11028
11036 11034
11036 11038
11036 16497
11036 17921
11037 11028
11037 11034
11038 704
11038 4840
11038 5040
11038 5318
11038 6111
11038 6112
11038 11036
11038 11615
11038 12184
11038 12185
11038 12187
11038 12206
11038 12207
11038 12351
11038 13301
11038 13315
11038 15075
11038 15177
11038 15680
11038 16497
11038 17921
11038 19988
11050 512
11076 5308
11122 5308
11122 5313
11122 5314
11122 5315
11122 5318
11122 6111
11122 6143
11122 6144
11122 7554
11122 16714
11132 11130
11177 1237
11177 3921
11177 6262
11177 8621
11177 8978
11177 9292
11177 9993
11177 11038
11177 13315
11177 15680
11181 11184
11200 9999
11218 10078
11218 10082
11218 10095
11221 10089
11272 6608
11276 832
11284 7262
11284 10167
11285 7262
11291 7262
11305 7262
11308 7262
11308 11316
11309 11316
11312 7262
11312 11316
11316 7242
11316 7243
11316 7248
11316 7249
11316 7257
11316 7258
11316 7262
11316 9542
11316 9599
11316 10166
11316 10167
11316 11290
11316 11291
11316 11293
11316 11294
11316 11296
11316 11297
11316 11300
11316 11301
11316 11305
11317 11316
11318 11316
11319 7262
11319 11316
11320 11316
11323 7262
11323 11316
11325 7257
11327 11314
11330 11316
11340 7262
11347 7257
11385 3921
11385 8364
11385 14437
11385 17438
11385 17440
11388 14437
11389 8364
11389 14437
11389 17440
11390 3921
11390 8364
11390 11385
11390 14437
11390 17438
11391 14437
11393 2899
11393 3921
11393 5100
11393 6162
11393 8364
11393 8978
11393 10988
11393 11038
11393 11385
11393 11389
11393 11390
11393 14437
11393 17438
11393 17440
11394 11385
11394 11388
11394 11389
11394 11390
11394 11391
11394 11393
11396 11394
11398 8364
11398 11394
11400 11394
11402 3921
11402 8364
11403 3921
11403 5305
11403 5315
11403 5318
11403 5321
11403 5322
11403 6136
11403 6160
11403 6162
11403 8364
11403 8978
11403 11385
11403 11389
11403 11390
11403 11393
11403 11394
11403 11396
11403 17438
11404 3921
11404 6162
11404 8252
11404 8364
11404 10988
11404 11385
11404 11389
11404 11390
11404 11393
11404 11403
11404 17438
11404 18226
11404 19232
11408 11393
11411 11389
11411 11393
11424 3921
11424 6162
11424 8364
11424 11385
11424 11389
11424 11393
11424 11403
11424 11404
11425 3921
11425 6162
11425 8364
11425 8978
11425 10988
11425 11028
11425 11385
11425 11389
11425 11390
11425 11393
11425 11403
11425 11404
11425 11424
11425 17438
11425 17440
11426 8364
11426 11028
11517 9999
11518 2351
11518 11038
11518 12343
11518 15680
11518 19100
11519 5207
11530 15680
11541 1304
11541 1339
11541 2230
11541 3469
11568 13313
11568 15531
11603 17851
11611 10929
11611 10930
11611 10931
11615 4837
11615 4839
11615 4840
11615 5046
11615 5318
11615 6137
11615 6142
11615 12185
11615 12186
11615 12187
11615 12351
11615 12353
11615 13315
11615 17921
11615 19988
11639 11425
11656 10529
11697 11690
11697 11693
11730 506
11730 4616
11730 11177
11735 11730
11735 12644
11750 2545
11750 2877
11750 2878
11750 10501
11750 15694
11750 17921
11890 11889
11894 11889
11894 11890
11899 11890
12073 3903
12073 5126
12073 6184
12073 12796
12074 3892
12074 3903
12074 5133
12074 5134
12076 11697
12077 11697
12081 3903
12081 3910
12081 3945
12081 4663
12081 4993
12081 4996
12081 4999
12081 5125
12081 5126
12081 5130
12081 5133
12081 5134
12081 6177
12081 6181
12081 6184
12081 10678
12081 12074
12081 12796
12081 12866
12081 12867
12082 12089
12082 13553
12084 3910
12084 3945
12084 4993
12084 5125
12084 5126
12084 6184
12084 11697
12084 12796
12086 3903
12086 3909
12086 3910
12086 3945
12086 4993
12086 5125
12086 5126
12086 5207
12086 6184
12086 7343
12086 12081
12086 12866
12088 11795
12089 3890
12089 3892
12089 3901
12089 3903
12089 3910
12089 3945
12089 4993
12089 4996
12089 4997
12089 4999
12089 5120
12089 5125
12089 5126
12089 5130
12089 5132
12089 5133
12089 5134
12089 5207
12089 5208
12089 6177
12089 6181
12089 6184
12089 8565
12089 9677
12089 10678
12089 11690
12089 11695
12089 11886
12089 11887
12089 12073
12089 12074
12089 12081
12089 12082
12089 12084
12089 12086
12089 12104
12089 12792
12089 12796
12089 12798
12089 12866
12089 12867
12089 13968
12090 3903
12090 5207
12091 11695
12093 5125
12093 5126
12094 3910
12094 4993
12094 5207
12094 12089
12095 3903
12095 12089
12095 12796
12095 12867
12097 3903
12101 3896
12101 3945
12101 4993
12101 5207
12101 12784
12101 12866
12103 3903
12103 5133
12103 6184
12103 12796
12104 3890
12104 3893
12104 3903
12104 3945
12104 4993
12104 4995
12104 4996
12104 4997
12104 4998
12104 5125
12104 5126
12104 5130
12104 5132
12104 5133
12104 5134
12104 5207
12104 6177
12104 6181
12104 6184
12104 11695
12104 11887
12104 12081
12104 12084
12104 12089
12104 12094
12104 12101
12104 12796
12104 12866
12104 12867
12104 17715
12119 12104
12120 12089
12153 5310
12153 5318
12171 6169
12171 8672
12172 5762
12175 7554
12179 536
12184 6143
12184 6144
12184 11038
12184 12187
12185 5040
12185 6109
12185 6111
12185 6112
12185 6143
12185 6144
12185 11038
12185 12187
12186 13325
12187 536
12187 4837
12187 5040
12187 5317
12187 5318
12187 6109
12187 6111
12187 6143
12187 6144
12187 11038
12187 12184
12187 12185
12187 13307
12187 13325
12187 17921
12187 19988
12188 12187
12191 536
12191 12192
12192 12179
12192 12187
12192 12189
12206 12187
12207 4840
12207 12187
12223 17921
12247 6133
12254 12089
12282 5305
12282 5321
12282 5322
12295 9423
12342 555
12351 653
12351 2940
12351 3034
12351 5147
12351 6606
12351 6775
12351 6777
12351 9999
12351 11028
12351 16497
12351 16741
12351 17951
12351 17953
12365 11034
12365 17005
12366 8889
12366 9976
12366 12171
12366 12187
12366 17921
12407 9943
12442 13227
12446 12447
12447 5043
12485 5047
12485 15156
12489 504
12489 507
12489 508
12489 4057
12489 6426
12489 6429
12489 13076
12502 12503
12503 68
12503 14489
12508 3909
12530 9058
12530 15622
12530 16852
12537 8364
12537 16054
12544 68
12546 12248
12546 12249
12547 12546
12581 9999
12583 9999
12597 2897
12597 2899
12597 2902
12597 2903
12597 2904
12597 3948
12597 3949
12597 4699
12597 5266
12597 5268
12597 5974
12597 6758
12597 6759
12597 6771
12597 6772
12597 6773
12655 14680
12712 6608
12712 7077
12712 9999
12712 10150
12761 11177
13013 13313
13041 13040
13077 506
13077 510
13077 11706
13233 9673
13278 17921
13293 12187
13296 536
13297 12187
13301 11038
13307 12187
13307 17921
13307 19988
13312 536
13312 6144
13312 7554
13312 13013
13313 536
13313 2940
13313 6111
13313 6143
13313 6144
13313 7554
13313 12185
13313 12187
13313 12191
13313 12192
13313 13013
13313 13301
13313 13315
13313 16607
13315 4104
13315 6143
13315 6144
13315 7554
13315 11038
13315 11615
13315 12185
13315 12187
13315 12207
13315 13013
13315 13307
13315 13313
13315 15177
13315 16607
13315 17921
13315 19988
13325 4843
13325 12186
13325 12187
13325 12351
13325 13636
13325 15622
13325 16607
13325 17921
13331 5040
13331 5049
13331 6111
13332 12179
13332 12187
13332 13312
13332 13313
13333 3907
13333 3911
13333 5125
13333 5134
13333 9866
13345 5305
13345 5322
13346 5050
13346 5310
13346 5313
13346 5315
13346 6142
13346 16722
13358 16570
13358 16840
13423 555
13443 7502
13443 7505
13553 4663
13553 12082
13553 13556
13556 4663
13556 13553
13568 7651
13568 15488
13568 17921
13573 10141
13636 2987
13636 5038
13636 5318
13636 5410
13636 5412
13636 6111
13636 6112
13636 6134
13636 6135
13636 6143
13636 6144
13636 6182
13636 7600
13636 7604
13636 7651
13636 7907
13636 9042
13636 11036
13636 11122
13636 12187
13636 12191
13636 13313
13636 13325
13636 13346
13636 13347
13636 15177
13636 15618
13636 16722
13636 17921
13636 18111
13636 18210
13637 7600
13637 7602
13637 9993
13637 9999
13637 11750
13637 17623
13637 17921
13642 5046
13642 6112
13642 13331
13645 5682
13645 5684
13881 4841
13913 3521
13925 707
13926 2004
13926 2009
13926 5492
14017 18854
14206 5036
14254 10529
14254 14730
14294 9621
14297 9621
14444 12104
14477 5211
14609 3117
14609 16840
14680 11003
14680 13312
14680 13313
14680 13315
14699 504
14727 17897
14730 8849
14730 9999
14730 14030
14730 14254
14730 16548
14730 17754
14730 17918
14733 8848
14733 8849
14741 17005
14742 14509
14744 8977
14744 15850
14800 11177
14838 16820
14838 16840
14856 17005
14879 11859
14962 3910
14964 8890
15075 17005
15080 14479
15094 15622
15097 7012
15111 1205
15111 16820
15111 16840
15111 16843
15111 17005
15112 16820
15112 16840
15112 16843
15177 9866
15177 9976
15177 13313
15177 13315
15335 16497
15363 510
15468 1548
15488 1548
15488 1555
15488 7250
15488 15367
15492 8621
15513 15512
15531 510
15531 6114
15531 8446
15531 9669
15531 10601
15531 10712
15531 12184
15531 12185
15531 12187
15531 12353
15531 15177
15531 17623
15531 17921
15538 510
15598 12104
15622 716
15675 5762
15680 704
15680 3910
15680 4840
15680 4863
15680 11038
15680 13315
15688 11028
15688 11034
15688 12171
15688 15680
15694 10282
15694 11750
15694 12187
15694 12192
15694 13313
15694 13332
15694 15177
15808 16820
15810 1999
15810 7608
15811 1999
15811 7608
15830 9798
15843 4047
15843 9993
15843 9999
15844 4047
15844 9993
15844 10002
15850 14744
15856 12089
15857 12073
15857 12077
15857 12081
15857 12084
15857 12086
15857 12089
15857 12094
15857 12095
15857 12098
15857 12101
15857 12102
15857 12104
15857 15856
15871 59
15871 5047
15871 8879
15871 8880
15871 8882
15871 9027
15871 9677
15871 15872
15872 15871
15896 12074
15896 12081
15896 12089
15896 12104
15896 15856
15896 15857
16017 16000
16032 14889
16054 12537
16054 16055
16055 16054
16056 16017
16094 7060
16120 6136
16240 11393
16244 4696
16250 19225
16286 10726
16286 13054
16286 14164
16286 14166
16291 9760
16294 4727
16296 4727
16299 10282
16302 18226
16306 5501
16306 5762
16306 7554
16308 5501
16308 5762
16308 14742
16308 15676
16338 16339
16345 19225
16497 6958
16497 11036
16497 11038
16497 12351
16497 15335
16497 17921
16497 19419
16519 12776
16519 16509
16548 1589
16548 11367
16548 14730
16570 10501
16577 16840
16591 11177
16606 7651
16607 13313
16607 13315
16607 13325
16713 16722
16714 7651
16714 16722
16714 19024
16718 16712
16722 5030
16722 6135
16722 6142
16722 16713
16722 16714
16732 16497
16732 16502
16732 16503
16732 17712
16735 16497
16735 16732
16737 16730
16737 16732
16752 12104
16819 2978
16819 11750
16819 16570
16819 17641
16820 528
16820 10501
16820 16570
16820 16575
16820 16576
16820 16577
16820 16836
16820 17640
16820 17641
16820 17642
16820 17647
16820 17921
16820 19988
16823 16840
16824 17667
16826 17667
16828 16570
16828 16575
16828 16576
16828 16843
16828 17641
16829 9866
16829 11750
16829 16570
16829 17635
16829 17641
16831 16570
16836 16570
16836 16820
16837 46
16837 1205
16837 11750
16837 16372
16837 16570
16837 16820
16837 16828
16837 17641
16838 9552
16840 506
16840 510
16840 529
16840 1168
16840 10501
16840 11177
16840 14609
16840 16570
16840 16576
16840 16577
16840 16816
16840 16819
16840 16823
16840 16828
16840 16829
16840 16832
16840 17641
16840 17647
16840 17744
16840 18199
16840 18201
16840 19303
16840 19307
16841 16570
16842 16820
16843 3008
16843 11750
16843 16569
16843 16570
16843 16575
16843 16576
16843 16581
16843 16816
16843 16819
16843 16820
16843 16828
16843 17640
16843 17641
16843 17667
16843 18459
16852 5046
16852 5318
16852 7651
16948 9552
16951 506
16952 16951
16961 559
16962 7554
16962 14166
16997 7257
17003 15531
17005 1962
17005 2454
17005 2598
17005 3008
17005 6176
17005 7257
17005 8507
17005 11177
17005 12365
17005 13333
17005 16581
17005 16982
17005 16983
17005 17002
17010 17851
17010 17860
17012 7503
17017 7502
17044 2846
17109 14493
17147 6137
17147 6142
17147 7554
17147 14493
17148 16732
17149 16732
17158 17860
17187 17188
17188 69
17188 10006
17188 17186
17188 17187
17192 16962
17200 9999
17203 640
17211 18140
17213 6121
17213 13315
17213 16829
17216 17217
17217 17216
17228 2338
17279 1304
17279 6545
17284 3502
17288 9993
17333 17921
17337 6777
17337 6851
17337 9999
17338 9999
17346 2927
17348 16308
17349 5501
17349 17348
17623 504
17623 797
17623 10601
17623 15531
17623 18861
17623 19148
17623 19225
17636 16345
17637 16345
17675 17672
17713 15369
17767 5040
17767 16714
17767 16718
17851 3930
17854 17851
17860 3930
17860 3939
17860 4084
17860 7374
17860 7375
17860 7377
17860 11177
17860 17851
17860 17854
17918 2005
17920 17921
17921 536
17921 1844
17921 1847
17921 1962
17921 2882
17921 4837
17921 4996
17921 5040
17921 5303
17921 5317
17921 5318
17921 5330
17921 6109
17921 6111
17921 6112
17921 6119
17921 6143
17921 6144
17921 11036
17921 11038
17921 12179
17921 12187
17921 12189
17921 12191
17921 12207
17921 12223
17921 13013
17921 13278
17921 13296
17921 13307
17921 13310
17921 13312
17921 13313
17921 13315
17921 13325
17921 13334
17921 13636
17921 15622
17921 15694
17921 16497
17921 17804
17921 17920
17950 7250
17950 10529
17951 3033
17951 8364
17953 9999
18077 11200
18098 7554
18098 9999
18134 8489
18136 16820
18136 16840
18140 690
18140 1557
18140 1795
18140 4085
18140 4155
18140 7554
18140 9785
18140 9999
18140 11698
18140 11699
18140 12386
18140 12387
18140 12828
18140 12990
18140 15367
18140 15428
18140 15487
18140 15622
18140 15694
18198 17921
18199 7651
18199 16840
18199 17921
18201 2987
18201 5046
18201 7554
18201 7651
18201 16840
18207 2987
18207 5046
18207 7554
18207 17921
18210 16712
18212 8364
18226 10498
18226 10499
18226 16302
18226 16780
18226 17147
18272 2035
18272 3921
18272 3922
18272 4579
18272 5280
18272 5848
18272 6247
18272 8507
18272 11038
18272 12569
18272 13003
18272 13636
18272 15076
18272 15111
18290 16796
18337 20481
18341 19762
18341 19888
18341 19897
18341 20450
18341 20481
18346 5302
18346 6626
18346 7085
18346 7891
18346 18341
18346 18345
18346 18351
18346 19592
18346 19633
18346 19749
18346 19750
18346 19766
18346 19768
18346 19864
18346 19866
18346 19867
18346 19888
18346 19895
18346 19896
18346 19897
18346 19906
18346 19924
18346 20005
18346 20011
18346 20015
18346 20017
18346 20037
18346 20043
18346 20150
18346 20156
18346 20158
18346 20163
18346 20188
18346 20195
18346 20201
18346 20295
18346 20300
18346 20312
18346 20317
18346 20318
18346 20319
18346 20322
18346 20328
18346 20342
18346 20346
18346 20348
18346 20445
18346 20447
18346 20450
18346 20453
18346 20475
18346 20477
18346 20480
18346 20481
18346 20485
18350 5302
18350 18346
18350 19633
18350 20295
18350 20328
18351 5302
18351 19633
18351 20328
18357 18346
18357 19897
18357 20156
18357 20318
18358 19633
18358 20322
18358 20481
18359 5302
18359 18346
18359 19633
18359 20042
18364 5302
18364 6626
18364 7085
18364 7891
18364 18346
18364 18358
18364 18359
18364 19632
18364 19633
18364 19737
18364 19750
18364 19760
18364 19864
18364 19877
18364 19888
18364 19897
18364 19904
18364 19909
18364 20005
18364 20017
18364 20043
18364 20156
18364 20185
18364 20189
18364 20201
18364 20202
18364 20295
18364 20317
18364 20318
18364 20319
18364 20322
18364 20328
18364 20329
18364 20339
18364 20346
18364 20348
18364 20356
18364 20433
18364 20442
18364 20445
18364 20450
18364 20466
18364 20470
18364 20477
18364 20481
18364 20483
18364 20485
18370 19888
18370 20481
18375 19888
18375 19897
18375 19906
18375 20043
18376 19888
18378 19888
18379 5302
18379 19633
18379 19770
18379 20328
18384 20318
18384 20481
18385 18364
18385 19888
18385 20318
18385 20481
18386 19888
18392 5302
18392 18346
18393 19888
18394 19888
18396 19888
18402 18364
18402 19633
18402 19888
18402 20322
18404 19888
18405 20481
18407 18346
18407 19888
18413 20311
18436 6957
18436 6958
18436 12646
18439 1548
18439 18436
18440 6958
18440 15488
18440 18436
18450 16843
18453 5040
18453 6109
18453 6111
18453 6143
18455 4696
18459 8905
18459 16843
18460 3910
18460 17216
18490 5302
18490 7891
18490 18341
18490 18346
18490 18358
18490 18364
18490 18385
18490 18387
18490 18402
18490 18403
18490 18406
18490 18407
18490 19633
18490 19737
18490 19750
18490 19753
18490 19759
18490 19764
18490 19765
18490 19864
18490 19888
18490 19897
18490 19904
18490 20000
18490 20007
18490 20009
18490 20017
18490 20034
18490 20036
18490 20038
18490 20043
18490 20051
18490 20143
18490 20147
18490 20156
18490 20160
18490 20161
18490 20201
18490 20295
18490 20299
18490 20304
18490 20317
18490 20318
18490 20322
18490 20328
18490 20329
18490 20331
18490 20348
18490 20355
18490 20433
18490 20442
18490 20470
18490 20472
18490 20473
18490 20475
18490 20481
18490 20491
18491 6626
18491 7891
18491 18346
18491 18364
18491 18490
18491 19633
18491 19888
18491 20318
18491 20322
18491 20481
18495 19888
18495 19897
18495 20445
18497 18341
18497 18346
18497 18364
18497 19633
18497 19904
18497 20295
18506 19888
18507 20481
18509 19888
18509 20156
18514 19888
18514 20156
18515 19888
18517 18490
18526 18346
18526 18364
18526 19633
18526 20318
18526 20322
18530 5302
18530 18346
18530 18364
18530 19633
18530 20318
18530 20322
18531 5302
18531 7891
18531 18346
18531 18358
18531 18364
18531 18385
18531 18396
18531 18402
18531 18490
18531 18491
18531 19633
18531 19737
18531 19750
18531 19877
18531 19888
18531 19897
18531 20043
18531 20051
18531 20202
18531 20295
18531 20317
18531 20318
18531 20322
18531 20328
18531 20329
18531 20355
18531 20442
18531 20481
18531 20483
18532 11038
18532 11177
18532 13315
18532 15680
18561 19770
18603 18596
18648 2471
18739 18436
18740 16816
18745 16820
18745 16840
18761 10612
18768 6182
18768 9999
18768 12171
18768 19419
18840 506
18840 9999
18840 18861
18840 19148
18840 19225
18841 506
18841 15531
18841 18861
18841 19225
18851 13313
18851 13315
18854 4837
18854 7641
18854 8446
18854 13636
18854 14017
18854 18873
18854 19148
18854 19225
18860 13313
18860 13315
18861 506
18861 9999
18861 11036
18861 17623
18861 18840
18861 18841
18861 19148
18861 19225
18862 9999
18865 18847
18868 18873
18872 6131
18872 18860
18873 1422
18873 2878
18873 4841
18873 5076
18873 8883
18873 10243
18873 10601
18873 11038
18873 12351
18873 15531
18873 17921
18873 18854
18873 19148
18873 19225
18947 13318
18961 9037
18975 3629
19000 707
19024 7651
19024 16714
19043 12597
19044 1320
19044 12089
19045 2897
19045 4383
19045 12078
19045 12089
19045 12095
19045 12597
19047 12089
19047 12597
19048 12089
19048 12597
19049 12089
19049 12597
19050 12089
19050 12597
19052 12597
19054 12597
19056 1320
19056 12089
19057 1320
19100 707
19100 2351
19100 9993
19100 11518
19100 12712
19117 18961
19132 1322
19148 506
19148 4837
19148 7641
19148 8749
19148 8883
19148 10601
19148 15531
19148 17623
19148 18840
19148 18854
19148 18861
19148 18873
19186 7772
19225 506
19225 4837
19225 5762
19225 5763
19225 8883
19225 9042
19225 9976
19225 10601
19225 12191
19225 15531
19225 16250
19225 16345
19225 16859
19225 17623
19225 18840
19225 18841
19225 18851
19225 18854
19225 18860
19225 18861
19225 18865
19225 18870
19225 18872
19225 18873
19232 210
19232 5762
19232 11404
19232 13636
19232 15676
19232 18140
19298 1332
19298 3497
19298 6423
19298 10412
19303 2904
19303 6772
19303 6777
19303 8691
19303 11770
19303 12908
19303 16840
19303 18140
19306 5749
19307 4045
19307 16840
19308 19853
19310 6391
19316 536
19316 5046
19316 7651
19338 7466
19419 4689
19419 4694
19419 4696
19419 6958
19419 8532
19419 16497
19558 2978
19558 4839
19558 10717
19558 12073
19558 12074
19558 12086
19558 12089
19558 12095
19558 12101
19558 12102
19558 12103
19558 12104
19558 12254
19558 16492
19574 19225
19581 6626
19599 5302
19616 3117
19633 5302
19633 6626
19633 7085
19633 7891
19633 19599
19681 10758
19681 15080
19736 19633
19749 5302
19750 19633
19768 5302
19770 19749
19789 7751
19798 17860
19815 5513
19850 5005
19850 5006
19850 5012
19850 5014
19850 11592
19853 5005
19853 19850
19864 5302
19864 7891
19864 19633
19866 19633
19867 5302
19867 19633
19877 6626
19882 7891
19883 19633
19888 5302
19888 7891
19888 19581
19888 19633
19888 19737
19888 19738
19888 19743
19888 19750
19888 19752
19888 19758
19888 19760
19888 19770
19888 19772
19888 19858
19888 19875
19888 19877
19888 19878
19888 19879
19888 19881
19888 19884
19888 19886
19888 19887
19893 19888
19897 5302
19897 7891
19897 19633
19897 19770
19898 19888
19904 7891
19904 19633
19904 19749
19904 19888
19904 19897
19904 20005
19906 5302
19906 19904
19909 19888
19909 19897
19909 19906
19912 19888
19924 5302
19924 19877
19924 19904
19935 19850
19938 6851
19938 19850
19939 19850
19940 19853
19944 2257
19988 4840
19988 5318
19988 5762
19988 6111
19988 6144
19988 7651
19988 11038
19988 12187
19988 12191
19988 13296
19988 13307
19988 13313
19988 13315
19988 13325
19988 13636
19988 18199
19992 5305
19992 7601
19992 7602
19992 7603
19992 7604
19992 7608
19992 14207
19992 19258
19993 19994
19994 9623
19994 15835
19994 17887
20001 19888
20001 19897
20005 5302
20005 19633
20007 19888
20008 6626
20008 19888
20009 19888
20009 19897
20009 20005
20011 5302
20011 19633
20014 19888
20014 19897
20017 7891
20017 19633
20017 19888
20017 19897
20017 20005
20017 20011
20020 6626
20020 7891
20027 7891
20029 19888
20030 19888
20031 19888
20036 19633
20038 7891
20038 19888
20043 5302
20043 7891
20043 19633
20043 19904
20043 19909
20043 20017
20048 19888
20051 19582
20051 19888
20051 19897
20082 16796
20092 18148
20114 6851
20114 16796
20114 20092
20136 506
20143 19888
20143 19897
20143 19906
20145 19888
20147 19888
20148 1809
20156 5302
20156 7891
20156 19633
20156 19738
20156 19750
20156 19760
20156 19877
20156 19904
20156 19909
20156 20017
20156 20029
20156 20034
20156 20065
20158 5302
20158 19633
20158 19877
20162 19888
20165 19888
20170 19888
20173 19888
20175 19888
20178 19888
20185 19888
20185 19897
20185 20043
20188 19888
20188 19897
20194 19888
20196 19888
20198 19888
20201 19888
20201 19897
20201 20005
20201 20043
20201 20156
20202 19633
20202 19888
20202 19897
20202 20156
20287 19888
20292 19888
20295 19633
20295 19762
20295 19867
20295 19888
20295 19897
20295 20005
20295 20043
20295 20156
20297 19888
20299 19888
20299 20156
20304 20156
20311 19888
20317 5302
20317 7891
20317 19581
20317 19633
20317 19738
20317 19752
20317 19760
20317 19770
20317 19877
20317 19879
20317 19904
20317 19909
20317 20009
20317 20017
20317 20020
20317 20036
20317 20051
20317 20147
20317 20149
20317 20173
20317 20201
20317 20202
20318 5302
20318 7085
20318 7891
20318 19633
20318 19770
20318 19864
20318 19877
20318 19882
20318 19888
20318 19904
20318 19909
20318 20010
20318 20017
20318 20019
20318 20020
20318 20036
20318 20043
20318 20156
20318 20185
20318 20201
20318 20202
20318 20289
20319 5302
20319 19633
20319 19904
20319 20201
20322 5302
20322 7085
20322 7891
20322 19591
20322 19633
20322 19740
20322 19746
20322 19750
20322 19760
20322 19866
20322 19888
20322 19897
20322 19909
20322 20017
20322 20043
20322 20156
20322 20195
20322 20201
20322 20202
20322 20295
20322 20317
20322 20318
20323 19888
20328 6626
20328 7891
20328 19582
20328 19633
20328 19749
20328 19768
20328 19888
20328 19897
20328 19906
20328 19924
20328 20005
20328 20043
20328 20156
20328 20163
20328 20317
20328 20318
20328 20319
20328 20322
20329 19888
20329 19897
20329 20005
20329 20317
20346 5302
20346 19633
20346 20038
20346 20328
20347 20020
20348 19633
20348 19888
20348 19897
20348 20005
20348 20043
20348 20156
20348 20317
20348 20318
20348 20322
20349 19888
20349 19897
20349 20318
20351 6626
20351 19888
20355 19888
20382 16017
20404 1337
20404 4045
20404 18194
20415 6230
20418 6230
20418 10080
20418 15426
20418 20415
20423 6230
20423 20418
20432 19888
20433 19888
20433 20156
20433 20317
20433 20346
20434 19888
20438 20322
20439 19888
20442 7891
20442 19633
20442 19888
20442 20005
20442 20043
20442 20156
20442 20317
20442 20318
20442 20322
20442 20346
20445 5302
20445 7891
20445 19633
20445 19770
20445 19904
20445 20009
20445 20017
20445 20201
20445 20322
20445 20328
20445 20329
20445 20348
20450 5302
20450 19633
20450 20295
20450 20328
20453 19633
20466 19888
20466 19897
20466 20321
20470 19633
20470 20322
20471 19888
20471 20156
20471 20447
20477 5302
20477 19633
20481 5302
20481 7891
20481 19581
20481 19587
20481 19633
20481 19737
20481 19742
20481 19747
20481 19750
20481 19756
20481 19770
20481 19771
20481 19877
20481 19888
20481 19904
20481 19909
20481 20001
20481 20007
20481 20008
20481 20009
20481 20010
20481 20017
20481 20020
20481 20036
20481 20051
20481 20143
20481 20147
20481 20156
20481 20173
20481 20185
20481 20188
20481 20195
20481 20198
20481 20201
20481 20202
20481 20295
20481 20298
20481 20317
20481 20318
20481 20322
20481 20328
20481 20329
20481 20348
20481 20433
20481 20434
20481 20442
20481 20460
20481 20466
20483 19633
20483 19888
20483 19897
20483 20005
20483 20318
20484 19888
20485 7891
20485 19633
20485 20201
20485 20318
20485 20322
20485 20481
