46
204
129
465
464
205
167
1
28
18
107
123
89
90
55
149
85
7
84
96
873
198
227
1188
99
86
1898
115
585
88
595
94
92
1163
728
131
2145
687
750
266
111
132
255
20
375
657
93
732
419
597
212
100
596
76
752
345
601
177
1140
66
347
158
450
808
1770
69
377
451
711
706
237
230
379
97
566
203
1867
672
773
692
510
574
208
584
162
639
2480
284
993
958
125
283
102
274
10
2285
588
404
164
568
1089
1159
1683
470
1717
562
733
921
1161
1200
1324
623
944
393
909
2318
1212
144
426
241
444
1822
31
79
614
1021
479
703
1005
37
638
1372
835
171
25
943
27
223
327
342
1427
729
452
472
422
2415
1593
1046
152
415
845
1463
332
1091
339
801
695
329
611
678
1368
39
58
442
1170
1197
457
98
161
130
602
36
991
463
38
899
879
293
312
867
796
2548
417
268
1338
659
160
477
412
519
40
513
2914
238
169
1411
974
969
380
387
2166
790
101
1786
269
1149
842
288
603
1310
291
172
985
912
913
662
1598
1631
1095
372
50
224
302
1581
1132
572
1514
825
763
2309
2202
661
449
233
218
2100
363
2573
1453
270
1092
292
1466
271
671
1441
216
907
720
727
1133
868
1275
492
2576
857
103
193
1020
1760
2554
637
542
234
2574
95
536
2656
2165
105
1144
2096
502
631
844
1491
1623
421
2029
235
1146
1072
1014
195
1169
467
190
917
599
201
973
2471
307
294
2027
2785
2558
261
231
185
1728
473
263
529
1579
989
616
840
839
1320
2896
30
1662
627
2157
53
654
42
785
1019
1311
534
515
2625
147
138
282
309
1604
413
579
723
1680
1921
357
468
2197
2669
2019
1729
897
275
1862
128
1227
318
1018
653
1400
1094
956
70
649
60
1877
804
826
2479
2718
1360
2362
2534
1060
552
1304
2594
1090
2661
1719
495
496
570
2911
191
1288
360
2297
652
650
366
1856
1654
108
797
1554
1534
2400
1307
2901
1173
915
1239
483
396
1106
1205
427
2364
110
937
795
1350
2233
791
2605
792
645
644
648
647
262
1002
2664
2300
766
799
2156
2155
2154
359
841
746
260
1498
1957
685
780
979
980
1298
1613
2302
2529
1001
843
113
2749
299
622
577
1892
1484
1584
2220
59
1736
2567
1737
2918
1495
2879
315
2878
1396
1644
2037
62
64
43
1642
988
691
1638
1449
349
490
491
2279
1312
1313
2940
2112
2016
431
118
120
1181
488
2515
484
2409
2375
2376
2377
2390
391
1385
707
8
1548
1661
1371
709
1522
2629
2628
1521
52
853
854
526
1232
1450
1695
1233
1452
1811
1480
475
219
476
214
213
914
1612
2194
2885
524
1523
2883
14
2366
1894
154
1321
1319
2128
153
1322
1318
390
2735
2380
386
1657
756
1152
1951
402
547
936
1024
2740
1379
1777
423
425
1809
2506
2747
1278
135
504
458
772
2012
304
1293
997
501
2185
1731
1341
1888
1082
1064
2537
305
1422
740
972
326
2035
1302
2553
523
2593
1628
173
1390
948
531
140
741
2089
1531
564
1178
2929
2527
127
2221
1120
1725
2511
445
296
361
2326
557
1525
1922
247
1404
244
493
2140
2411
1687
693
713
1409
788
1103
1395
701
2289
787
789
1102
975
1104
2751
1394
2291
2746
1860
2766
700
2290
894
1971
1981
1835
823
824
1956
615
1866
506
507
508
1890
1891
2526
1265
505
2520
2519
1896
1897
2509
2508
535
2503
518
1885
1884
1883
1853
456
459
460
1308
2568
1306
1303
1603
486
487
2536
1881
1882
1238
1237
1236
1230
1220
1219
2488
2487
539
1214
1879
1213
2541
2551
1834
2588
433
2587
2585
439
440
1839
1842
910
355
354
353
1781
1780
764
2658
2659
2660
1357
1358
767
768
2667
2668
769
337
336
1364
334
333
1365
770
2283
1369
1370
2282
356
2278
1015
1013
2298
2295
1348
1349
2294
1352
1353
1765
1764
1763
325
324
1759
322
321
1758
1004
1755
1754
1753
1752
1751
1750
1017
2688
1335
2171
1315
1784
699
1327
1328
2320
2319
717
718
1744
2646
995
1738
300
992
298
1734
1733
990
1730
2705
2706
1739
2709
1314
1785
2350
2616
1558
243
957
2275
1397
1398
2753
2754
2274
2756
954
953
2759
2760
1193
578
222
576
959
960
246
961
1204
590
2087
2088
589
2090
2733
257
686
689
690
983
1723
1722
982
2715
684
2716
2719
2723
2724
2725
259
258
1128
256
2717
252
669
667
636
2644
2373
2372
642
643
1846
2792
2791
1182
192
1183
194
2108
196
197
2107
429
428
1184
1954
1658
2777
209
925
1381
1382
555
554
1851
1074
2769
418
1961
1960
1847
180
181
182
183
184
1660
1668
1669
1671
1672
928
929
1115
179
941
945
946
651
646
2353
2034
2033
2032
628
2365
2031
2368
2028
2190
1416
1596
1414
1413
2008
145
146
1931
2826
400
1417
865
399
2127
1605
1606
2126
2191
2124
2123
1063
1062
866
2469
1595
136
1573
1574
1155
2842
2841
2840
2134
1830
1829
1828
2843
1826
1930
1175
2477
2476
2116
2115
2114
1929
2137
2138
1582
1448
1447
2882
2881
829
830
1560
1561
2460
78
77
1542
2799
2005
2407
1454
1139
1138
2899
2900
1457
2006
2405
2404
2800
1814
2009
2010
1130
1129
57
56
1543
2802
612
2461
1815
411
2207
558
559
1963
1621
1620
1619
410
592
1618
2612
2382
2383
2920
2921
44
591
1511
1795
1797
2870
2871
831
2439
2438
822
821
1796
1488
1477
1476
1487
2933
2932
33
34
774
1507
1508
776
2917
1803
1802
2858
1571
1572
1209
1210
24
23
2859
21
1485
2952
12
1483
2948
2942
1117
1118
16
