29
447
152
598
155
102
106
198
71
77
599
72
219
23
199
250
853
27
132
49
251
241
73
40
1
97
20
134
298
3
53
2902
114
445
117
1006
76
177
775
2
738
2588
180
854
1077
81
450
88
89
95
32
342
968
735
104
224
225
79
727
78
92
80
348
90
153
100
391
254
156
1028
212
783
417
252
892
482
791
747
811
683
255
431
274
1109
176
730
242
1964
257
782
389
122
859
256
1526
842
610
189
925
278
529
915
101
494
112
16
806
857
685
208
498
1935
381
418
351
282
149
17
330
1259
312
475
194
253
843
846
478
75
705
845
423
881
1115
814
235
1787
1208
938
924
597
863
1396
694
1413
58
493
678
94
1454
720
2610
157
1287
1447
1224
844
903
480
1211
10
617
1894
1847
2237
403
249
1165
1021
441
1556
127
221
66
1010
972
386
1089
1394
341
808
701
860
26
154
1227
1255
333
875
2238
890
979
858
99
430
2209
911
1007
1770
745
1602
275
165
379
2319
1781
2978
1729
238
64
643
93
43
1696
554
1646
213
281
1772
998
108
1027
2181
1369
74
103
900
1577
371
2118
266
509
2221
3047
780
642
130
332
271
453
203
638
2901
916
1414
618
1213
1131
665
91
105
2687
70
185
714
321
479
111
790
560
259
1133
320
262
623
1017
324
139
465
3063
304
1304
696
2373
2102
1648
395
285
118
124
352
2592
107
2688
940
125
113
1567
1065
1681
411
412
204
796
1968
398
1553
726
2137
991
2124
2287
230
713
1444
223
656
33
669
652
506
1281
1498
1830
1337
797
291
507
1068
476
1459
1415
531
1848
8
1842
1582
1102
2726
1579
625
603
2980
3043
302
83
689
314
436
1994
687
340
109
301
1937
505
1020
1062
211
171
62
510
246
3030
1145
2983
1380
369
283
2359
1868
884
248
2705
736
2276
350
202
1482
2484
2767
2180
2347
2900
1789
660
1595
1194
468
305
214
2042
2099
497
2787
779
1706
338
784
2000
1615
1557
1399
1749
1744
655
708
2541
532
1710
276
1371
728
421
434
1921
60
662
2514
1752
85
1738
601
773
190
227
605
1820
237
422
1804
1907
46
1999
413
786
760
1105
1064
2998
1920
325
116
2850
294
762
1608
400
2125
1817
674
1617
2196
1623
1536
1272
1177
1851
2725
1268
635
2683
645
1188
1956
2360
1833
823
1832
2982
2245
1520
1484
628
1070
734
2849
767
2363
2362
1906
2365
2366
428
1990
970
513
14
1497
145
2859
765
768
769
763
766
2364
2361
889
362
2534
140
1374
776
2808
2841
420
607
481
1061
1720
293
549
1977
1762
2575
2574
2573
609
880
1245
2447
1247
2038
2265
1581
1236
1502
2266
1246
1008
327
1019
1773
608
1063
295
2456
318
2045
1053
407
1517
619
405
2034
354
667
1430
2605
2035
500
1429
1395
1114
1410
2730
1014
1942
2891
1677
1203
1941
1869
2509
1205
1665
888
2925
1878
181
415
1432
96
995
3037
629
1733
988
1243
1737
1684
384
1687
2614
2815
672
2593
1856
150
375
2580
699
196
2577
1858
2821
363
2608
2570
1197
816
2212
1022
1521
3010
3068
1611
1377
1032
131
831
594
741
1135
2779
209
2777
1370
2355
807
803
1694
2336
2517
2501
306
110
1704
771
137
425
2001
455
459
41
2668
2840
2312
469
51
2832
2164
2999
336
964
1493
2543
1490
944
2377
899
1973
933
1475
2695
1656
1768
1668
2228
166
2348
2007
798
2548
2740
1867
9
3107
2246
427
2741
1585
2465
1866
2921
2008
426
2009
261
2739
1130
1000
437
7
186
2549
3106
3108
1291
1289
1286
2015
490
1991
514
515
1995
524
525
2661
530
533
534
535
1301
1283
2032
2033
1270
1269
512
1266
1988
1984
487
1978
2273
491
1979
1330
1329
495
496
836
2337
878
879
2334
2333
882
2322
896
897
908
909
2309
2308
2307
913
914
2306
2302
2301
2338
2354
837
1674
757
758
2440
2434
2433
2420
781
3110
3109
2701
750
1378
1379
2444
2778
1891
378
377
2780
2781
1890
373
372
367
2448
366
365
1886
1885
1884
1880
2793
1393
1879
1876
1090
2149
368
1653
712
2128
2129
2130
2131
1088
2455
2454
1087
1873
1872
731
349
1870
1086
345
2805
2806
339
1864
1863
1405
1406
322
1408
711
709
707
1899
2486
3085
3084
1427
692
693
2475
704
1066
1849
1060
1059
2825
2826
316
1844
308
307
1049
1048
1047
1046
2843
1829
1828
690
1350
680
2488
2747
1915
2749
1264
2689
1249
1250
1969
451
2699
448
2700
1961
2289
2708
2710
433
432
1951
429
1950
1944
1943
2724
414
1933
1932
1974
1930
1975
471
2041
2040
1166
809
2268
2269
2290
834
833
829
828
1621
802
789
788
787
2394
2395
2408
676
675
2492
2493
658
2504
2508
2510
2253
2252
2244
2243
2173
2174
999
2888
1462
2568
394
2190
1745
1746
183
184
1455
1747
1748
393
1451
1450
2567
971
973
974
975
2564
1441
1440
1758
2563
2928
2927
1436
1435
1434
1463
146
2054
1715
2586
2585
2055
945
946
164
1723
1724
167
2759
1726
1727
2202
2201
2760
951
952
2058
2059
2197
2195
1904
1902
1472
1901
1473
147
2044
1515
1507
1506
1780
980
981
1675
1676
1925
1924
3008
3007
1923
229
1119
1118
2533
2532
3021
3022
591
1231
1009
2884
1234
1235
2885
228
401
399
1516
2223
3026
3027
2539
2538
2537
2107
2914
1652
1651
2913
2912
2911
2540
2909
2110
269
1775
2899
2898
1776
268
3054
3055
3056
63
2526
2908
631
503
1825
2596
3066
3067
245
1171
244
1042
1709
1616
1614
1707
1148
1802
2171
39
1011
120
1626
1627
2170
1327
932
473
472
931
930
2553
929
2864
2047
2595
1181
1546
1981
1588
1154
1153
2870
1487
1486
1199
1200
144
1796
1795
143
1980
1547
2869
1587
1565
1158
1183
1182
1159
13
12
1180
1160
2523
2524
1161
3078
