49
103
31
71
75
76
73
70
72
124
33
116
152
117
174
487
81
54
44
2500
82
1011
581
648
176
623
79
295
448
80
78
626
45
95
40
682
177
215
244
329
849
1865
243
547
128
406
97
166
1595
553
308
276
127
247
921
686
713
646
237
613
735
87
564
377
991
90
347
291
249
703
145
239
220
632
557
14
1169
142
122
1768
246
693
583
307
805
975
157
766
65
201
2438
1001
334
27
394
420
223
687
591
2165
972
392
891
775
819
364
701
1823
336
20
300
15
99
495
657
1519
2468
21
335
147
898
1069
1420
438
140
323
1201
39
718
857
500
488
1435
253
636
43
1343
373
163
156
150
2575
650
932
266
37
1849
170
2139
281
293
1307
106
1043
2434
1034
1023
1033
252
726
496
264
2560
525
254
288
1506
2520
10
690
486
1786
844
1905
794
1044
539
109
1279
1290
1560
1425
265
363
2071
1561
1473
691
700
134
332
2242
131
846
296
351
219
2225
981
1590
1910
513
510
193
4
144
522
559
263
337
357
751
505
2123
57
1987
490
379
2394
339
2612
1003
226
1319
2075
2340
273
255
7
2024
940
279
689
599
530
748
527
56
1215
769
872
519
572
1993
808
1269
9
904
1331
360
871
1624
46
659
1277
1230
2529
873
191
1607
609
2279
0
1329
181
306
1658
135
93
1588
1154
1623
1399
2067
210
1619
869
1632
1145
858
638
61
1390
479
153
1773
1547
662
720
719
41
1017
717
1381
1397
1502
1931
1428
660
1361
2522
791
1398
2010
2090
669
1197
1016
1392
1005
2519
1429
2378
2278
2377
1327
1223
108
2546
391
2559
912
913
914
1994
2385
1554
414
1980
951
1969
1968
1967
979
59
1933
159
907
1356
1496
1495
2224
540
705
640
708
709
2460
1755
2406
1256
1174
1271
1257
1811
1330
590
436
2518
1842
2410
2329
1272
1180
501
317
1166
2296
1852
684
989
1165
683
89
930
1685
1683
1492
1503
987
18
1504
2245
17
1421
801
549
737
2035
499
2615
185
184
2616
482
311
1293
1475
2383
60
706
1440
1379
1142
217
261
831
1359
1894
285
380
1832
1861
2051
1221
2182
2609
1594
721
475
905
1031
744
1739
2283
1566
1531
730
421
415
1625
1369
194
2161
908
1757
2179
877
1112
233
635
204
928
1558
1564
1636
1133
1070
160
888
1997
758
731
725
2057
672
2112
322
576
343
345
569
375
512
509
2315
395
400
28
403
1491
24
12
1349
1548
25
26
2064
11
1351
1322
1350
2463
2011
1195
2
1490
29
2154
2055
1308
2049
2047
2046
417
355
354
353
352
1185
348
1188
346
2325
1189
1190
1191
1184
1617
1616
338
1615
1614
1613
1612
333
1611
2337
1609
950
915
2068
2330
1812
1182
1183
942
1818
1819
936
670
2349
2350
2045
314
313
2354
2355
310
2044
304
303
2362
1205
2069
647
1401
483
480
1035
478
1036
2196
2197
2206
2207
1046
2219
1057
1060
2235
428
1079
1082
1681
1677
1676
1675
1674
2264
2265
1663
1845
645
278
277
1562
2380
2381
270
269
268
267
2386
2387
262
895
1556
894
1839
2392
2393
644
1552
282
2374
1152
616
1657
2423
2424
2425
2426
1771
389
2137
390
212
211
1517
1516
207
1515
860
866
867
1772
529
2404
2405
2276
1536
1534
1533
1372
963
964
1745
2185
2186
980
984
985
992
993
1008
1009
401
384
754
361
2288
2172
2171
2170
2168
2129
524
2130
2131
1509
1750
1751
1752
1753
1881
1880
2020
2491
2490
2488
578
146
250
1580
1940
816
817
155
2397
158
1870
1869
251
1544
1545
536
2516
2091
1432
1433
2510
789
790
231
114
792
130
230
1444
1445
795
796
537
855
129
113
2517
2092
2535
1288
1287
1500
1900
1899
1789
1788
2454
1567
1409
1416
882
1419
883
562
563
105
1417
909
1408
1902
2549
1990
2145
550
2545
551
1901
1979
2100
542
543
554
555
565
593
594
533
607
610
629
630
1981
1339
1977
1976
704
608
1935
532
2106
179
180
190
1328
1778
1777
1776
2369
2368
1207
1208
778
777
1231
1232
289
2119
742
1395
84
83
1394
741
734
733
1376
1375
1779
493
2447
1926
1925
1913
1364
1365
2562
2561
833
2398
2399
851
850
2134
1162
2587
1161
1497
200
824
2448
199
825
1134
1135
2116
1146
1488
23
22
2599
2600
1487
1300
1301
13
16
8
1147
1312
