63
153
195
472
34
192
44
80
79
84
92
230
69
96
191
100
224
59
87
327
90
231
396
229
133
1035
82
601
88
98
86
235
174
164
754
139
1065
52
242
147
20
333
811
50
375
72
66
510
209
433
239
3
377
437
85
597
992
155
269
592
2625
671
154
828
758
1729
281
653
569
189
94
119
566
1582
918
1461
1573
22
93
114
1958
1048
481
166
1610
699
217
331
483
778
603
832
452
49
666
494
405
1288
625
1137
1419
362
674
95
131
917
485
859
657
360
473
746
744
208
457
1972
11
341
6
508
751
467
479
1011
363
924
693
786
400
301
614
1120
1159
604
1067
2257
463
476
48
2613
836
309
35
701
1448
297
257
747
296
802
329
854
279
373
212
2603
806
106
470
110
1563
2025
145
2221
317
1114
1537
199
881
639
47
401
234
692
74
55
290
1420
347
664
495
1135
673
291
358
1044
542
198
952
1116
1541
792
2272
684
1066
2297
1867
760
1085
286
2383
1413
585
1511
271
1992
2213
885
848
1471
846
1050
397
938
840
1271
1146
337
913
292
798
499
2483
471
28
571
227
757
1284
183
1348
2450
628
167
2597
315
1315
176
2041
533
1725
509
567
954
784
422
2001
2443
2323
218
1966
583
1292
1143
574
261
1041
1998
260
1456
416
985
672
530
477
650
986
355
527
169
251
1436
2201
2233
669
1
247
1750
785
1060
475
1857
1049
1765
649
24
2138
2575
1785
1164
1268
42
2377
263
2116
2117
8
2077
558
1779
1244
324
514
578
503
352
640
404
2033
338
2609
824
391
353
1764
600
959
523
761
1776
1721
219
1933
1465
311
1571
1548
2612
1763
1767
521
1017
598
1881
2410
1171
1497
136
184
887
790
999
305
304
2356
306
264
185
1354
1777
2251
886
1351
2093
2271
1404
2636
1470
966
1941
187
186
1473
2442
2075
2561
2322
2562
1950
590
783
833
1416
1547
222
2520
148
1510
150
1930
1509
1508
1633
1100
880
872
459
2437
2270
587
2211
1056
1055
1054
2168
955
2169
543
2456
1475
2458
652
2267
2268
2278
2489
1299
661
662
1639
2127
2212
1369
368
367
1370
1678
41
1093
540
538
537
535
1280
1283
1285
1337
505
1343
1401
39
2200
428
427
1577
365
1683
1926
2298
1927
2000
2045
791
2234
942
1455
936
935
498
1652
937
2208
1457
934
584
249
837
245
516
1985
216
2019
2035
1084
2089
1061
2126
997
293
1680
767
496
2473
759
464
288
2480
1661
335
737
911
418
915
382
387
1265
393
1648
500
770
151
1467
346
1581
275
978
973
960
926
2240
895
810
781
504
713
78
710
2448
685
667
641
637
2178
993
413
1870
1532
321
1562
303
1433
560
2586
1333
440
32
564
2601
2579
1634
299
2544
1440
1472
1703
2570
384
29
1276
252
258
1311
2632
1579
1568
17
548
547
1414
0
1302
1303
1304
1305
1310
1324
1325
1326
1328
1330
1331
1346
1352
1353
1360
1367
1368
1372
1373
1380
1385
1273
1117
2253
460
461
1092
2250
2249
458
1091
2244
2243
2242
1086
1717
1718
2245
2254
456
454
1112
1111
2274
1103
441
2263
2262
267
285
284
449
2400
2401
1836
450
987
988
989
2408
2409
1842
2411
581
2413
2414
2181
266
1844
1213
2142
660
2258
446
1400
2226
2227
2230
2231
1042
1727
1057
1058
1696
419
2279
2280
1096
2225
2295
1099
1676
1675
1671
2305
389
388
1669
1668
2314
1947
1152
1619
1616
2115
1158
2380
2381
1614
1613
1620
2387
1166
1168
1169
2394
1172
1173
919
909
1594
1165
2371
2370
307
595
1955
588
2122
2121
591
593
1591
1590
1587
2417
2418
2420
2421
2422
2423
901
900
899
2124
2131
2132
577
2366
310
2367
2368
1865
1782
1783
178
951
950
1884
1784
1521
1522
630
629
1526
1527
2321
370
2475
2081
2082
2085
203
512
205
354
513
1869
211
484
162
1773
1774
1503
1504
2499
2498
2496
2495
2193
1778
1513
349
348
841
842
1654
1653
343
342
1650
1649
2338
2095
1854
822
823
1855
575
573
1850
1849
2455
2454
2453
2452
1496
562
557
556
1554
1555
1557
1558
2438
554
2436
1560
553
561
1001
1747
1748
519
2047
128
788
2053
2054
1746
2223
1901
1250
1249
793
794
795
796
1900
2222
779
1269
1270
1430
1431
1742
774
1916
1917
2038
1428
1427
2037
91
1423
89
1422
546
545
962
2560
963
2209
647
648
2587
2176
1932
1124
1934
541
1407
772
2364
1622
1623
1624
1631
1632
313
314
318
319
2162
2583
1643
1644
735
734
2599
2600
61
60
732
731
2584
773
2556
1981
2624
704
372
1804
2015
2016
1803
2137
971
1952
970
2136
2134
703
2133
1388
1130
1494
1493
1492
1491
1482
801
800
799
1995
1145
1144
240
1990
984
983
2634
981
2204
2203
697
1968
1969
1994
980
2635
1989
2656
4
2657
2644
