301
292
114
149
99
127
261
291
55
76
2
988
151
254
80
165
989
421
155
631
172
123
417
152
153
43
853
100
263
589
209
160
561
187
156
162
2958
674
1
299
1107
154
166
1294
583
773
366
295
399
245
443
91
671
177
964
2851
1065
367
621
613
321
3042
401
370
195
330
369
183
1171
159
368
158
3041
373
1431
46
101
1507
2608
1569
479
320
87
197
5
601
653
542
1138
1100
1022
3
4
264
51
331
452
480
3347
495
208
118
178
221
173
1016
1247
223
1180
2604
1225
2367
557
1085
44
7
1010
1152
691
98
851
710
1103
1124
2502
624
482
1109
102
1168
870
1240
673
936
788
3315
1030
2207
563
212
569
430
772
289
771
967
2014
481
2027
3372
704
514
2046
259
548
697
170
860
3111
1359
407
337
2176
858
1847
774
666
302
1344
1325
322
651
161
1129
341
1330
1529
625
940
824
549
470
728
1925
730
85
1135
318
2227
103
45
1125
450
436
265
2492
862
1879
426
1743
2726
527
606
1445
559
1349
712
3039
89
632
1408
2086
240
806
963
1317
593
356
1383
1370
2965
595
97
32
96
1523
819
1745
546
717
336
1348
2850
2664
1210
60
592
1698
1197
790
1465
204
211
316
861
2819
766
3348
504
1598
594
29
2913
1314
335
143
2780
1820
552
876
1882
856
1841
581
1273
2138
1504
838
1262
891
1744
690
1622
998
304
564
857
888
567
588
138
1350
94
386
1958
1243
578
3225
144
1114
72
965
2843
2514
1020
496
53
1877
538
1233
1126
129
376
1267
962
484
272
377
497
1621
281
544
913
533
486
960
131
827
1860
463
3172
703
2654
1566
1123
1678
1480
826
531
599
1570
2494
2070
84
911
2470
487
1387
338
182
796
378
3028
277
1888
409
2074
833
1953
388
836
958
27
1995
1289
1309
1389
3431
95
1541
1269
364
706
2519
206
1106
931
1767
1115
637
494
810
308
429
1009
305
3029
282
3450
3124
603
191
1901
2274
392
2899
1739
1833
2647
3174
2076
508
2097
1908
1305
1457
2040
1261
78
2760
1728
1256
1749
2133
3253
1500
278
350
1458
2066
800
510
1321
395
809
2003
2091
346
2544
307
319
626
1366
529
1250
2430
2812
6
499
339
660
793
1634
2078
3240
1087
1088
347
2402
2364
238
2236
1102
2363
791
3375
1945
1334
2391
1545
952
1754
1688
854
630
2052
1402
381
333
334
2362
163
1132
351
2727
575
3232
2774
2401
1553
1116
1337
2118
2326
646
803
3182
700
383
2337
164
948
1211
248
2496
2751
797
1631
536
808
249
3413
2658
2831
1629
1818
1906
2038
656
2789
1723
3367
3273
2473
2483
1213
1581
2756
2124
2213
3366
1304
3226
1726
1095
120
1285
664
1234
769
1584
406
2733
1308
1307
905
906
2216
2815
2816
2817
1013
1012
2440
2441
2442
662
1585
2233
181
3096
907
1271
313
448
1473
2032
1826
568
328
41
1185
139
1127
2351
2352
917
2883
919
816
815
924
1227
3429
1782
3158
2598
3290
1918
1023
2246
1015
3428
1699
2808
879
1112
874
1097
2267
2659
1378
1502
1503
2660
268
1043
473
1002
2663
897
1141
2271
228
1582
1000
1093
2409
2460
1864
721
1096
226
1263
498
738
1861
1863
1062
1862
2410
1001
1258
686
345
966
2366
83
3379
374
375
394
3031
1444
3444
402
604
2783
403
441
587
2463
586
1346
1345
1933
3120
3119
1884
2610
2599
521
81
1441
694
2079
752
2868
1740
1738
2023
2022
2012
2010
1614
1612
2867
262
233
258
1737
767
1741
300
2024
410
2876
3257
2940
2011
2869
213
2898
260
2386
1368
3279
243
526
3278
411
928
2026
923
294
2457
1142
2222
1697
1149
3118
2345
3121
1037
1459
3385
461
3218
2117
2567
2339
1935
458
1177
1940
455
3430
2561
73
454
880
2007
877
2179
489
3202
2921
284
2243
1560
1557
1237
391
2378
2615
65
1836
1840
1842
2498
579
1391
582
2935
435
63
3446
1761
1756
134
3374
2865
1628
1018
2202
2145
535
1286
598
585
408
1521
1363
3349
1974
3091
2273
1253
1865
1720
1014
1985
1528
1533
2637
1280
379
2620
665
2579
3465
2403
524
22
2731
976
445
1208
1602
1512
2228
220
968
969
1501
2234
2235
2237
2955
2954
2239
1438
1437
0
2240
2949
2948
2947
2946
2945
2242
1433
1432
2939
2962
2230
2966
1449
566
570
2220
572
573
2221
2984
576
2674
2980
2975
2969
2225
2226
591
1428
2247
2981
2248
1410
2250
1406
2937
2931
2930
2929
2928
2249
2927
2215
1455
3026
3025
2186
2188
1479
1478
1474
2193
1453
1472
540
930
1536
3105
427
1537
1538
1539
423
841
842
1542
419
418
1543
3113
843
2120
1231
2412
2411
389
3137
2104
859
840
3134
1222
2109
1559
855
1230
1550
1221
2413
2662
2184
2553
2197
3011
3004
3003
513
2997
1374
2262
2263
1357
1356
1355
554
1354
512
2178
2162
2163
3049
3048
3044
3043
509
492
501
502
503
505
506
2177
1456
3204
359
358
2067
832
2063
2062
834
835
2058
2057
344
343
2427
2428
3178
3179
1572
3183
1574
1164
2724
329
1578
327
326
3161
325
361
3160
1510
1511
1514
1195
1651
2698
270
2000
1999
2697
1605
1606
2848
2849
1245
1108
1991
1990
1989
3249
3250
3251
3252
1105
1597
1596
1595
3228
2840
689
2445
2841
687
2342
685
2341
2708
2687
2643
909
908
2642
2649
2650
2657
887
2672
825
818
817
805
2636
804
2750
2752
2753
783
777
775
2769
748
2795
2796
2802
2803
2749
731
2635
2631
2515
2516
2523
957
2476
1946
2477
1944
1625
1626
2475
1943
2479
3061
3293
3294
3295
3296
2152
3060
2314
447
1968
1967
437
438
3264
3265
449
3070
2466
2467
1235
3275
1236
446
1078
2587
3365
3364
1255
1175
2919
3360
3359
1007
140
141
661
1008
2343
3353
3352
2916
2915
1886
1887
2323
464
1121
2586
1891
286
3098
1854
1855
1856
2543
1858
1859
111
1779
2031
309
1499
2069
371
372
2096
3093
3086
2141
2142
306
2153
3056
3055
926
1327
1326
1288
1287
1282
1276
1275
1265
2154
1264
3191
2030
125
1868
1895
1896
1642
2596
725
93
92
658
2371
2372
2893
950
3409
3410
1706
715
726
1708
714
1137
3417
3418
1136
2597
944
943
1716
1717
1979
939
1709
657
1830
2838
2894
2895
2890
698
1798
707
922
3436
3437
3438
3439
1919
921
699
1722
1724
42
279
40
1799
1727
708
1802
2539
2347
2348
1592
1593
2354
2355
2356
2357
3312
3313
1851
1852
1905
1633
1731
1982
2904
3463
1506
1505
1732
3458
682
683
3454
3453
1632
2903
3457
1733
3464
3472
2612
2613
3471
2387
2383
2388
1734
1981
2382
3477
