216
528
192
498
140
137
605
529
1034
420
382
413
343
335
1112
63
317
152
338
336
1162
313
315
1626
341
310
2292
348
323
347
318
129
328
767
345
325
333
1570
337
324
331
764
330
339
697
762
763
440
446
334
1234
304
928
972
350
1033
302
59
765
109
1046
299
1301
961
301
138
1552
111
53
1118
1630
1462
2005
871
616
366
1967
1335
1007
405
101
1542
163
367
92
1560
399
174
575
2239
1123
714
1032
1124
300
305
1039
1040
320
403
615
617
1544
1041
572
4195
349
513
1949
23
1813
97
47
303
90
1672
14
60
444
4
311
3750
776
54
699
1539
1970
1540
408
1633
938
404
620
553
44
1713
979
18
35
119
550
363
3834
1761
698
1510
377
1804
410
2207
445
185
1070
131
1060
878
378
798
2132
984
199
518
1328
450
376
1780
3424
654
473
1827
1791
1186
94
818
796
2401
4148
314
1023
614
2961
985
98
1581
386
346
462
165
1730
469
1614
813
2
2091
158
799
1164
150
692
4268
3897
581
142
578
443
136
609
3305
4747
438
2400
1196
1763
116
1781
2619
559
1405
2043
452
439
560
86
1222
46
573
1108
1396
248
195
1711
1212
1714
3669
151
504
1336
78
297
1225
1692
139
1514
1782
653
33
1818
685
1284
3117
2873
4140
2084
977
148
3000
1323
448
607
1721
976
592
2831
1577
507
623
1
713
68
793
340
1680
2824
1849
1084
135
1493
1361
1528
5
144
3583
2072
143
461
499
189
2815
467
2641
1049
1778
15
1759
208
437
1541
771
291
2541
694
4303
806
309
523
1120
845
1191
508
1126
1737
942
2418
1873
548
2021
1903
1955
168
353
247
1137
162
2270
1851
3609
332
2291
421
1050
186
500
360
374
1910
2420
901
4514
2300
1192
1062
730
1397
177
541
25
1760
206
73
875
808
1334
4704
229
908
127
773
2022
1454
1159
932
732
536
859
674
906
3814
0
1014
2106
1435
791
436
2233
2517
2368
2015
1779
786
502
1395
948
795
589
83
141
458
1370
510
1206
3035
720
1054
373
657
200
269
910
3892
191
678
3937
1878
1924
288
1490
1179
1245
595
2701
1327
465
571
3320
2360
3322
703
2650
2835
587
2711
412
38
1101
1883
980
1757
1508
480
1339
296
4569
2009
2823
190
711
2468
4242
67
870
3200
2159
375
57
1594
1375
481
1347
1744
1492
777
532
171
81
222
41
2565
987
1006
471
3202
422
881
58
926
2657
1998
3397
2746
579
999
610
307
40
952
172
4216
1042
1053
134
583
1193
1031
449
644
1860
585
3100
1601
1739
2755
2535
598
2416
1147
3803
2282
624
2729
1835
782
159
574
1045
1158
869
827
651
563
108
2682
892
1638
2363
831
2148
3752
30
576
451
2045
693
3753
820
828
2085
1103
154
28
802
778
1135
503
1436
946
1690
931
1617
1816
225
851
169
783
2747
280
2252
401
784
4325
1806
648
4241
2551
684
1805
1475
1001
1092
1801
32
543
1015
447
482
1803
1104
110
998
2975
947
1807
329
1482
226
652
211
3552
590
1027
516
1442
817
1016
1704
940
951
2143
124
1815
1545
2109
1483
586
1380
203
986
4088
841
1640
22
1800
558
1671
2167
1745
2124
1452
3182
2304
2274
1762
509
3580
4266
466
1972
1567
4269
2767
2068
3067
3571
2242
1502
1010
1950
754
883
549
2343
2750
472
496
198
2352
1632
342
102
1707
4356
658
877
1000
844
2853
107
278
2733
468
114
1553
2081
2770
48
2026
1683
1574
1485
1977
1189
1619
1181
780
1756
554
351
2842
483
106
361
3234
1740
2855
997
748
1785
196
464
255
547
1891
2108
733
501
511
1557
1519
1621
3217
2258
1208
512
1057
1819
1865
1591
3299
738
2137
2187
1067
1356
680
3780
1116
702
2579
2165
260
10
854
1125
1445
816
12
974
805
1414
240
1812
1168
16
850
1808
312
4717
201
398
397
689
2756
3745
9
1317
3349
391
716
4471
3722
2714
1511
1715
133
3764
3569
2759
3592
2912
1887
2126
4267
321
2014
1345
2757
4357
3045
1764
1797
1809
17
322
4604
145
283
885
29
2376
1938
789
1767
915
950
1144
1198
2717
2262
209
1932
1880
122
3066
1017
2584
996
3070
2011
236
3150
1048
1122
759
1948
1610
1055
2142
282
2665
890
1799
2580
1008
485
365
621
2240
649
7
3778
1712
228
865
601
1340
184
1018
1178
747
3079
2346
725
1464
3751
1768
3543
1026
3110
546
4601
204
486
1697
712
668
254
316
1387
1221
1350
3954
2176
497
1478
2041
2313
682
205
453
1679
3887
1658
856
442
1691
1277
4606
3776
2518
3477
24
1226
552
4600
4256
1187
604
1228
4411
327
99
4230
913
742
2373
2144
2960
155
424
2908
1918
1391
4237
3
2315
1458
1487
267
1710
2035
3141
3502
2605
4364
3423
1664
2055
1822
441
344
270
2198
1224
1659
3503
3073
3952
1402
1810
352
3825
1733
125
2548
2173
396
4399
1447
1793
882
383
2415
1433
146
2111
619
2195
2706
1847
4208
2985
2073
884
3463
4605
194
3658
2652
1145
1119
476
1802
319
1729
1611
670
202
1868
1121
241
1866
602
1426
853
660
207
187
916
1532
3087
588
760
2488
4743
1100
2259
577
308
2180
2181
4273
3053
801
1944
166
2248
600
1238
983
3024
3278
170
3468
1787
2467
3275
1160
3373
2849
2423
1110
263
259
2421
2848
2166
3428
2618
1660
470
3832
80
2676
2268
1161
809
811
1210
3239
1444
1152
3980
1443
85
679
1773
1774
1964
459
488
3497
551
2107
1061
896
1700
1888
847
2807
1201
1243
2709
2286
1841
3238
3475
1821
1957
3498
3499
326
1427
1766
2983
2012
455
1175
3645
1379
3861
379
3474
193
2594
4369
1643
2897
3446
1724
2431
474
923
2059
306
370
2496
2760
3979
3982
2033
2034
3981
2490
3064
3909
3908
3907
3062
2491
2969
3063
1644
3711
2200
3713
1886
230
1884
1173
1170
3118
1019
4489
580
611
3430
3460
3376
1689
416
1686
88
2029
3458
4073
3093
3094
4072
3096
1357
1359
2199
2197
3732
2909
3733
3998
835
61
2001
843
1177
2104
3171
3197
2396
4210
2362
3953
2642
4749
4561
2494
514
506
4349
492
491
4103
1354
3219
539
2530
2531
2532
3708
3707
1408
3688
1355
3158
4682
3149
4102
4101
3065
823
3041
3084
3028
2412
4224
2725
4225
2726
2727
1064
3143
622
3938
2060
4451
4595
4104
1941
2872
1656
1495
3263
1655
3262
1665
1688
1717
1718
3261
1716
3922
2986
4055
4637
2569
2947
4057
105
1211
2656
2895
873
3786
1465
3532
3332
3226
2640
2555
4048
3099
252
3604
3602
3601
1075
1547
3164
1038
1555
3973
286
2598
4001
944
943
3737
3056
1879
117
4272
745
744
4460
147
2379
3022
3021
1389
2539
663
665
3057
2459
118
3449
1506
1602
4177
746
1388
904
3450
4493
4641
4051
3059
3058
3083
120
4271
1117
132
755
2460
3448
739
2082
864
1223
2114
735
1166
2272
2719
2958
2963
596
629
2337
675
690
4194
706
707
3012
727
4161
4159
751
3029
4141
4131
4098
825
857
860
2225
2216
2208
4041
2383
2386
2939
520
2606
2799
4578
212
2582
219
234
2572
262
4528
281
284
4503
3080
2839
2138
2465
1872
3915
2458
1726
1012
3690
3911
1021
3382
2441
3700
2722
3385
2430
3885
358
4432
79
1058
1598
1909
2630
3393
3867
1230
1709
2220
2052
2728
3566
3331
1473
2774
3341
920
3346
922
1421
3804
935
1505
1330
937
4015
1383
1089
2869
1364
1928
3198
3115
2907
1377
42
4713
2163
1217
1534
3789
2696
3864
1962
392
2687
1641
1853
3359
1651
1681
4395
2679
4726
2063
959
26
4331
2894
1080
3994
2203
1098
2175
2499
3621
2874
3106
3762
2179
1365
2688
3993
1958
2599
876
3995
1971
3097
3098
3101
893
894
3102
3103
3104
899
900
3109
907
3113
1952
1937
1939
1940
3122
925
1946
3996
3959
917
3963
3964
1951
912
911
918
1935
4002
4004
2027
3046
4050
3052
3054
3055
4043
819
822
3060
3061
3613
268
1499
3670
1235
3671
1233
2930
2136
4207
1232
1231
3672
1229
3302
627
1227
1685
2128
2127
633
634
1687
2941
638
2925
2924
612
2923
2162
2161
2160
2914
4236
4235
2158
4233
2915
593
1241
2155
2154
4228
4227
2153
2152
2917
3457
2905
2906
2910
2911
3693
2913
3694
1674
2121
4223
1667
2120
603
1188
1675
606
2921
3291
1185
2113
2112
3290
2119
3289
1199
2901
3313
2887
2888
555
2891
3304
4257
2147
561
562
1200
4255
4254
566
567
568
569
4250
4248
2900
3606
2863
2864
533
2865
1631
537
4274
2876
2877
2862
564
4243
1155
1154
3281
3719
3720
1148
3279
2103
4244
2102
4282
526
4305
2169
2168
4302
2845
505
2846
4299
3324
3315
2850
4293
4292
1625
2857
521
522
3317
3316
525
2851
2170
1416
4312
493
494
2834
2836
1612
1618
1143
490
1142
3274
3273
3740
3268
2101
2100
2099
2098
3276
3267
4313
1609
1595
1596
2171
1604
1605
1606
4324
2825
2832
477
479
1607
1608
2828
2829
2830
4317
4316
478
2182
2087
3756
3785
3787
4107
2806
1592
1593
1099
3758
1090
3759
3255
3765
3254
3771
3772
3773
1074
3774
2805
2804
2803
2802
433
434
2183
4360
3329
3328
2782
3775
1573
2788
2789
1578
2794
1584
1585
1586
2786
3248
3781
3244
3227
1036
2032
2031
1035
3225
3224
1933
1899
1897
1896
3031
1889
743
4061
4079
752
758
766
1867
1864
1863
1862
1861
3044
4080
723
722
4118
2994
4113
686
2997
691
3007
3008
700
704
1914
709
3016
717
718
1905
1904
1852
4119
1850
1848
842
848
849
1798
1796
1338
3338
4390
4391
4393
1515
4401
4402
1512
1509
368
364
1503
3337
1501
4416
357
356
4418
4419
2186
3357
3358
2190
2191
2192
2193
4415
4435
389
4009
431
430
429
427
426
2754
2753
4365
419
418
417
4366
1523
415
4368
411
4122
1758
4013
4017
4018
1775
4022
1776
1836
1837
1843
1845
1846
1755
677
2984
4121
2981
647
646
2971
2970
4153
2950
2949
2945
2944
676
1754
1752
1751
3917
3918
3153
3923
3142
1693
1694
1695
1696
3130
837
836
834
833
829
1734
2432
4164
4165
4168
4169
4173
4174
4179
1996
1997
2039
1287
2040
2057
2058
2768
2743
2739
402
2738
400
4383
2698
2050
2697
1749
1747
3873
3874
3205
3880
3882
3883
3888
3889
3890
3894
1748
3895
3175
3174
803
797
792
788
785
1742
2289
3379
3442
153
4602
2290
156
2647
3441
1353
3380
3439
3438
2283
2614
3436
3435
2613
2278
2277
3381
3634
3635
2543
2544
2545
275
2617
3619
3378
4635
4634
4633
3465
1400
3792
3872
2627
2626
1424
989
990
176
4623
2309
991
992
1470
2668
4438
2521
2522
4439
2667
2666
3207
2664
2663
2662
3648
3649
3659
3660
3661
2250
1022
2247
3208
2246
1472
2685
4659
4658
2478
2479
2324
2480
3799
2321
2320
104
1303
2485
3796
3795
4642
1311
1484
1481
2686
2607
180
181
4575
2558
1281
1280
2328
2329
2330
2331
1279
4572
249
2454
2559
4685
4686
4479
3501
2222
4480
3504
4692
4693
4694
4695
246
1282
3492
4573
87
245
244
243
2245
2244
4470
290
289
3412
3411
3410
2610
3409
2475
3406
3405
970
969
968
3835
3240
2350
3528
3527
3237
4555
3823
3822
3821
1530
4554
3817
4720
4551
3508
3507
1536
4550
4473
945
949
963
964
2213
4530
4529
1535
3836
1529
2393
8
3561
2395
4740
4739
3562
2212
3403
3404
2388
20
21
2217
2389
1052
1219
