150
34
158
79
116
200
40
198
171
53
57
58
671
237
197
50
898
199
29
52
1
51
64
333
25
303
125
54
56
662
62
701
201
221
60
191
1200
588
138
98
63
2385
94
306
209
463
660
432
597
97
400
994
22
1087
85
84
1000
1413
1096
2018
224
110
455
842
638
176
117
626
766
14
388
824
703
95
633
246
9
308
115
163
1097
301
12
829
101
1766
629
689
795
798
18
377
136
2013
1016
287
196
252
1346
1783
259
44
934
774
2253
653
1321
434
2034
45
545
1674
473
814
184
1609
27
1633
307
1121
2238
74
952
362
289
1649
227
469
686
1646
430
1189
958
693
175
957
568
608
821
1400
389
1210
188
1138
485
2177
729
370
579
2120
1482
394
1222
954
1509
265
742
359
1481
584
30
1132
1223
325
1920
839
314
550
452
319
1999
179
509
313
279
462
743
355
342
475
1962
230
553
445
528
1624
1932
562
951
737
2064
741
543
401
558
32
1605
1047
428
621
1598
833
165
2690
1924
89
166
877
213
429
612
910
931
707
311
725
1484
2293
1780
337
161
669
156
323
410
1577
921
745
1233
918
1607
970
352
233
1329
327
1431
635
348
2051
596
2575
1232
1370
560
2377
257
2675
2294
391
1556
691
286
1474
274
564
709
186
810
1381
1464
1098
2706
273
2027
331
2113
783
1110
312
616
2266
1770
1644
615
738
1167
154
647
2056
1655
585
2058
366
2071
2687
1108
1053
1587
20
610
256
2126
37
698
871
2477
2401
386
1821
143
1616
620
1122
1072
187
1700
447
1055
1384
2651
387
1350
1804
105
316
758
2280
1219
407
15
1937
315
679
659
1397
243
1820
7
1726
1498
1760
1037
1113
378
1137
349
278
1495
1497
1823
1819
2115
2652
1778
1779
800
42
140
206
141
1052
1129
718
2360
1499
1051
1753
920
1758
1054
280
719
1754
1154
2042
2043
1903
1130
2536
2537
818
2010
710
715
281
2649
1030
2542
716
1394
713
2541
2400
1341
892
132
1518
1519
668
2132
2557
1520
1739
2573
1738
2587
2131
2526
1740
1186
364
1187
144
862
1447
2166
423
1442
1311
1287
1273
1068
974
2662
937
887
16
160
2724
936
1446
288
88
424
1636
1062
1063
1610
1082
1604
2731
111
1237
338
1663
1326
234
1015
999
1705
77
2474
2473
497
2469
113
2329
2309
2470
2189
929
169
655
529
1103
2190
235
2538
611
2163
949
969
981
2128
983
2192
991
1099
486
1990
1114
1976
1949
182
226
2199
866
2424
2420
768
103
548
834
873
2318
2728
1614
443
2524
1455
419
1707
1645
2546
1589
644
240
2568
1560
271
2520
425
1425
255
746
1435
296
293
1042
299
624
759
1433
696
1479
750
602
382
1378
1602
2260
848
1908
2267
687
863
1746
350
2512
692
2314
334
2234
23
2311
1782
1785
1543
2709
1348
1827
1227
1764
590
1215
399
1457
292
1347
589
995
2356
1829
1763
690
1828
1806
972
2150
1214
2658
2006
845
2698
2349
1226
0
1229
1305
1306
1307
1308
1312
1315
1317
1318
1319
1333
1334
1337
1338
1340
1342
1343
1344
1349
1225
1224
1217
1216
1145
1146
1148
2717
2466
2734
440
441
1744
1745
1133
444
448
449
1748
453
1120
458
1127
2361
2362
2368
2369
422
418
417
416
415
1729
1728
411
2180
1679
1678
1196
1197
1676
1675
322
321
639
2181
318
1204
1205
2172
1891
2162
2161
656
657
2160
2475
1884
632
631
630
2380
1105
1109
1727
1118
1119
1721
2381
1718
2384
1717
1716
1104
2387
393
392
1712
1711
2397
2398
381
380
379
376
373
1715
1083
2519
1625
268
2500
2501
2503
2504
1911
1912
2158
1913
1612
1914
250
249
248
247
2153
1626
1627
1628
276
2188
2187
2186
933
614
2307
2570
2569
2124
985
193
194
1938
984
2134
1936
2556
2555
1566
1567
1568
1569
1570
519
2545
2544
1575
1576
522
1579
219
881
706
1925
619
618
2326
890
891
1592
1593
1595
1596
599
598
241
242
592
591
580
578
577
576
575
1630
1631
1185
1184
2483
747
1802
1513
482
483
1517
147
148
2117
2118
2595
152
153
1950
1693
830
2590
2589
831
832
357
1527
356
1692
137
2582
819
2030
1493
2616
126
2615
2405
1690
345
344
2404
1795
1798
2290
2289
2413
2414
1799
1800
2286
1797
1691
120
1794
1469
2304
787
1473
1391
817
2148
2149
836
837
170
1486
172
1539
177
178
180
850
851
1538
1485
2629
2630
1460
1461
1462
1463
1465
1466
2104
2105
2040
1987
75
1988
2665
1152
1153
1996
2001
2002
2003
860
861
546
544
1168
1169
503
1767
2069
1150
566
283
284
1641
1642
1792
1373
1861
1860
1859
1858
2024
2023
1177
2700
2712
2699
724
1968
1969
2315
2316
2631
1775
1774
723
2713
1176
2632
2031
1363
1362
5
107
2046
2045
106
2228
2229
19
17
2719
