131
279
349
252
141
148
921
920
52
304
158
319
161
312
67
210
798
282
68
421
94
198
237
212
422
280
196
340
197
128
1092
232
226
729
233
236
1569
660
1093
204
1097
428
420
3517
784
294
456
1559
634
479
203
135
166
717
276
371
250
207
211
1193
215
527
727
208
1988
1096
202
234
1214
731
490
129
507
1106
95
1104
82
139
3736
1377
206
214
123
1431
532
1060
239
56
376
807
358
1132
1230
199
675
125
275
46
29
945
77
1215
1101
418
400
1185
1045
901
509
1592
231
3175
687
4
902
1599
1893
425
409
460
12
357
2701
890
10
439
605
333
100
1764
367
1174
3
299
782
453
1256
978
493
151
97
680
1103
1224
1922
1977
2711
322
1108
983
478
1285
317
1056
547
1100
2098
721
331
971
1167
1390
2755
796
1008
778
1351
608
1723
1973
1094
62
722
3114
1231
277
1637
685
689
1596
184
510
1825
310
773
2218
761
704
1910
1946
366
1305
1642
2569
1083
1011
2514
936
1337
85
462
242
1141
1598
412
3754
2707
2104
1202
1744
266
1509
301
952
228
1504
1937
2279
427
694
2415
1762
530
303
2100
1077
1397
2486
701
1606
643
115
354
829
1672
402
819
487
919
3042
230
1410
1266
489
2099
401
3941
636
1209
253
163
298
1702
578
1527
916
1976
1742
269
1435
545
1241
416
145
1873
73
1691
174
1693
378
1572
485
609
1203
866
692
1415
1257
937
1329
293
728
3822
372
99
105
584
1009
256
209
3064
334
565
899
1335
1332
940
594
110
1846
0
447
800
19
3728
2239
823
1934
1325
2182
121
928
551
1419
589
1537
1588
201
540
3123
338
16
155
976
65
518
2944
48
514
852
642
146
2175
1857
908
917
3320
200
1838
1959
1814
1488
3501
794
1597
2597
3678
118
86
2127
111
970
549
575
76
640
482
109
512
582
1726
84
1547
623
1418
676
2575
1420
2907
1191
1665
225
1322
185
389
457
1668
1328
3751
247
156
1145
1532
2473
799
167
2363
1789
1776
283
904
513
342
1872
1243
496
1662
22
553
730
87
2201
443
2064
326
2052
1115
108
1426
702
433
599
436
221
1306
175
183
2153
345
1733
43
130
592
2993
1530
647
1732
3431
969
1464
541
1309
3886
1049
1267
2133
2448
3221
219
1201
543
618
3710
178
500
1954
481
1502
127
13
1242
495
1529
3400
974
1449
347
1586
1062
3186
857
739
1515
698
810
2914
775
2750
1746
484
488
562
79
1074
104
2872
218
973
102
502
1595
774
2699
220
370
189
1989
910
222
267
696
1555
28
1152
471
707
621
3129
1669
3092
770
720
891
681
972
2386
494
1204
1715
1244
546
801
2103
1634
1198
2385
1029
11
1722
80
656
260
164
981
760
924
2438
2165
664
566
2179
961
229
2012
3355
90
2495
1172
1630
1432
714
153
3502
747
1486
327
154
3357
1516
243
2242
777
779
2465
996
708
682
1680
474
688
992
1625
2727
1222
1225
430
375
1772
216
2879
179
3101
194
726
2891
3020
1645
245
1160
668
1187
3350
738
2483
645
1005
776
1200
1771
2314
2191
2435
497
690
3625
1820
3107
1833
1234
3404
1996
2440
257
415
2873
176
1562
2147
1395
2280
941
1784
1462
1179
520
2806
2534
69
1677
1600
1425
381
820
1961
715
1067
50
498
2406
2319
954
650
2398
2900
3093
1017
2840
1699
9
2339
1333
171
2109
2532
1781
912
755
361
1081
1448
3054
2805
3563
1429
1646
3682
2906
353
356
355
3707
955
953
1756
1757
1843
3538
3821
3853
2407
2816
2838
572
1864
2148
23
66
2752
629
2618
1275
71
396
1539
1349
2049
927
1197
351
386
542
889
1844
3559
2494
1453
1894
2062
1220
1347
1236
3815
1896
3681
1252
1118
1554
1117
1119
2749
1331
1709
1414
1169
1876
2158
63
1553
3873
975
64
2748
3630
2209
988
1330
2336
3136
3912
2456
2360
2507
2284
3742
1364
1107
2586
568
3586
2055
1473
3194
1020
1307
1659
2199
89
1935
1424
78
325
2890
2116
2889
1886
2887
1497
2617
1862
3280
3279
3278
54
3192
92
1941
1408
140
2443
3072
2467
1250
3386
1253
1254
3398
3399
3035
3413
3414
2322
1801
570
949
2323
950
2293
1800
2294
2295
1795
948
947
2014
170
1799
895
791
259
515
2124
790
3275
3454
1460
2126
1939
1912
517
1984
393
557
1458
2357
1483
3306
2527
2693
563
2834
2367
2132
42
3000
3009
2366
3246
2577
1550
2332
1718
2056
3008
2603
332
2601
1445
2471
2491
2492
2131
41
1284
2602
3010
3022
2331
2388
1173
2470
1745
3551
3411
3298
3247
2835
2058
3733
262
377
126
766
3467
3045
762
3202
2704
2702
3058
2691
2452
1703
753
2679
3363
2463
2422
1652
2773
946
3624
2759
3485
1619
1620
788
3220
1264
966
604
1638
1644
3475
693
3338
1721
1007
1113
3708
75
814
2807
2520
1088
1375
3117
1489
314
3521
59
1079
1962
3775
888
330
51
1480
713
1303
1525
1499
1522
2177
263
251
1338
1340
1341
3747
3084
1479
1450
2183
2170
521
1123
522
31
1057
1052
2996
2658
2311
2610
3555
1942
44
3195
1110
291
2607
3518
1836
470
3143
467
2930
1806
2318
2967
1919
1014
1438
1441
5
3161
2644
451
18
3943
2846
986
2558
3422
2537
686
1336
684
3948
3055
3056
1087
1086
1082
3061
2162
1072
1071
1070
1069
3069
3051
1066
3050
3037
1159
3002
3003
1149
1146
1143
1142
1140
1139
3014
3015
1129
1125
1120
3031
1105
1065
3073
3076
2144
1714
2506
1711
1710
3348
3347
2510
718
719
2512
2513
723
2515
1701
1700
2517
2518
3335
3333
733
735
736
2522
1692
2523
2505
1716
3358
1717
3385
670
671
672
673
674
3384
3383
677
3412
2426
2427
1026
3461
1025
1767
1766
567
1765
559
569
1023
1022
3453
3452
1021
1465
3087
2436
579
1024
580
2425
2419
1798
528
3493
1796
2402
2403
2404
2405
2698
1031
1040
1457
2413
3478
2863
2390
524
525
1433
1434
1004
2396
1436
2694
1002
2400
3090
998
995
1440
991
990
3097
1001
3081
2695
3499
2715
1409
3530
3529
2710
3524
2709
2374
2375
3515
3512
1423
1018
508
511
3505
2093
1655
1654
3377
657
3376
1649
1648
3372
3371
3370
3369
666
667
3368
3367
2488
2489
1640
1639
1657
1635
648
3387
1673
619
620
622
624
625
626
627
628
2468
630
2469
633
1667
1666
2878
431
3572
3571
3570
2722
2721
2321
445
448
2324
1367
1368
2717
458
977
3573
463
429
1353
2298
3591
1348
3589
3588
3587
2300
2301
2735
2303
2304
1808
2305
2734
2733
426
464
465
469
2063
2461
1614
616
617
1601
637
638
2498
2499
1581
2502
2503
1576
1575
1574
2459
601
600
2457
3435
3434
3427
3426
3419
3418
3416
2526
2881
588
2449
3409
3408
2450
2454
2455
587
3437
683
346
958
3612
3613
959
960
3616
3617
3618
3619
2737
2264
2263
962
3610
963
3626
360
359
3627
3628
1311
3634
3635
3636
3637
3638
2552
3639
964
3640
957
3605
932
933
934
935
939
1327
2782
3230
3231
2768
2204
2769
2770
2771
3233
3234
1859
1860
3720
3721
897
2196
2195
248
2194
2193
1848
764
268
3705
3689
3690
1260
286
1837
2216
2215
1840
2214
2776
2213
3699
3700
2212
2211
3659
2633
2632
929
930
2631
2630
2629
1823
3687
1824
3698
273
272
1827
1828
2623
2622
2762
2628
3686
2223
2224
3667
3668
308
307
3669
305
3670
302
2742
2743
1273
1272
2637
296
2745
1269
2021
3140
3139
856
3135
860
3134
1293
3641
3645
3646
3127
3126
870
3655
3656
3657
2246
1752
2273
2274
2275
383
824
825
826
827
830
831
3600
1495
3601
3603
834
3158
3157
2291
2281
2278
2978
3112
808
806
804
803
3184
3185
3197
3204
772
771
3205
3207
3212
3213
741
3255
3111
3110
944
2979
2855
2875
2876
2884
2885
2919
2926
2927
3256
2928
2933
2934
2946
2947
2949
2950
2974
1245
3312
2115
1877
3503
172
173
3504
177
2579
3296
181
3779
3778
3295
1403
186
187
2580
3290
3289
2138
3764
3763
2836
2837
3316
3317
3840
114
2079
1917
2549
3831
1911
2550
3828
3826
3825
1997
1903
241
240
3261
2554
2555
3262
2559
2560
2763
2764
1344
1345
136
137
2541
3817
2540
2529
2654
1933
3872
3871
1932
2653
3868
1930
2649
2648
1923
3859
3858
2347
3856
2530
3816
2842
2841
1492
2778
2167
2168
2777
2178
3732
223
224
2050
3752
3877
3882
3883
2664
2665
61
60
3894
55
3895
1544
1949
3753
1183
388
387
2593
2592
399
2604
2589
2588
2605
1184
405
3541
3540
3535
3934
27
1510
1511
1278
2011
1277
2780
2779
1507
3935
3909
1508
1968
3904
2
3905
1967
3907
3906
3758
