68
63
294
211
767
47
228
302
462
33
41
75
229
194
321
159
106
57
504
148
157
94
1765
13
127
251
744
117
122
575
105
145
121
112
898
397
283
588
454
139
134
120
49
141
130
2955
103
165
210
735
722
571
135
104
115
126
726
326
325
100
716
718
311
727
574
96
30
721
132
99
92
992
114
348
1201
1
405
3
496
590
702
741
1359
58
740
723
1568
1086
309
878
1145
742
160
207
208
554
355
1566
1184
62
556
1805
116
125
584
123
101
1057
341
865
109
352
377
973
813
87
1094
674
970
516
569
1169
3352
1107
1039
256
632
582
305
471
71
136
491
193
710
567
393
144
124
85
581
2199
200
162
2148
868
128
268
544
671
455
3276
715
660
695
382
19
329
31
678
853
39
8
627
1412
1540
1632
492
206
220
392
161
536
505
301
1010
1028
1587
110
550
111
1097
869
1009
447
1157
191
623
3236
390
11
1323
293
907
1325
952
1296
2643
2229
20
1494
354
508
714
5
2846
431
525
1324
1935
510
451
35
649
402
875
452
834
778
532
3015
79
213
766
149
557
284
146
287
794
940
361
2915
1191
449
1133
708
466
982
787
843
758
1969
42
483
1925
2117
60
493
259
2231
2604
2316
1499
3419
209
440
954
1007
1030
172
231
322
826
201
2748
559
680
487
1314
1171
2514
785
2742
43
2240
1048
38
1292
998
175
712
547
272
1928
29
572
1457
2263
1748
37
904
2992
1118
1316
2854
1604
500
517
277
1337
2068
51
2706
662
652
543
50
1473
771
786
1643
1929
2628
276
831
241
2313
450
1549
1128
1419
395
2111
320
7
1354
2626
424
628
683
2062
1504
612
3213
1479
655
1522
119
1127
3109
438
1501
468
3016
436
542
519
1014
1949
406
299
2785
78
1910
757
1811
1081
873
610
1119
2430
621
497
113
23
624
1044
1742
265
232
133
2746
1373
689
263
236
520
1204
871
1392
233
437
1016
2491
1207
485
478
2822
2676
93
223
605
2122
2245
506
1400
860
1474
1506
2595
704
291
1224
2975
1320
647
1472
169
511
2212
983
562
185
271
1403
1355
442
1216
274
2647
1024
796
275
947
224
527
910
1924
91
1916
285
1554
1693
3265
26
2065
2970
756
2679
537
2384
183
1638
1790
498
3270
1711
1699
989
1265
1336
1333
820
53
457
469
1382
203
488
1741
3327
1530
1415
1609
2120
854
667
1647
1263
1262
2118
770
2131
2060
290
3200
3201
2211
1461
247
2268
373
885
661
886
2003
840
3400
2474
332
887
1264
2385
975
2014
186
46
2702
2422
2076
379
2412
994
1664
659
1175
1938
1189
2415
3358
170
1100
167
2127
1315
1831
289
1613
164
55
2849
2489
2284
2417
1032
2354
1031
443
2760
1660
171
166
847
836
2801
763
1709
1702
613
66
1289
2591
713
1113
1416
2645
3064
2434
363
643
83
250
1902
2279
2124
2138
1764
415
1257
777
779
3448
2544
2016
3447
3446
2015
2032
950
1995
1904
2135
746
1458
1299
1229
1762
1234
1959
1956
2388
1747
214
3121
1313
2472
524
1379
3454
2687
328
818
356
1958
1957
2095
1818
728
731
2242
1750
2243
1696
2973
2982
1827
2989
3002
1631
3079
3083
270
2871
2806
2883
2884
1989
1988
2176
2547
1041
2066
2807
2848
2576
2149
2589
499
2389
2174
629
631
2247
2427
3389
2175
2805
484
176
1987
2390
1933
2816
1194
1919
2803
802
1036
1697
2307
990
803
2587
1178
2382
1698
1408
1179
1407
2559
1553
1353
2299
538
593
2561
541
1427
1982
2
1981
862
861
1068
1134
3017
800
1132
2360
2374
1645
2098
16
15
2099
1001
1644
1043
17
2872
3000
2092
2295
1563
676
153
3215
2799
668
2800
687
3234
1851
1625
2795
2787
1515
2298
1478
3267
2310
1465
2318
3467
815
282
601
2205
604
3171
607
3190
216
618
218
2213
2738
639
1396
2005
1341
2239
2249
76
1278
1243
2262
1213
371
1182
238
3288
2192
3157
583
1683
464
857
850
2282
1160
2033
147
339
1862
1850
2107
1164
2110
3430
1168
264
1096
44
2482
1845
2599
2101
792
1772
2075
2438
3386
1054
971
2342
1050
3363
1749
773
961
3465
2930
3440
428
1986
2933
3035
1998
657
2919
2662
3409
2136
2878
2357
369
762
365
3442
1177
2078
549
3119
2967
1952
2495
3383
2931
2063
656
3012
658
2356
2920
1736
995
2630
2629
1004
1006
1008
1011
1012
2621
2618
1017
2617
2616
1022
1023
1025
1026
2611
2610
2609
2608
2607
1046
1047
1060
1061
1065
993
2574
2636
2640
2709
2708
1636
3053
2698
494
1575
1574
915
1572
2150
2146
501
2151
911
1565
3040
509
2386
2156
2157
502
513
2145
3057
2130
3075
2686
2688
1274
1589
923
473
2697
474
476
2522
2115
2116
895
894
458
893
2121
1253
892
1256
2703
2704
2705
1258
2712
1561
1255
1560
899
900
425
426
1241
1242
1245
1246
433
3088
434
3099
3098
3096
3092
357
1237
2096
2097
877
876
2105
421
444
2716
2717
2718
1559
1558
2380
445
420
3110
418
1214
1215
2413
398
399
3122
403
1220
1221
3117
3116
410
411
3112
417
1854
2948
2946
2945
2221
2222
594
2937
1398
2926
2925
2924
2923
1397
614
616
2949
617
580
2951
2195
2196
2200
1438
558
561
2210
563
2961
1424
1423
1418
1417
2952
2267
2012
3196
2669
3198
2010
2668
307
306
2303
3202
303
3194
2444
3205
2302
2836
297
296
3208
3209
2004
2301
2002
1141
3204
3216
2013
701
342
3169
3170
1294
2433
1832
1360
1361
1362
1364
1365
1371
1372
1378
1380
2169
3004
2168
2167
2165
2162
486
482
3030
480
3031
3033
3034
1464
1481
3059
3060
1486
1351
1487
1348
2913
2286
2283
1992
2325
2678
3230
3231
2323
2322
1108
2320
2319
3238
1104
3240
3241
3242
3243
1102
1962
677
1099
1975
1976
2326
1618
1124
848
2257
1991
1123
1122
1121
1120
2332
1640
1807
855
1087
243
2462
3255
3256
2463
1948
1947
1083
1082
1943
1942
1077
1076
225
3271
2842
3272
2841
1617
2815
2429
2818
694
693
2341
2340
1979
1978
3221
3222
833
1797
3292
199
202
205
2475
641
3281
3280
2469
1927
3274
3273
650
1934
651
1072
1073
1198
1199
805
806
810
811
3293
1209
816
817
670
1610
1614
1615
1210
2421
1781
1907
1908
1909
1911
1914
783
782
781
780
775
774
1312
2740
1906
2741
1550
761
2751
2752
1996
1533
1532
1531
1529
1126
2768
2769
3180
1551
3179
3294
188
3350
3328
151
152
1138
2271
2272
2902
2901
2900
1884
2659
1885
2897
1889
3309
3308
2896
3306
3305
179
180
2899
2485
1866
1649
2532
107
3373
3371
1839
1840
1671
1670
2254
1759
383
384
385
2891
2892
2294
1865
1864
2375
3341
3342
2515
2516
3356
381
3357
2655
1826
1825
3390
3395
3396
1810
1809
1339
3401
3402
1338
937
1803
2656
1703
2297
2350
3417
1792
2566
59
345
346
56
3416
3424
316
1130
1784
1783
48
349
350
3425
1793
1794
1795
1163
1162
3160
3159
3154
2031
2030
3150
3149
711
709
2349
706
1744
2059
27
28
2372
2371
2058
2366
36
25
3439
2365
1769
1770
1774
1775
1778
1779
3164
3438
24
40
1739
1746
1724
1725
1726
1727
1740
1298
1297
3129
3130
1734
3464
