32
425
22
55
54
62
120
56
615
1
335
427
109
57
138
137
110
59
209
39
136
441
250
466
139
64
104
467
69
217
246
698
262
175
84
12
483
883
71
314
398
208
846
1589
83
1603
305
1443
503
260
545
309
458
315
113
1352
332
577
665
554
124
107
119
144
418
1681
1260
855
325
585
186
664
892
116
299
28
456
49
230
237
213
445
48
1228
157
509
1814
989
343
334
152
187
60
562
1965
1624
1777
25
130
1120
1172
705
303
215
176
140
438
1588
263
413
339
505
489
204
531
793
1199
1091
1021
1562
809
2181
172
686
1196
81
1001
352
581
1422
400
98
1446
304
288
61
92
1636
220
125
393
165
588
583
169
640
189
2161
228
1929
747
430
795
242
2054
1886
1012
584
864
377
576
171
1504
384
461
807
145
744
45
1810
408
202
1347
364
1904
695
911
191
328
91
2136
1550
1549
337
1514
1042
1771
1107
704
1166
1205
668
868
307
1684
1413
2178
404
380
1132
353
153
652
229
1409
955
1154
1375
225
367
1371
1312
474
479
1041
480
1975
476
1574
1066
477
475
473
1641
243
188
2151
194
702
1351
874
1961
823
1156
294
968
827
877
1882
1294
1418
17
385
1741
742
402
1760
419
1831
1863
2033
449
1135
1936
1862
1197
1198
1345
1344
1187
1425
1051
1340
93
35
790
1287
36
1286
1285
34
1284
976
275
77
2192
1758
646
1276
696
982
196
2073
156
155
1329
985
563
1918
1559
1133
986
350
27
392
565
573
572
1560
564
1919
391
1134
815
895
984
1755
26
1262
1829
1824
548
117
568
1754
1749
622
650
1713
674
684
710
2143
712
1668
748
79
758
75
1621
210
1069
1937
920
43
166
358
301
1997
360
297
429
366
150
178
1207
2164
1497
1155
1986
890
1082
1376
2062
1553
184
1237
326
1300
2046
1848
1579
270
342
1240
351
311
1278
1836
1218
219
1586
8
1192
1875
2016
2011
30
1873
1845
1171
29
1476
1304
2146
2147
1637
1912
1170
233
1876
2010
2018
2017
737
2212
1695
383
914
915
1427
379
1884
1885
371
370
1888
1412
1901
1407
1406
1905
1908
1909
687
1922
323
322
1184
997
1987
1988
998
999
254
1334
1333
1982
1005
753
752
244
2001
2002
241
240
2003
1006
2004
1981
2068
912
913
1297
1296
1759
2042
1029
2043
1293
1292
2047
2048
825
1290
824
1289
197
1028
1556
1839
1785
1173
1434
1433
893
894
900
901
1630
308
1945
1946
292
1368
1367
1957
1366
1364
1363
866
1962
865
1868
386
2065
808
556
555
2061
170
1822
1275
173
1573
1572
713
2066
714
1026
1025
1024
1283
716
544
543
1682
1582
1581
149
798
797
1578
1577
1257
1258
796
421
422
423
794
536
1266
1267
535
699
700
529
1678
2098
1230
669
670
131
132
133
134
406
2099
1236
2087
2086
141
1833
1832
1245
789
1817
1732
407
1675
1307
1308
1310
223
224
1313
1314
1317
1318
206
1322
1326
1327
1357
1358
276
277
279
280
1642
1323
991
1220
1219
1217
1216
2106
2107
1049
2122
1202
1201
1448
1058
2127
2128
1059
1600
90
635
636
1190
1191
1647
390
389
1224
1222
1221
765
2032
2132
2133
638
394
637
1063
1694
1693
1870
800
801
2163
1646
1086
560
470
471
1743
1742
487
488
967
1740
1164
1163
1152
1151
1089
1090
1739
966
1515
1501
829
828
841
1144
2019
2020
40
1094
1095
41
1143
201
1099
2195
2196
200
20
19
1128
1127
2021
2202
2203
2204
399
1654
2215
2214
395
