152
2229
218
1353
144
1468
528
269
538
750
617
1250
353
482
408
473
462
461
385
388
413
465
358
402
896
463
445
422
409
340
370
435
368
442
360
469
439
481
459
2977
451
466
373
115
354
562
345
376
467
426
1446
536
351
464
1188
1129
537
170
621
61
50
64
65
121
40
3077
365
372
453
643
898
446
403
387
657
398
339
342
449
386
444
2976
396
390
371
416
350
347
470
343
391
2087
437
1869
891
431
1442
404
421
344
424
758
448
904
401
399
1060
450
497
772
1397
2525
188
330
662
540
770
190
319
1412
1441
1436
226
518
484
4302
407
1458
66
3451
2341
478
208
1400
1462
436
908
889
1124
27
486
239
1457
359
1402
1893
1450
1222
939
228
485
204
460
198
414
893
523
1874
472
367
337
468
1901
1892
2065
1927
2084
1924
443
2090
2068
816
4303
1464
1923
433
1881
1883
1882
2089
2097
2980
1444
911
2070
2100
420
2101
1470
4864
1897
1898
1408
1921
1455
1899
1880
2099
1459
434
2694
332
2069
910
425
2703
1931
1873
2344
2059
114
564
4862
897
1636
2105
378
346
2704
6
4097
630
509
1175
74
19
4301
394
1337
140
3186
574
285
924
227
225
471
221
89
1885
1517
1375
583
985
126
277
936
594
2520
282
934
1445
1826
926
1403
855
4264
105
1443
804
765
1404
1125
615
211
222
938
45
1291
819
116
853
452
200
479
1191
894
419
441
1017
191
890
1796
298
4808
3668
284
516
1447
1843
723
713
1766
46
1227
1278
2914
1959
1007
1431
76
773
1482
2450
220
2035
279
1138
1419
3045
941
650
849
1137
5337
315
1613
2427
4452
131
519
2429
857
559
2979
405
440
666
3072
392
658
302
349
234
2
1962
2021
29
1197
4026
654
2713
1043
1296
1008
1292
932
1364
2460
1294
274
931
1354
501
695
184
2168
4321
724
1256
1599
825
4928
1289
162
611
989
2459
712
1483
124
335
4422
1285
96
619
697
2448
655
502
377
1228
2073
49
1251
719
714
53
710
4254
4084
280
1526
670
4215
160
205
155
854
652
570
4962
1100
4039
784
176
813
4156
317
149
637
71
2815
1120
1626
1750
1178
1323
2362
1232
703
1322
1000
2380
1372
922
2228
132
2409
3425
286
858
701
705
163
935
696
1430
4272
159
917
10
148
1589
977
1963
1011
568
3452
44
1524
1696
1373
2627
1868
1170
2744
1146
1287
2558
823
2549
2621
975
1878
2974
3941
599
1965
2868
1478
953
1246
887
2820
1304
933
835
243
92
328
1579
117
201
500
968
720
1621
940
138
1371
700
2406
768
215
123
979
1293
5330
223
925
4442
757
860
1418
4884
949
2516
3278
3170
196
180
2740
1032
596
2651
161
588
8
2029
2773
2313
1648
1469
1241
186
1299
4710
1582
2592
807
1152
2841
230
193
1879
571
515
591
55
2449
739
272
4445
47
94
841
561
1095
1467
1415
3126
1252
259
2926
794
1009
210
4913
1600
2662
1909
628
264
856
782
136
3732
2430
3357
704
2597
2934
2431
487
605
2181
1507
1015
1693
2047
179
4217
331
504
2882
886
3716
2107
1085
5006
2230
4184
382
2249
747
839
1341
209
21
2783
341
1487
1290
4153
2673
900
181
2296
334
1692
268
653
352
2117
863
2165
1737
1150
512
1765
1543
2953
1425
937
171
3233
4364
2842
5302
919
1279
1513
3032
2533
1242
4148
1508
4007
3407
2048
51
101
38
2666
1583
4454
2847
22
1424
2785
157
1746
1169
58
1243
4154
1515
1151
918
1
1492
810
2253
2171
202
1153
812
927
1172
249
3693
903
37
1713
4136
882
978
4590
1778
2422
1511
3751
1092
1186
1850
3338
659
3326
4081
3742
830
2758
248
379
533
1384
572
4336
1350
1033
1348
920
902
1360
629
3026
3104
789
2856
1474
1783
1559
565
2192
947
2323
3264
762
206
1217
3345
797
312
777
2759
828
3458
868
2578
4488
1286
1587
212
687
1378
113
3524
1018
3436
2245
57
680
1971
956
1190
4443
1034
3103
1094
4876
2843
914
4920
645
5362
1946
2870
684
316
241
1167
1705
175
5265
310
242
2637
623
808
954
1505
3152
2855
1023
192
182
4900
3761
4106
842
158
3226
1308
821
214
915
1671
1565
308
3606
142
1254
785
1787
307
2884
1379
3153
1310
548
1212
2935
826
3820
2474
2711
627
1185
3866
156
1312
929
1989
3387
1494
631
1194
2720
673
2734
1046
25
4450
3543
2709
799
973
183
852
2361
1969
73
246
2354
1674
610
1189
1527
709
4344
1083
1051
1830
1076
2576
2367
1910
2262
1629
2104
1357
1562
1213
1751
2741
4149
2467
3121
1179
2008
752
948
1098
946
579
1680
3169
994
2465
1942
293
638
716
430
276
1203
2583
1089
2726
1248
1670
1204
665
1711
1811
1366
2472
1654
1683
4263
3707
15
54
840
1297
3688
971
769
1106
1652
4206
851
1740
2340
517
2330
1914
233
2969
1488
663
4076
103
1534
5212
2602
2949
147
1744
146
2930
3172
3715
4207
2497
2481
1506
1519
2722
1656
569
1485
1595
1698
1195
3818
2560
1363
880
1493
3380
907
1288
357
1133
1912
1280
2929
4346
3790
913
3245
296
16
273
5238
2072
2095
2179
1421
4147
3766
3119
1531
3433
2572
1163
1275
2247
4772
1913
2480
1283
2282
2064
916
1102
1187
2159
2252
1101
1149
2156
2239
3628
271
364
544
1398
3888
2305
400
3651
281
1689
1580
1512
3297
4231
1988
3039
2456
1918
1546
4043
2958
3782
4435
2387
4848
1086
1649
3647
1764
1365
1745
3523
4858
2240
1471
2675
4377
693
1958
951
2163
1282
2160
2484
2164
2688
355
510
2106
3828
2413
75
3151
2622
1048
829
2155
2222
1165
912
2943
447
1451
1193
493
3027
847
2746
4554
1409
4968
2238
1672
3650
5016
2129
783
2076
2626
511
945
4
4213
3788
5216
1072
597
4333
2575
1756
2545
3504
213
455
1877
2618
1679
4954
2672
1295
2161
2747
1236
4127
1208
2232
2162
3960
1226
255
2108
253
361
4205
3442
759
257
1180
5106
686
4867
166
1907
1359
275
756
1118
3571
2609
2458
380
2739
1934
4594
3643
2125
1352
3507
2812
2733
3366
2196
3499
1396
3533
104
2469
1952
2167
393
1001
292
457
3775
883
1056
2350
3959
1281
4335
2724
1168
4118
534
174
3889
2894
3696
1624
4692
4343
4629
1082
2083
776
3010
578
3485
224
2390
928
950
2988
5056
2493
1728
3501
297
336
252
2565
1038
9
1983
2057
1386
733
2552
1003
1164
1199
2056
4220
730
3862
4582
4578
1298
1650
3496
1557
2291
3002
2765
294
1019
3215
1361
545
2185
397
2389
1815
2655
5324
309
3408
4686
1776
2574
2601
3107
1391
2237
2235
5248
1020
2234
706
173
2136
1221
333
2676
1284
566
3324
4984
884
1953
1037
848
4155
261
3438
2863
1518
374
4593
2962
952
1318
1025
5416
2966
2885
5017
2195
2194
2993
133
3284
4611
2968
2938
3250
3145
4275
3097
3879
2175
3221
1309
4797
1905
2128
1042
102
3198
3201
4158
1117
1823
963
4540
3236
1558
2381
1844
4165
1951
4034
1594
2333
3923
2723
2394
1024
4171
3515
1440
604
321
3443
4032
1761
2258
3455
1635
2829
488
3575
5471
2103
415
4699
3528
4117
967
965
2218
1071
194
1862
3738
3963
2727
3270
1979
1948
958
3227
3128
1916
2209
959
1070
4119
1345
2844
1154
1714
549
3526
4120
323
314
4379
3229
3065
2393
845
846
2395
1702
2415
1214
2893
2892
3697
2891
3695
3694
1694
4520
1701
2833
3417
3418
3419
5258
1695
676
4239
4241
311
4760
2772
976
1998
2424
2425
674
127
2522
3176
1937
1848
3547
3158
3982
3159
1210
3355
2782
1827
1075
2003
3844
5427
4240
24
4455
3975
984
2414
1177
987
3327
2402
2769
4880
1684
2515
1798
2051
2679
3492
4654
4655
4653
4652
1161
585
2010
4183
134
620
3450
2797
622
125
3018
3019
3020
3977
3976
2348
110
2023
2027
2331
5398
3266
3758
1061
2263
2255
4916
584
4515
1972
3987
3518
4773
4543
1540
1625
2586
2585
3572
3573
3845
4146
2127
4465
3876
4564
2886
3846
2927
4462
4144
3618
4735
4854
4855
4856
552
3970
3969
4464
3966
550
1044
4459
3965
4092
4780
3968
551
4853
3619
4463
2274
1045
2126
4145
3749
5235
1566
1567
4542
1406
4112
5401
1816
5134
871
1854
4111
1849
921
2693
1498
1490
524
595
2642
2643
1707
1734
1735
3062
1754
3593
84
4408
4410
729
3428
592
3637
3367
3734
322
4020
2187
3337
266
1029
3898
3924
1174
5320
4615
219
1111
4212
3638
4300
1514
2617
530
1576
1634
1577
4299
525
4214
265
1257
3063
3636
4649
3336
4389
3209
4504
1028
753
1759
4967
885
3816
2865
4449
2654
3286
5071
2852
2881
4444
2840
982
879
5240
3780
1306
590
838
2669
4986
2154
2883
2645
1062
3225
646
3886
4473
3578
3237
1263
2061
809
1574
4138
3243
4944
635
4223
2639
3851
1771
1646
4089
305
4957
3843
3641
4988
4152
3770
4872
2267
5124
1104
410
3660
1381
4561
2959
5137
3140
1097
1730
2250
383
4574
1405
2242
2268
2973
3754
1114
1140
4783
2757
4017
97
2298
2762
2992
1414
107
4695
4549
1791
1789
2564
4934
2284
3871
4402
3003
4905
2587
3720
3527
232
4251
3394
3519
3739
2613
1538
2615
251
5296
727
4770
2547
2536
2518
1550
555
4005
1966
3710
2511
2508
5420
1863
1955
546
5253
3406
5250
3988
3984
3101
2193
699
737
3342
4280
3687
767
1216
2691
1218
2702
761
4491
4830
2718
1704
1220
1160
1224
2046
3316
4508
4125
2043
3675
4518
576
4141
5051
1198
1480
3926
3453
4702
5050
3910
3446
3082
1428
325
866
4713
1499
648
495
681
522
507
3511
3532
1476
5034
3013
2307
3895
324
682
3084
5081
2810
3445
3897
2363
683
3083
2577
1833
4362
4703
4730
3512
3534
3508
3535
3171
647
5367
128
865
178
2227
4893
4704
4052
5488
4178
4179
2941
4194
4202
4204
1452
1449
4175
4221
1433
1411
4252
4253
4255
1390
1389
1388
4226
1387
4174
1491
1563
1555
1554
1549
1548
1547
1545
1544
4172
4128
4130
1523
1516
4161
1504
1501
1500
1495
4129
1351
1346
4308
4338
4340
4341
4345
4348
4349
4355
4361
1302
1134
4955
4953
3273
4951
4950
2486
580
581
3274
2211
4956
4407
3279
4406
1919
4617
4936
4618
3287
4933
3509
4931
1211
961
4958
4959
4982
4981
4980
4979
3664
1900
3784
1205
2500
2499
2498
4970
1206
1207
4606
964
4607
563
4964
4963
2492
4474
962
601
4621
3291
4927
1867
675
2371
677
678
4857
1938
1939
1270
3352
1269
1940
1941
3356
1266
2360
691
692
1265
2357
3360
2355
3361
3363
1274
1936
1276
671
4323
639
640
2392
2391
3329
4326
4882
4881
3331
4879
3364
4878
4327
4875
4874
656
3737
660
664
3733
668
1935
1277
3332
3325
1592
4897
1255
1253
3313
3314
3318
1240
1239
1237
3722
3721
1230
1229
3714
4368
4372
4373
4374
4375
3705
2322
4898
2317
4899
3303
1860
2421
1876
2411
2410
4313
2405
2404
2403
4926
4925
4316
4923
4318
4319
606
607
1887
1888
3295
3743
3304
1859
2316
1945
732
3680
734
3431
3130
2530
1772
1068
1069
3134
5093
5092
5091
3136
3137
3138
5086
5085
4486
1067
1339
1066
2535
3114
3115
3116
3117
3118
3621
2546
3470
3469
3842
2541
2540
827
1063
1064
2534
432
1338
4705
1786
2183
4485
3160
5057
3161
5055
1073
3456
3164
3165
1320
3167
3168
1319
2020
5475
5130
3849
3092
3848
3847
5131
1035
3098
3099
1742
1036
1985
1984
1326
1332
3552
1333
3850
5135
4505
3086
3085
2182
3853
3854
2555
2556
5144
5145
2559
1040
1748
4742
3108
3812
4765
4764
1055
1054
1053
3415
3416
1052
4754
4494
3826
2199
2198
3829
3830
4495
3109
4040
4533
5188
5189
531
5191
5192
3603
1681
3602
998
2582
1678
2584
997
532
3217
4539
3218
3025
3024
2593
3022
3021
1838
5213
1685
3677
1686
326
1315
1316
4525
3863
3864
3059
4526
4768
3056
3055
3867
3868
4767
1093
1973
1974
3873
3874
5179
5180
4041
1835
329
1688
4426
1123
1780
4396
4395
1144
1145
4993
1147
4997
4998
4999
3206
3202
3200
3199
5011
5012
3196
5014
5015
1821
3193
3192
1159
491
1166
3179
3197
1122
1121
3239
4477
2275
4470
4469
2289
4458
4457
3678
3679
1079
3681
3682
1090
1091
4428
4427
1107
3255
3254
3253
1112
1113
5307
238
4800
2611
2612
2960
1990
231
3934
229
2957
2956
3935
5280
2623
2624
5285
217
2608
5286
240
2607
5245
5246
5247
3154
5251
5252
454
3392
3155
5256
5257
4805
4804
2603
2604
245
4802
5266
5244
5287
5289
1575
2646
2647
2648
2649
3541
3540
2652
2653
2144
4778
2110
3477
740
3448
3447
4774
4775
2111
2112
2115
3411
3404
3403
4825
4826
4833
3385
3384
3478
3479
3480
3481
4688
3506
2030
2033
2034
2036
2037
2038
3374
2039
2041
2044
3495
3494
3488
4728
4729
3482
2040
3373
3372
3369
3068
3067
3066
2513
2514
290
5231
3005
3069
3000
3946
5348
5347
5346
154
4513
5340
4514
1964
2897
2898
4659
4516
165
4647
4646
169
2904
2905
5328
5327
4644
862
164
5351
5352
2887
109
4676
4675
4011
4010
1710
2665
2664
2661
2874
2875
4668
4667
3548
5364
5361
5360
2454
1628
843
844
141
4660
4643
3567
3568
869
4104
4568
3586
3585
3656
3657
942
943
4548
4547
1657
475
474
1585
3531
3530
5036
5043
5044
2680
2681
3175
2685
2686
3174
5414
5415
5417
4053
4054
3588
4417
3589
3246
3629
3908
2244
2246
3900
3899
203
3610
3609
5292
5293
2940
3893
877
876
2933
873
872
3951
3952
1724
4480
2715
2714
4077
2791
2792
2793
2794
4071
32
4070
2800
2801
2264
2265
3652
3653
4570
4569
1618
52
4479
2799
1725
3112
1716
1717
2753
2742
2754
3
3113
2921
2920
2743
5431
