421
1124
138
227
196
1118
627
736
426
986
470
776
202
169
249
460
1057
156
256
546
401
958
77
294
687
99
129
337
345
357
299
315
336
301
359
321
371
353
297
355
358
1877
311
339
328
307
329
320
419
306
98
956
250
86
246
474
411
161
3307
3003
331
1594
643
641
1555
291
332
300
990
335
115
1566
1546
341
334
642
292
316
1543
93
325
364
309
356
313
326
1579
362
1540
333
672
1616
323
327
298
354
342
1353
295
1575
141
1551
1592
1582
366
1527
1598
1574
1607
2518
1839
1628
1654
1550
314
1849
1568
644
1825
1835
1644
4382
1576
1578
1684
1561
3476
1532
1601
1541
379
1534
3870
1569
1869
1567
1626
194
1573
1688
1589
1547
3873
2524
1593
1655
1539
1597
376
1583
136
1828
929
932
1837
1634
1648
1538
1560
1570
1556
1852
1526
1083
1875
902
1680
1587
1577
1588
1608
1647
1968
1829
1640
1851
1530
1631
611
1687
907
1617
1639
409
634
1826
3871
312
1682
1565
1830
1352
1874
1657
1557
1653
330
1533
1656
1609
4093
1558
1867
1630
1841
1604
1863
711
1627
1618
1553
198
1581
1535
1643
1611
1827
635
132
157
1649
1629
1635
378
551
144
1834
934
1633
417
1548
1661
1652
719
1571
1641
1545
1660
1870
1854
922
370
1696
363
3083
1219
1580
2517
1596
1536
251
154
1632
166
1691
812
1871
1683
658
459
1685
1531
1637
1838
720
128
324
2764
906
1642
4381
671
3872
1876
855
1623
1650
1844
1554
1542
224
1621
708
638
1600
1846
709
1602
1878
53
1620
454
1552
3862
1859
1625
317
463
636
1619
1060
774
167
476
3153
2273
878
733
2249
1668
1221
1012
96
2546
1220
481
15
2248
2121
408
673
1135
752
432
178
1562
630
1529
652
722
1585
243
1544
303
1603
2251
1741
1563
645
1848
158
629
1932
933
1590
521
413
1742
3477
293
33
734
994
820
2769
74
159
487
3599
1110
1945
272
2271
882
151
2270
610
2214
2770
647
1879
1739
1092
1969
1843
832
637
1572
2411
1937
1595
395
2353
949
2268
2197
1831
285
1856
368
1692
2325
668
1599
1845
1855
724
1857
67
1858
735
2275
0
754
486
866
737
503
674
2668
723
564
133
1496
288
3717
1008
2124
91
950
1027
416
170
848
2384
66
254
728
32
1808
414
1089
107
191
877
854
3081
3832
397
81
2763
176
1743
1736
3154
628
1952
130
2828
393
731
727
738
83
868
945
447
12
55
2038
4520
2247
780
90
469
87
2590
109
3085
1365
1950
939
931
1025
3266
1151
1245
1186
1730
833
509
3964
1667
134
2260
835
3792
590
59
942
2261
1354
155
2888
823
946
148
193
54
893
732
943
392
2278
448
101
1020
489
2615
2205
560
234
600
390
2580
799
2120
1686
905
114
142
618
124
707
1082
1866
1840
2199
3605
2519
1549
581
1528
225
1306
1584
1624
1043
796
1847
607
542
1586
1610
286
435
3791
464
181
289
944
585
1732
1287
2469
468
4130
1039
1097
2276
578
4860
580
1704
197
3133
4502
146
686
2814
2092
2030
279
1120
2483
1361
667
889
797
1985
837
1156
491
536
3119
1887
3337
3788
229
3617
455
1288
916
1
56
3632
1449
236
2368
1960
3675
394
143
1112
988
1735
834
2033
948
717
3427
549
2277
1308
1964
1799
804
1441
1096
2809
1979
1737
4412
579
108
152
1061
3842
405
247
767
308
3656
624
3370
4487
2592
829
4
602
1433
2997
3497
4413
381
1671
3346
1766
1774
3745
145
2267
2264
273
947
1081
3329
529
89
2147
1977
1091
530
2867
1000
465
1516
729
1996
3542
179
14
3300
2523
552
1677
3778
609
2138
3783
1815
1450
3547
140
1209
917
95
2436
4016
492
52
1993
1123
31
1738
3984
1065
2433
870
895
583
582
953
2027
1204
1423
1163
68
2643
1121
22
2609
1712
681
1175
5036
785
195
1371
1479
4019
199
2441
2497
699
2941
845
858
3157
1439
964
2084
987
1672
2190
1038
4013
3135
149
657
871
993
1021
1266
3016
382
1443
2530
456
4254
1905
73
39
280
150
4017
1444
1042
3139
2458
1201
1033
713
1658
1113
2823
172
2350
189
2550
2856
1125
3916
177
2597
2742
1519
1075
496
656
3284
975
2113
248
898
3641
168
4507
745
5006
2635
4386
1437
749
730
3611
1513
1559
461
221
676
4553
1729
2152
7
458
1041
1733
688
1801
1087
182
2151
147
2781
1746
472
2414
1346
267
2949
1019
2640
1013
4730
2228
1191
2630
3028
3771
2274
992
1429
1056
137
4552
2821
462
453
1940
3573
2595
2193
237
4303
1190
1898
2179
883
1836
1731
242
2822
2283
1005
2631
2118
4933
522
112
1933
3995
880
2731
240
184
2203
685
3843
982
525
1301
94
746
750
34
230
135
1004
3520
5035
4425
2333
926
1134
3440
3078
3394
424
909
1786
1419
2722
1196
204
1023
442
887
3631
44
78
2787
41
441
88
2986
506
2061
3385
1515
3521
1926
428
1313
1970
207
1728
1305
190
3094
744
205
825
1067
689
538
3299
410
2047
498
725
75
275
1564
2847
3888
374
1487
403
2740
1084
514
1695
2561
2689
4178
188
1816
2737
3804
2730
427
2011
824
278
3095
276
258
433
217
70
214
2984
2135
1131
969
3628
180
127
1403
1941
2805
2948
3762
563
3555
4021
535
119
1063
2532
1100
1651
526
802
1366
2114
2651
1032
1030
2979
3535
930
1362
3376
4149
867
1355
1853
818
2916
212
25
1146
819
2639
2732
122
1202
809
1203
523
2752
1448
1040
872
2559
504
650
2429
3215
716
547
186
3670
2531
1158
100
891
648
213
3311
826
3063
2774
2461
1311
586
2140
2392
3651
2736
1363
1476
1242
2302
3668
407
1425
747
4744
1028
3734
215
1011
622
1886
2533
2725
500
952
2014
1690
3389
1860
1868
2910
1636
1689
348
2410
1152
548
344
639
1377
3998
2240
1591
1307
365
4453
1681
1659
164
3242
1833
2572
1718
4536
2382
2400
183
1842
2042
1454
1606
1864
2608
208
1049
1304
1862
846
1035
2462
3218
1312
2534
343
2928
3710
960
3630
1702
1717
3853
810
2039
3657
4367
82
567
1779
1410
3571
483
3245
3593
2693
11
1662
4499
262
2130
1029
761
3576
1751
1128
2246
209
2525
302
3023
1755
2018
661
28
2756
350
284
742
1006
2091
2594
1250
4796
537
2617
1050
499
2528
4304
2444
556
2263
4508
3526
2243
1880
4864
2337
4662
3377
2188
1850
2142
1276
3662
1225
211
4676
1955
3830
2612
1790
439
814
974
976
3485
3608
1185
2161
2424
3677
3207
2776
3422
2013
2460
927
2499
340
1396
2346
1646
3912
4806
1368
1094
3866
270
281
2766
1293
873
3562
2486
3546
3065
2861
743
2198
1873
3659
351
3383
2669
2713
2019
928
4495
1832
2482
372
1036
587
3915
786
3318
4007
2738
2230
2231
360
2807
3114
2717
373
1861
2464
1525
4580
740
1436
3323
1705
4230
915
2660
1144
171
2074
4947
3487
3351
369
1258
3058
4526
764
4496
3336
3236
2667
2454
2476
3848
4822
2136
3057
3056
4275
2021
1389
1537
2744
2241
2577
4171
3261
2864
3260
2242
2963
3869
2186
2187
1645
296
1622
318
367
2009
1770
2010
1415
466
545
3186
4485
3149
2514
2812
322
310
1357
2006
571
4062
1748
978
430
4219
2915
406
443
2008
2456
1865
4447
4518
4519
4908
1521
2583
4867
4541
3896
1284
3596
4517
165
3040
4904
163
4917
4283
2051
3364
3365
3739
2370
3508
4993
903
3950
899
3380
588
3074
493
494
2803
1400
4087
2937
4086
1334
3246
664
4716
3983
2647
4233
495
1370
1017
1018
2182
1719
1907
3723
4083
3326
497
3504
1316
3168
2496
2498
4357
1470
3881
3880
4344
4343
1440
2871
2870
2869
2868
2340
2336
2335
2339
3379
3384
4732
4728
2348
4729
4528
50
1374
4100
4809
45
3470
4045
3940
2393
3471
1138
1137
1978
3461
1413
3446
524
2373
2374
3445
2696
1399
4047
968
2544
1480
2557
2994
4858
1481
4415
4468
3319
4910
4684
3747
3714
3882
2637
2634
3711
3712
3746
4160
2636
4245
3709
3678
2626
4285
4281
4280
605
925
2619
912
4266
3741
2064
2054
920
1698
613
2700
4577
111
1474
2442
1477
2127
1489
118
2684
2665
558
1494
2449
1003
3821
2451
4226
3787
4236
575
4551
1182
1119
4107
3298
1079
3955
696
3501
4073
2494
691
4647
876
2237
2603
3044
2848
3182
4327
843
2408
2824
1290
3704
1292
3131
3070
3488
2176
1115
2480
4769
4679
3126
841
3976
2721
881
2343
2605
201
2885
252
2909
4831
1153
4661
3221
2200
1407
1098
4849
3417
1782
3175
63
3587
385
1103
1373
1919
2472
2170
4610
3212
3606
2157
1902
1206
1923
3578
71
1721
1756
2537
3886
1145
1491
1745
2556
1149
2566
2262
4741
3566
4974
4616
2299
1895
4055
1367
185
3907
2802
4064
3685
806
4118
2375
4372
803
2789
2801
2044
3234
3233
3454
2025
3231
5017
793
1431
1261
1421
3291
3687
4347
2367
653
3332
2416
3648
3644
1380
3292
2396
1296
2573
801
57
4506
2815
3455
3956
2417
4128
2843
2023
104
4575
3018
2369
3303
2489
3293
2137
2539
1432
1376
2096
5039
3934
3935
1257
1255
1252
1246
1263
1244
3957
1233
1229
3962
3963
3970
3953
3930
3928
3925
3890
3891
3894
1302
3902
1299
1298
1295
1294
3911
3918
3920
1277
3921
3922
1217
3883
3972
3978
1165
1159
4022
4028
4029
1142
1166
1141
4042
1129
1127
1126
2664
4493
4492
3435
614
3432
3426
3067
3068
2196
1788
3073
631
1791
1181
2185
3989
3990
1177
640
1176
2180
4494
3991
1199
4497
3449
1760
1761
3035
3448
1763
3447
4514
589
1208
1207
592
3047
3048
3438
3437
3436
601
3054
603
4498
1200
3030
3992
479
3027
1750
1753
1173
1172
3996
4001
4002
3026
4005
2174
2173
3410
2164
3402
3401
1132
2146
3411
1749
1747
572
4570
4563
2245
2244
4558
4557
4556
1723
539
3002
4544
550
3005
3007
4539
4538
4537
3009
3010
3089
4571
1805
4448
2116
682
683
1822
3696
2969
1700
2971
1701
516
1086
1085
2966
3382
2139
1077
1076
1072
1071
1069
1068
2141
4070
3474
4593
4623
4621
4620
3496
3495
3494
1674
1693
473
4608
2946
4603
2951
2952
2956
4594
2265
4624
4071
4075
3109
655
3359
659
4424
4423
3350
3108
3120
4377
2341
2342
4725
940
2000
4172
3162
2842
2841
938
3164
4735
4721
3557
4349
2835
4740
3560
4174
3563
4175
4176
2363
1991
3568
3569
4350
3288
4360
4361
4686
2873
2872
2312
4162
721
4693
4694
3533
2319
3534
2863
4718
2862
3537
3539
2328
2329
3540
2602
1988
710
706
4378
4379
703
3148
3147
2005
2007
4391
4392
4393
4394
4396
4397
2015
677
2016
675
2020
3128
2026
3127
2036
2041
2043
2045
2046
1976
1973
1966
4341
1924
4289
4290
4295
792
4309
4310
778
777
4313
4314
3199
3198
771
2048
770
1375
4795
4797
4798
4799
261
260
4800
4801
2771
2767
4805
2377
2378
2380
3607
244
3295
4816
4804
269
4792
271
4768
2793
2792
3584
3585
3310
3588
3591
4204
2782
4205
2780
3305
3304
4209
4210
1524
1523
4791
3294
2759
239
238
3621
3622
860
3868
1350
4825
452
2745
3106
223
3107
849
219
3618
2735
1486
1485
1484
1483
3619
228
4235
4824
231
4222
4223
4225
3098
3099
1503
1809
852
1810
3103
2750
2749
4820
4821
3104
4444
1510
2398
4848
2428
2430
4255
4884
4256
816
815
4257
2694
4258
4891
1468
126
2655
2656
962
2445
961
2443
449
2661
2439
4911
450
3257
3258
1417
1418
2332
3262
2334
125
445
444
4106
3689
97
4626
972
971
2932
2933
1015
3682
4764
4940
4938
4937
2459
2057
768
4931
4930
769
4105
4939
3690
2673
3331
2097
4251
1447
2690
2692
1435
4247
2703
2704
4862
4243
1446
2891
4242
4855
821
200
3313
2681
830
2678
3274
79
4329
3707
3706
4958
3702
3701
3223
3224
92
4321
4320
2422
2419
3273
2677
831
3324
3325
999
404
2913
996
995
402
399
398
4654
4076
4077
38
2810
2491
3802
3738
2567
2568
2569
2570
3190
3191
4332
3731
3730
2474
2473
4333
4334
4667
3726
3725
4666
4335
4126
4127
3718
4338
2303
2492
2065
2811
2923
2922
425
2280
2547
2548
3769
3760
5
429
1897
3776
2504
2503
5024
423
422
5025
4158
