366
961
412
348
143
3975
406
334
1320
342
309
1085
73
745
593
343
74
1019
66
140
514
58
1737
333
91
262
270
646
1434
1481
1694
1438
265
251
1452
255
1432
264
226
289
250
320
434
247
235
267
263
236
225
887
888
1086
318
126
645
149
102
1485
1473
1454
1475
1461
1496
829
72
1450
800
1708
1501
132
934
1541
1534
1494
1462
1446
1492
765
526
59
1563
1439
291
1749
1459
94
1455
1444
1566
830
1433
148
1449
1709
249
1763
837
1557
894
518
105
1301
581
1760
1695
248
1720
4292
4287
1500
1713
1495
1445
1778
931
1759
222
106
1712
2383
1443
317
1535
1736
1456
1442
3743
70
1735
1703
1457
1458
1498
1490
1451
1766
1725
1554
1540
1693
273
1441
1739
1504
1530
1428
417
1
136
582
1715
1277
1502
1700
3741
1711
1714
1697
1744
364
1757
3739
1716
1545
276
1784
1750
911
2389
1493
2682
1469
1499
1789
1486
586
835
1776
1758
1539
2420
1705
1505
1560
90
260
1447
1537
1710
1440
1429
509
261
1548
1733
1536
193
191
201
153
198
196
1782
1479
1207
1491
1701
271
71
436
2610
183
1745
278
111
4291
1427
1476
145
1431
1503
1775
1730
915
959
1471
1484
608
1772
1497
1774
1489
219
1568
1748
1550
1420
1773
1726
2769
1512
1426
521
1488
1507
195
113
516
104
275
259
1764
28
1531
274
2137
1424
3089
256
1430
1543
1474
1728
751
1609
778
1508
1746
1769
522
980
1448
1696
1724
2419
1564
1542
583
1734
1777
1731
2214
3032
523
1880
724
547
607
797
294
301
392
1453
1477
109
754
302
303
181
550
495
1383
844
1612
815
1549
1435
548
277
182
329
244
330
1538
362
2019
822
144
1617
3729
2117
1699
1482
1706
1487
353
1421
485
1511
1945
767
2113
391
1509
1423
519
1506
1752
1732
932
38
346
1718
146
708
243
845
843
141
96
55
368
3018
2115
598
2391
4368
549
2459
4795
596
859
599
1611
974
110
4439
1614
446
1173
178
972
728
54
1613
92
2023
305
544
988
1343
2779
152
2323
1677
1217
426
591
1608
4794
373
99
268
98
229
3738
602
597
2147
1136
365
4785
397
95
592
710
940
766
648
0
2479
727
881
590
787
172
380
879
468
871
1375
1394
63
692
892
1087
3636
1854
354
2112
663
257
585
511
718
404
824
632
3637
956
327
464
227
1603
246
254
465
467
230
231
266
3518
1845
315
942
463
635
77
213
681
1844
13
3863
978
134
2173
605
2445
3017
1253
2686
170
2287
2351
2352
3695
902
174
2945
3555
1846
395
685
976
1275
574
3891
769
36
3461
462
459
1936
242
2132
1841
223
624
2086
124
350
238
849
142
1222
595
589
533
3881
1020
3685
258
1321
1672
155
2661
237
989
2244
773
2471
3686
1938
1460
211
1888
101
1058
3019
2416
2268
1159
1358
435
647
3217
784
1868
1665
869
2130
461
982
604
269
1105
1606
224
2642
775
579
941
1602
127
682
147
419
370
1988
2133
1066
138
779
821
220
221
1056
1042
494
559
218
804
2362
506
760
30
2864
1285
2648
1466
374
241
4464
3240
1235
340
3233
684
750
240
722
810
2390
4288
537
716
2166
1838
15
288
480
1302
1646
774
3070
3296
252
253
856
2426
429
725
67
233
1209
150
2517
508
2346
214
709
1800
2526
965
4688
76
2435
3557
799
445
952
4021
2017
53
564
763
3282
239
234
460
4413
282
534
2718
228
556
2150
3559
1078
4091
1216
2034
3495
167
3780
83
325
1848
611
420
2898
2293
4587
2462
1382
2616
88
1842
1601
56
3614
768
2265
3069
2597
1065
1578
296
714
914
2495
2889
628
1044
761
719
381
938
4336
190
1225
3589
1989
1576
1528
3020
711
2578
323
137
2254
1300
37
3205
2014
771
1147
1830
337
1356
1298
532
510
528
981
3888
543
3629
2755
1920
3648
1395
1643
376
2192
3155
175
1031
1346
1158
7
3294
3429
3031
639
809
2229
6
643
3094
1077
2823
937
704
613
3513
1940
1742
1198
1256
3499
4034
2499
1384
3172
2476
603
75
442
1283
1925
1082
2080
166
1206
128
1186
1795
1808
438
808
901
3762
80
3885
1915
706
2432
2450
610
158
1232
1381
2767
3201
2504
2496
500
1276
816
12
2828
903
625
555
1877
1620
885
986
954
2368
2064
121
3508
1154
2446
1926
777
375
1224
1330
2267
2037
50
1836
2631
3451
2142
310
731
2742
846
669
1837
1436
696
4564
4271
2434
1290
1229
2999
2051
2654
884
991
897
893
3314
185
2407
2886
3081
3705
2774
245
631
652
3783
450
3386
3313
314
4037
1812
1255
3352
89
171
372
62
865
1686
1847
2660
3542
4666
489
996
782
3182
34
794
1037
3844
3456
2310
164
4002
3808
1095
1072
886
3260
896
3477
673
1284
3984
1909
1404
4563
740
2328
2404
1619
4207
979
2208
1598
3173
890
156
2624
484
2964
2758
3556
2921
1021
665
129
4926
371
1257
345
1525
4503
1883
3050
919
321
2470
2069
1921
384
2589
3511
4325
2621
3349
1163
2530
3047
3437
2425
1990
1918
378
573
3880
2330
4361
2259
4674
2477
1174
2733
1117
1376
86
3651
834
100
2957
3503
2199
715
729
899
651
3059
2735
9
2242
3344
439
470
2745
2584
2008
666
1179
2600
2200
2210
1885
1054
1655
2854
891
1175
4026
1133
3091
1799
772
3253
2760
407
609
3764
3797
2960
159
3062
1815
2748
850
2358
968
1334
1954
2138
2141
4432
910
3180
3623
403
3003
1593
2553
786
1164
1405
2556
2788
2395
1012
791
2068
4897
2028
998
2931
4206
197
2106
1172
2316
1326
1165
3023
3043
3889
2224
600
513
2033
1312
4048
1556
1467
1166
1050
4406
335
1130
918
69
2039
983
985
2314
2429
2635
322
84
841
4029
389
562
3174
3042
4122
1294
575
1681
4011
3530
2424
2321
512
1864
3684
4294
1933
3022
1029
620
475
1887
2444
2888
4041
1592
2198
1008
2513
2107
945
283
4722
3879
4405
2910
933
3012
1415
2867
1010
2972
4
535
1338
2708
2231
4504
3072
1219
123
3704
3299
2193
1591
3202
541
3673
2552
2024
4575
1236
936
571
3644
3351
202
4290
4289
3919
351
401
3095
118
650
1269
2342
2272
1267
4311
554
2602
2290
2297
1240
2891
4905
2996
2997
2995
2296
560
2790
4566
3768
3860
399
119
1520
1178
2274
2900
497
2341
553
1621
3138
498
1634
1911
2273
594
2463
4005
2786
2016
3196
4870
2055
619
3241
295
4644
4358
2756
1569
3568
82
2696
4218
3249
1817
3276
3006
2701
730
1296
430
2702
721
2703
1310
1922
3626
3275
4115
4645
93
1639
2334
3732
3733
2207
339
2206
1111
1642
1119
139
993
3749
3750
3751
3191
4507
688
4232
3911
4231
927
928
3359
3612
3613
1121
501
3912
2304
3964
3450
1417
2468
3482
2467
640
3526
4922
2466
3452
1368
1419
1418
3453
3963
2303
3360
2528
1120
3443
3449
1416
1367
641
689
683
281
279
3408
2503
1076
2258
3206
687
864
2253
33
3649
3455
2834
1687
2443
2724
1691
1251
1161
4599
4307
776
444
471
472
2843
1116
4167
4171
4172
4070
921
2081
1131
2840
161
2978
1038
664
1928
162
667
186
867
1792
3252
1210
3770
205
22
344
3790
1211
3541
861
3104
297
691
3304
2588
1268
3065
4093
2359
2472
677
3355
2676
1051
1053
3448
2595
3055
658
1588
3441
1863
675
694
1971
2349
3078
3906
2488
4357
4858
2180
1977
2835
3189
4363
3193
115
2423
117
2697
3633
2481
2838
1835
4099
1630
653
1013
1580
876
4425
1403
1408
2414
3736
578
2971
2936
570
565
2381
557
552
2379
4482
3588
2396
3585
616
1371
1221
2551
1227
4334
3892
2524
3873
2926
2512
3848
1329
1336
4398
3828
3825
1361
2507
3008
4788
3564
1986
1991
3283
3277
3251
4726
4650
377
1138
3409
4245
1137
2771
2302
1930
4655
973
1115
1944
2750
3959
4277
3496
4283
3992
2282
2625
2627
2279
2739
753
4894
2645
3489
1669
319
4237
2075
920
3159
1201
1196
2813
4191
4128
440
210
2333
2574
2114
4675
4038
1811
3390
3392
312
2791
2561
2440
2727
2787
3398
52
4233
2189
4313
2218
738
1003
4593
394
2305
2658
3379
2655
4017
2890
1000
999
4912
2562
4101
4908
1357
4235
1964
4234
393
4653
4314
1515
4577
4315
4777
3380
3399
1142
4594
4415
2306
1900
2307
739
737
3834
621
1523
3396
3011
612
4392
4391
3013
617
618
1203
3870
3861
3871
2164
4378
4375
3025
1195
1194
3384
3029
3030
1192
627
3397
4399
1213
3846
4428
3847
576
2204
2203
4424
4423
2987
2988
2197
2196
2991
2992
3851
3852
3000
3001
3858
4403
601
3859
2620
2968
4431
4430
2974
2975
1187
3882
3883
3884
4438
3376
3896
3897
3898
2153
1156
1155
3900
3901
3904
3895
2966
2965
4441
4474
4473
529
530
4469
3845
4467
4466
2217
2947
4463
4458
4457
3415
3414
3412
2959
2961
4446
2962
4442
3907
3841
4367
2018
3162
3164
3165
806
807
1968
3167
3168
3170
814
3171
4200
817
4199
4198
825
1956
1955
4190
4189
3177
3161
4214
4215
796
4248
4247
4246
4244
4243
4241
4239
1987
3150
4229
3178
3151
4226
783
4224
785
4223
3153
788
3154
790
795
4227
1299
2235
2234
1637
4516
1641
2906
1647
4524
4506
2912
490
491
493
3435
3434
2916
4505
4499
2236
2239
2881
2255
2885
2252
4546
447
2251
2238
1625
4541
4540
1626
1627
4536
4533
2240
4542
873
4498
4495
3935
3936
3943
3944
3955
3957
3958
1104
1400
357
356
2814
4088
4282
352
2811
3497
349
4281
1797
3822
3821
2308
2309
1551
2313
717
3815
4639
913
912
332
720
3811
2795
3810
4087
359
360
2816
1575
1574
388
387
386
385
1573
1572
701
2278
1570
702
4602
3507
4603
3487
925
3731
3195
3187
3186
3184
3183
1886
758
757
1893
1894
1895
1907
3136
1916
1917
3135
3134
672
3090
3093
3106
3107
1950
4184
1949
1947
1946
1934
3126
3127
3133
1948
671
3197
3200
3270
3267
3266
3261
883
3256
1787
3250
872
870
1793
1794
1796
4930
1517
2782
2266
1521
2269
2270
2271
326
3836
4656
1529
4657
4659
4660
4661
2286
4663
4664
306
304
3832
3831
4658
3483
2542
3475
432
431
1597
1070
2856
3425
1073
2853
2852
1074
3426
400
398
4578
4579
4580
4588
2821
4592
2820
3462
3463
2527
4175
4176
4180
3203
1824
4310
3082
3075
3074
4158
4330
4352
3037
3036
2030
2035
2040
2054
2072
2073
3071
2082
3239
4152
1679
3326
1684
908
907
1685
900
3317
1692
3242
3316
3286
3285
4123
4126
4136
4137
4144
4145
4151
3289
2083
2084
2085
3558
3330
4709
2927
4710
4481
3357
3356
4711
4712
4823
4822
2933
2934
3774
4818
3775
1064
2626
1063
4054
2629
215
3619
2399
2400
2593
2711
1016
1017
108
3748
3628
3627
112
4040
4055
216
3534
3535
3756
3757
3622
3621
2403
4839
2402
3620
1366
4762
1345
1006
1007
3549
3550
3551
3552
3553
4755
4756
4761
4009
4670
1413
1412
2585
1005
2583
3638
79
2564
81
2728
995
85
3652
3787
2729
2731
3647
3548
3642
3641
1004
3639
176
2563
3788
3340
3332
2337
2753
2339
2639
2640
2340
1664
3580
2543
4728
60
4730
4731
4732
4733
4902
4903
3990
3598
2716
3600
3930
3794
3996
1237
1238
2438
2437
2544
2545
157
4790
4789
3573
3572
1465
1464
154
4913
2646
2110
2111
4718
2555
2554
2752
2751
2547
4717
3997
2715
2522
2371
3998
2478
4007
2480
2485
1289
1288
1282
1281
962
960
1273
1272
4919
4920
2372
2373
2460
2461
2498
29
3
2475
2490
2489
2474
2484
2497
4018
