510
394
386
136
330
98
908
113
994
597
2467
351
469
325
1191
42
334
1195
50
470
55
2682
60
1461
221
1477
1189
989
579
234
578
239
991
957
1473
244
240
271
250
1454
220
224
247
642
251
78
235
990
228
323
707
142
174
90
167
955
296
82
54
1504
301
100
295
1451
262
225
281
230
222
616
525
853
219
967
238
1460
1447
527
263
402
237
233
241
580
226
79
104
953
1501
256
547
255
1458
1712
4259
242
754
4260
1928
105
188
1702
514
59
1694
1704
1513
844
1721
966
1717
2407
545
1470
1695
272
1522
1572
216
1503
3712
1701
1540
526
118
1698
1446
959
1092
1498
1489
286
1508
1486
574
1574
1465
3715
1535
1534
4189
1469
1529
279
1452
1539
1713
172
85
845
300
1751
1691
1484
84
77
1736
930
1453
958
1998
1490
515
964
962
1509
3714
1536
3710
1439
275
988
141
847
1850
1494
814
121
850
270
1468
1740
1716
293
1521
1516
2673
523
1729
960
280
3711
212
896
1733
426
181
1022
182
3013
1577
1718
516
1537
1720
1502
2650
1442
576
3713
1699
1531
1464
289
2611
4258
1749
1756
1719
1515
1517
1753
1727
1493
1726
1723
1505
1697
1487
1485
1510
582
936
2575
1757
2574
1747
1576
914
1722
261
80
1450
1511
259
146
359
180
973
2002
1150
530
164
328
863
7
232
2343
2230
2114
1500
1437
57
2415
28
39
1612
954
938
294
292
342
2116
919
720
1696
1463
257
598
129
605
852
72
1824
763
2138
593
137
132
864
4321
848
298
901
1252
1105
3954
2
1524
577
1709
254
1457
1506
1715
1711
1670
290
1743
1441
851
961
1706
512
1488
1455
791
484
909
1456
1703
373
1573
2267
249
252
1744
1571
1962
1725
3709
517
1256
264
322
1462
550
1705
2996
33
956
1514
1492
231
229
217
258
2998
140
2382
587
715
1006
47
1106
310
309
88
1395
2144
454
23
2080
312
818
673
315
886
725
670
723
397
935
308
243
1357
327
602
1911
170
2118
3622
355
3859
765
2736
2997
2222
600
103
3663
548
21
1692
456
218
1603
451
32
764
596
4365
866
223
591
246
404
2279
868
934
3625
3469
452
119
2142
546
1010
2599
3742
424
1467
573
781
83
350
1249
3552
94
3122
2461
353
4757
869
774
756
369
2916
2645
603
493
977
1836
455
590
40
1604
599
3523
594
2408
784
63
575
874
245
751
880
117
1819
1008
2713
248
922
2912
111
829
710
390
1274
1017
413
585
556
975
1237
2117
724
536
213
227
741
1927
158
1445
706
2299
1680
743
127
1284
718
370
450
1476
114
236
992
1607
773
2596
457
133
2999
567
1368
145
538
1826
581
656
1359
1091
1081
867
3866
431
501
2571
1290
3551
862
1376
421
984
711
865
3135
827
820
539
2983
2853
4436
3292
2470
2251
795
115
2845
2133
2464
96
1478
2375
507
498
2207
3868
1364
3553
388
2030
494
828
372
93
1083
1974
357
979
2146
2446
176
906
1251
2151
2973
2581
2708
3580
1563
552
2303
317
442
2929
946
332
1436
719
51
2909
713
804
1821
380
904
1300
985
319
3300
1815
2979
1648
1390
2582
3375
797
1857
375
191
3151
477
2429
1662
177
3674
2285
124
700
753
43
2507
1770
684
1973
400
555
3673
1065
76
1235
138
303
3759
2770
3242
200
3665
2478
3153
1058
2050
1843
178
592
2321
1666
943
731
376
183
125
1901
2435
2168
116
2749
762
2591
3039
2621
1375
714
3762
752
792
907
635
2038
3632
3276
4245
284
1283
1448
1308
1650
414
1227
2009
2273
1
1554
391
2354
2597
3499
409
3348
879
1889
2767
392
1916
609
1820
130
1814
1313
87
793
640
62
1314
1232
2032
3738
728
1862
776
3422
3616
750
2702
1011
2143
2421
1424
4067
3199
2280
1547
1210
2813
497
1279
1312
2319
2024
1014
4735
2629
67
1052
905
4550
604
2900
2040
614
4441
2261
3051
767
639
1986
2149
615
2015
92
134
143
368
4106
1823
3063
3322
1236
131
122
340
169
1795
1186
110
796
4527
511
4552
427
595
3481
1655
1099
3968
154
1133
2926
2527
830
2504
381
1304
277
4471
1858
3004
208
3860
891
1018
2218
3347
2439
106
3230
549
1399
832
997
775
149
41
2022
2145
1365
588
215
1159
1244
3769
1687
859
4098
3186
2674
2522
3602
3772
2332
916
1000
912
1216
636
22
2790
1016
2733
1028
8
1417
3920
150
835
2235
648
699
2023
4830
1766
1762
972
2193
970
2510
617
35
631
2148
2519
2744
2601
3273
3861
2444
503
3659
3862
1777
3068
1760
4020
3154
504
71
205
91
968
2021
316
4619
883
1638
187
211
4791
475
3207
623
2352
1334
3016
3884
4642
3505
139
2531
1336
2372
1059
214
89
3201
3197
624
4264
1015
3614
1239
779
2505
2325
998
3018
1084
1077
1171
2988
3661
2310
1580
712
278
2474
16
3265
2867
933
56
766
2722
3198
297
2327
2472
1893
46
2237
3525
2754
2810
3341
1947
4358
1608
155
2359
266
2057
3204
2866
70
1581
1117
499
3528
274
1624
68
2730
637
4433
2678
672
3364
1929
826
2887
532
2063
1582
4391
1656
1206
1053
4745
3773
2268
4732
102
74
1816
4876
571
619
2203
680
2669
2430
2056
1031
612
384
189
2379
1782
4472
3338
2059
1192
611
1551
2632
1593
1758
3001
1851
3256
2990
1248
3168
2655
378
152
2206
3208
976
1592
681
2277
689
1568
3218
1401
2028
633
2908
849
1342
2759
2553
2551
809
2968
1904
2214
429
913
2570
4038
3336
445
2426
687
4747
2276
2278
2723
925
3771
4359
2204
490
4912
2530
3927
1869
4608
1811
4178
2953
654
1599
2695
2509
4838
2779
1415
3163
1009
1013
2106
1315
1914
95
3215
1231
799
3723
4270
618
4800
3160
2438
1909
3306
2939
2952
981
2606
1033
3065
2417
2225
2249
1579
613
2331
1181
2783
1839
3970
1672
1145
3195
487
3828
3262
3829
3458
1215
9
3869
2147
2589
563
1854
3567
2738
1269
3996
2137
3875
2498
1268
2324
562
2608
166
2592
4350
2107
2550
2108
3027
2109
2549
2316
2315
3289
3025
1384
3894
3896
3026
1041
175
3444
682
685
3386
3286
4540
1042
1157
179
173
1993
4716
204
816
674
3290
1683
3355
1416
3962
3179
4671
171
4539
733
1040
101
638
2199
3224
3219
1255
1673
4120
1188
449
4844
4252
3978
4648
3487
2880
4647
2879
4400
2892
4305
66
3052
2960
4022
2957
1114
694
3250
801
698
3066
4873
1924
1590
3611
4184
4680
1779
1432
1030
4034
3550
2622
4813
186
1193
1142
2905
666
2512
841
2637
2638
3563
3493
2534
1781
482
709
287
2619
408
4079
1431
3885
3917
2294
1433
2256
1224
1225
4763
2283
3478
3477
4454
2289
346
560
1126
949
558
1905
1089
347
2712
2868
876
1396
780
3811
789
1366
1360
1724
3003
1555
4256
2384
2580
1669
273
207
1079
1393
2076
2746
1971
2745
2079
20
410
1024
2054
4097
3331
2055
3357
3818
3258
1996
3302
1975
3319
436
439
3346
1899
453
3389
1861
3399
3247
4505
4491
3471
1763
3500
3508
3534
3536
3545
4444
3548
1677
1674
3555
3429
3558
2046
366
144
4789
2450
2445
2437
2427
194
2978
2389
2368
2326
3040
3044
2068
4694
4687
4207
569
3837
1267
601
3893
1229
4389
1200
632
3935
634
4362
2500
4360
3977
3999
2526
4009
2528
4010
2532
1096
678
1087
692
4053
2797
1045
2794
2894
1326
3814
2693
2171
3049
3136
4663
3159
3172
3185
2244
3189
3205
3211
4612
3396
1646
1044
940
727
2643
4117
3588
3767
4211
4262
4239
2739
2634
892
2631
911
1449
1026
2609
823
2202
3610
3649
884
825
2615
730
123
30
2676
3585
813
4069
4306
4251
3706
3689
2657
1621
2701
4311
4908
1587
2750
1429
1566
1351
3681
3579
2697
1005
3803
4094
3802
2881
2460
1223
1222
3847
3848
3849
1212
3864
3844
3867
3872
3873
3876
1203
3843
1230
3878
3786
3787
3788
3790
3792
3793
3806
1264
1263
3826
3827
3831
3832
1240
1233
3842
3879
3880
3886
3960
3961
3963
1095
1094
3964
3969
1082
3975
1303
758
759
760
761
3087
2045
2044
3090
2041
2039
3097
777
3098
4228
4227
4226
4224
4223
3100
786
3101
3103
2020
2019
800
3086
3113
4250
3592
696
697
3045
2091
3046
4295
4293
4292
3053
3054
3055
3061
4279
4278
4277
4276
4275
3062
4272
2899
568
2162
570
4406
572
4405
4404
4403
2159
4399
584
586
2963
3363
589
4390
4387
4386
2969
2954
565
3373
2167
2932
2933
4437
533
534
1693
541
542
2942
2970
2943
4425
4424
4423
2174
4421
553
4420
4419
3378
2944
1170
1169
1168
4342
4265
744
745
747
3116
3117
1960
1958
1954
1950
3131
3132
4205
4204
1944
4202
4199
4198
1940
1938
729
4255
1435
2003
2062
3023
644
645
647
4320
4319
657
3036
4193
3037
665
4310
4309
671
675
4304
683
3069
2006
664
4192
4191
1937
3157
2560
2992
621
622
625
3002
4332
3017
3019
1936
1934
1933
1932
1931
3140
3141
3144
3145
4357
4187
2984
2981
4443
2911
2141
2140
2920
2921
2922
2927
2928
2930
2931
2103
2102
2094
4370
4369
4368
2982
1890
4180
4173
4136
836
4135
3178
4132
4131
2548
430
428
2824
2211
2212
2823
2215
2216
420
2217
3431
2819
415
2818
2817
2816
1151
4544
4545
3432
3433
2812
3182
2811
3434
2231
4553
2804
4560
3425
2829
1143
3424
4484
4485
2865
1620
1619
2861
2860
3404
472
2858
2857
3405
2855
2854
4561
260
4673
4074
4675
4676
1765
4678
4679
2848
4077
4078
3249
4685
4686
3248
889
888
887
3511
4692
4672
268
4073
4670
4062
4063
4064
2304
2305
2843
3317
1759
443
4693
2728
2726
2725
2724
444
2317
2318
3252
2720
4669
2727
4061
3512
4082
1480
1341
313
3463
311
2266
4632
3464
3465
3466
3293
304
917
299
4640
4643
4644
2741
2740
3283
302
4059
2262
2260
2243
339
929
2247
2248
2764
4613
4614
3460
4615
2762
2761
4040
324
2255
924
2258
2259
2763
4060
2292
2293
4723
3234
209
3232
3716
361
360
1049
2189
3910
1057
344
343
4594
2784
2782
2781
2780
1066
1067
2799
2772
3416
3921
3933
3932
3407
3408
3411
379
1035
4563
4564
1037
1038
1039
3924
3923
3922
3918
2771
1071
1078
2640
2639
2355
2356
2357
2358
2362
2363
2365
2366
4139
1373
2889
2890
2893
3758
459
460
3578
147
135
148
3310
3309
4171
3304
3303
4168
4166
4165
163
3577
2381
1372
2383
2410
2409
4823
3941
3732
3402
2405
107
108
3939
2403
2402
4023
3598
1642
2393
2392
4804
4031
3174
3175
2612
4163
4162
4137
2626
3225
4144
4143
945
2651
2652
196
4123
203
3516
3515
4715
4714
4101
2625
4698
2620
2617
4842
4841
3624
3623
3609
3608
3607
3606
1346
1347
1348
1349
3209
3212
2616
3213
1317
4697
2683
881
4502
1003
1002
3339
3340
3401
3343
3344
4017
1499
31
34
75
3660
3708
4457
44
4458
2240
4462
4463
2469
2425
2514
2515
3720
437
4862
4861
438
4853
4852
4096
4095
2424
2447
937
3445
3687
932
4914
4915
2481
2448
2482
870
871
950
4902
858
4901
3686
4899
2487
951
2489
