447
617
174
439
787
2577
78
932
444
590
742
142
163
68
81
262
434
306
269
322
324
308
281
295
277
313
302
271
184
365
323
383
305
1498
288
296
289
378
1876
388
272
348
298
268
293
284
280
279
307
309
391
235
229
77
1074
1351
165
433
512
514
156
89
286
702
321
339
332
301
386
304
112
318
338
319
371
3931
113
354
312
328
704
292
2763
287
299
275
294
291
267
333
2509
326
634
173
270
335
658
337
310
276
331
303
1080
488
180
619
639
127
121
1612
698
896
1393
115
516
4165
399
394
715
350
11
66
537
1390
1623
153
231
254
712
700
172
1640
385
1863
325
703
1163
966
4081
1571
1625
372
300
83
424
636
373
242
3
64
360
1584
1590
3027
1846
1269
1621
171
124
1626
1087
1572
1860
539
2499
637
1627
1617
133
1631
605
1608
1578
1611
145
1068
1392
1398
717
1112
1638
290
635
630
340
1628
1668
1639
379
1862
1848
714
2824
1581
740
397
1606
1391
657
627
2511
1600
1632
461
785
119
431
297
2510
1847
2208
738
1633
86
190
1654
421
2213
2029
716
1573
1598
1843
1855
1690
72
274
855
624
1636
428
2508
38
285
1579
336
1597
1575
1577
263
87
1609
377
2104
1739
330
230
1653
1691
1637
1857
1694
1950
1665
327
316
314
334
283
389
699
3366
135
196
1751
574
706
47
739
2178
2209
187
1010
61
177
2237
655
914
1136
863
2235
2223
192
621
104
2
957
84
1938
3661
915
1752
981
179
1058
1745
415
2960
892
486
2214
526
387
1355
2490
1743
1120
278
16
1570
1267
887
69
546
117
355
2762
1076
1268
945
751
1066
3199
3849
154
1948
722
1947
1820
4944
2220
1307
116
1109
456
709
2217
419
417
218
485
256
727
2216
2317
2570
4945
1012
1132
1009
548
418
1525
644
965
833
1399
3665
735
4254
1116
178
144
741
490
975
2107
743
1618
282
934
708
990
468
943
695
794
2564
1098
495
158
370
2736
2502
555
1108
928
615
67
185
1774
2796
1036
2535
960
528
936
1531
920
737
3110
1085
92
744
664
2652
2159
754
723
661
311
935
252
725
2233
1165
459
344
1061
2760
492
853
1092
597
721
1196
205
3168
3777
1734
606
131
2436
3040
3995
2912
1738
1233
2211
168
1746
227
2207
2203
359
463
234
136
33
838
375
1155
125
2245
2099
1125
3331
1936
759
374
2021
74
465
1576
2926
4934
493
1059
261
1290
3303
2169
811
1019
1314
2458
1403
1465
2234
2330
97
1499
2401
3171
1457
1810
2131
1171
1887
3885
733
1043
224
2653
731
95
4124
2376
140
406
1447
2582
2350
580
1119
202
455
1763
921
659
509
384
429
2364
1013
17
2529
3893
4070
1200
864
2012
908
846
442
2584
82
467
432
2735
824
3467
1547
2820
1474
536
1237
2949
1903
152
2865
3975
1230
1505
771
912
2814
2444
147
842
1206
989
197
1156
3830
2010
1588
1236
815
847
2403
3741
2293
1932
969
1157
1044
1161
4398
59
3508
4089
1094
660
30
91
1056
510
2122
554
517
3781
812
2096
1336
2610
3894
3102
2135
1472
376
3808
544
968
3480
1111
7
4630
1245
15
613
756
1400
843
689
392
3544
48
3244
4681
236
1815
137
49
2888
1425
4
138
2190
1011
3200
1172
1115
1349
3840
1619
2799
496
1681
3731
457
3139
1467
347
958
620
845
2881
2972
1129
4810
2232
550
1185
532
729
1524
2754
576
2471
1880
1802
1337
680
3780
2231
4084
1675
1469
530
937
2974
1106
1934
4487
834
3782
919
1929
2022
645
618
1806
1333
757
925
4367
4754
12
4731
513
1409
2641
579
2101
3839
1973
3074
3462
778
3595
3370
572
2367
259
1002
161
167
1828
747
866
718
2622
541
3196
730
964
4316
3187
538
1387
858
2164
2260
1935
1741
575
160
577
1460
573
814
1940
1057
515
3979
511
451
4217
1077
603
3075
1895
3013
407
3269
3415
1252
176
3950
4228
1169
2767
1140
2558
805
3402
4454
1530
1347
1686
57
3270
939
4284
3627
1170
3755
1291
1166
2929
143
367
2285
382
569
570
571
3758
2228
4573
1937
1744
2236
484
2555
2227
2630
175
3726
2225
462
2470
1680
1456
2717
470
341
4155
933
273
1415
5080
2894
745
2200
646
951
1007
182
1248
3156
922
129
4412
3412
320
808
317
381
3324
166
2654
3397
2526
1249
126
2226
128
1740
782
2879
4049
315
169
1912
2052
4937
1250
783
4413
3902
464
865
413
1359
2146
1147
3570
380
226
758
753
219
755
4465
3572
2771
207
2847
2742
941
2759
1540
871
2389
2360
2544
2794
483
997
212
96
1424
671
4082
1070
123
3778
2359
134
1259
3953
1114
643
2303
1961
210
3062
1045
2778
181
2121
2051
194
260
1215
3676
2913
1782
2730
1736
2637
3376
3846
426
1067
1251
155
2782
2410
1405
2863
3363
879
3981
1388
427
1
734
653
3007
3609
4911
1767
2299
4464
2957
130
2624
870
349
110
351
1708
2114
2729
749
3087
906
1201
1730
99
2472
1134
363
798
2737
390
476
2324
1192
2681
5010
1439
1729
670
3225
264
3733
2999
494
540
1886
248
3060
497
3496
776
479
2928
2682
991
2017
2734
1158
667
1931
2284
2648
1706
3222
852
2732
2003
4369
4193
2545
3091
2348
2383
986
3235
400
4560
449
2379
2608
1234
2375
868
581
2725
3194
2298
2426
358
2294
105
101
73
2675
3882
4388
976
3788
3223
2147
3932
4923
1491
1188
239
1175
4839
1232
1965
2130
1496
2296
450
4561
1473
1353
955
2004
2615
352
2616
851
2696
2973
736
2422
3260
3672
132
799
3690
3131
1173
3717
2594
3749
3525
3718
4665
220
4947
4559
120
3265
2764
3036
3094
4562
410
2435
3198
2434
1996
2058
201
1563
3477
2015
2314
251
3276
2684
4803
1413
1343
2892
2336
3130
2896
2006
608
4359
876
3129
2774
3253
1411
5079
2975
2821
503
3753
118
1956
3592
817
1574
1406
4426
2411
3261
774
1216
1218
253
609
1943
2724
4816
2543
4518
103
3574
1927
1358
4190
4003
1724
1081
4207
3539
2521
4895
553
2425
4606
1687
398
2163
3774
2917
3821
3357
1041
822
2979
1042
1357
4618
1516
2744
3743
3856
1322
683
3986
854
1436
3768
3836
3642
3612
3837
3645
2091
3770
2312
2731
1976
2978
2715
821
3116
2679
2680
1004
4966
2415
3515
4760
438
2728
1901
2956
2111
1348
1344
1345
1356
1394
2154
3425
3513
816
697
2581
3779
1256
666
2149
2580
1557
1294
4591
3587
3278
2320
3373
2647
3944
1286
3362
1567
4360
3547
3546
4986
1569
249
962
2673
2463
1923
102
2599
2246
4981
3580
1408
2877
2874
1431
2873
2872
1432
139
1220
4330
1646
3829
3828
1023
1710
1027
1028
1711
1712
831
1051
829
4331
827
828
825
1221
1222
5021
2677
2447
3311
4694
2301
1117
3683
819
4332
826
1219
867
1709
830
2156
820
4329
1052
1026
4550
2341
652
2197
2195
2196
4938
4689
2288
3384
3386
3302
1450
2419
2421
995
3516
1412
1410
2639
1404
1971
4423
4026
1031
3080
4270
1970
2785
1451
2842
2638
1587
90
3079
1564
3089
4397
3009
1685
1532
2142
631
3274
944
678
3942
3790
1470
807
594
2450
2103
3398
1088
1837
676
40
3659
1835
3656
2740
3216
4129
4128
3725
4140
3654
588
4241
531
3593
3805
4953
909
4351
2405
2036
4023
2393
4867
926
1340
4872
4876
2417
924
3978
3230
2366
1407
4805
889
2332
2328
3255
1440
2308
2306
3264
3273
3283
3991
1330
265
2457
2644
3053
2634
4126
1243
980
3092
761
3448
98
3446
3939
2712
562
250
765
3727
642
2934
437
4456
1702
3025
430
2925
4566
2921
3406
3404
3533
4438
4745
2090
3162
4039
3502
3400
3927
3018
2028
149
3001
3492
3799
4695
2459
1585
696
1552
2468
2656
221
711
3111
233
1303
2455
4703
2882
241
4380
2257
3242
2252
3455
3457
1514
2123
4090
1103
3900
409
1906
5076
42
4087
1464
2698
62
4391
4390
2271
600
2967
3350
675
1508
977
3164
1279
2567
4183
4587
728
1475
1246
2250
4194
558
1884
2238
4409
2780
4942
1176
3628
2790
4421
3668
3677
1682
625
1040
4656
3579
2835
2525
4638
4629
1024
1182
489
3095
2803
4416
106
1191
2793
211
1195
200
1726
3556
5
1481
63
1492
3507
2524
3737
4701
3399
2559
107
1039
487
1198
2465
209
4613
2286
4059
199
1197
3097
4173
3096
1181
1441
4141
2554
899
4294
3267
3268
903
2085
4289
907
4287
910
4286
4281
3275
4279
2077
4275
4273
2049
956
3300
3299
953
952
4295
4250
942
940
3290
2062
2067
930
4251
959
4297
891
4352
3227
4349
4348
4347
4346
839
840
4341
3236
848
3239
2116
4324
4323
2723
3106
1258
3972
1255
1254
640
641
3973
4514
4513
4512
4511
1796
3976
4508
1797
1798
3119
3120
3121
3122
3123
662
632
663
1260
628
2266
4552
1778
601
3512
2263
604
1780
1277
3511
2259
1274
1784
3962
1787
1789
4533
1264
3099
3100
3967
2243
2242
985
4653
1705
4651
4650
2989
3554
3553
1881
4654
1879
2996
2997
872
2311
4637
4636
2310
3545
873
1704
1055
481
2338
2337
882
3388
3559
1697
1698
1699
4131
4130
472
473
4663
4662
3914
4660
1299
4658
3389
506
507
508
3929
4610
4609
4608
2287
2032
3861
3213
4361
3214
2046
800
2042
813
818
2023
4322
3208
2011
3251
2002
4310
4309
1994
1988
1985
869
884
885
3250
1955
4373
779
3174
3175
4404
746
3719
750
3184
3186
3188
3190
780
3191
3197
767
4382
4381
772
3201
4378
4377
4375
4374
3195
1954
2665
1683
3530
3529
1194
1193
3984
1187
1212
1186
3004
3988
4616
4615
1180
520
3011
3003
3012
1214
2968
3569
3568
4693
2937
2939
1916
2943
2971
2944
4679
2951
2952
2955
1229
2958
1663
4680
2931
1179
4598
2204
2202
2201
1149
1148
3050
3051
2205
1728
1144
3844
2342
2343
2344
2345
2346
2347
1821
1822
4748
4749
4750
2880
3380
2352
2878
3379
4756
2876
4758
4759
2356
2357
2358
2875
2361
2363
2870
3374
2868
2883
2340
2339
2884
3393
3159
2919
2918
724
2916
2915
4418
4417
3160
4160
2910
4161
4714
2867
4715
3576
4225
3602
4427
3605
3606
3607
346
3608
4787
4210
2373
4791
2374
2854
4211
4214
4215
4798
3618
2381
2382
2836
2384
3619
2386
3364
1568
4213
1566
2855
2857
4460
4459
4186
4188
2890
2889
4449
4448
2886
3383
694
3382
3601
4442
3583
4441
3586
4437
4204
4205
3759
3632
3633
4823
4824
1543
2810
2397
2398
4832
4833
1550
4834
2400
4837
4838
2809
2807
3356
4244
2406
2407
4847
2399
1534
3631
4813
3128
3133
3134
4479
4478
4477
4474
3598
3599
4472
4814
665
4461
4226
1560
4231
3624
3933
3625
3629
3630
2823
4462
3127
2618
4864
3348
3658
1512
1511
1507
1506
3342
1839
4878
4879
3341
3483
3339
2772
3669
3670
4863
3338
3349
4858
585
1772
1159
1160
3395
3394
1167
4496
4488
1528
3647
3648
3651
3652
1520
1519
4857
4860
2428
4889
1495
2743
2461
4925
4926
193
2462
191
2739
3793
215
3679
2750
2753
3675
3674
4894
1126
1124
4034
1107
4035
1105
4037
1099
1096
1095
4046
4047
4056
1075
4066
4067
4068
1062
4075
4076
1049
1048
214
1046
3680
4909
141
1428
2482
2481
3724
150
151
1433
1434
164
4949
4948
3709
3708
3706
3705
4940
2585
2494
3465
4095
1025
4094
2173
2171
2495
1385
2669
2670
2672
2168
2674
1389
2676
1386
5003
3466
3750
4157
3475
3766
3765
3474
3763
3762
3848
93
94
5013
4102
3855
4101
4100
4099
3751
2167
4156
1037
2158
3682
3681
203
204
1462
1463
1731
3422
4555
2569
1645
1644
2621
5034
5035
2620
5038
5039
70
3773
5041
4149
1325
2522
2523
4120
4121
1898
1899
3834
5042
3772
408
4596
4584
4583
4582
551
552
3320
3319
1420
1416
3309
3306
3305
2445
2446
2452
2453
3437
3438
3439
2152
2153
5059
5060
4597
2602
2572
4143
5087
2573
2574
4144
2587
5070
5069
2588
3798
2593
3797
2595
2596
2597
2601
5088
5090
2600
2563
2561
2541
2542
5091
1904
2560
2562
1907
5104
