163
819
871
682
209
720
1659
525
397
384
472
116
588
484
465
439
501
436
110
420
396
115
477
512
395
493
482
447
473
388
376
463
2327
486
561
546
524
446
487
470
120
502
453
459
113
610
573
433
448
553
401
387
393
415
480
413
358
364
1623
122
510
375
513
425
442
471
419
476
426
452
409
505
371
503
370
483
398
489
399
405
369
526
119
377
609
407
578
522
516
515
3213
417
504
509
451
434
1131
109
449
5088
569
490
521
507
444
416
534
558
430
870
392
475
455
499
1474
1516
491
2887
2179
474
529
570
104
441
564
565
583
497
551
500
2183
533
554
571
616
456
385
391
584
4515
383
560
604
562
568
599
978
1133
1127
535
1033
1610
496
498
460
802
492
582
2168
64
2176
567
606
121
111
112
386
4518
532
1125
424
1982
363
1047
70
68
236
862
210
124
127
165
481
305
695
662
1143
422
1539
1426
195
592
414
445
670
36
615
428
602
2656
579
22
142
1514
389
367
885
2184
125
253
520
580
605
629
665
450
457
437
550
1031
394
117
1074
454
1613
840
589
1065
2517
60
134
1062
1435
678
705
1612
3336
217
1605
773
1598
1615
191
723
1603
1073
1618
846
1193
768
767
785
1071
105
1584
821
772
1211
1191
192
841
1586
1160
1595
1190
149
1917
1617
1579
3309
3
1003
754
167
1602
1608
654
904
1184
73
81
156
1448
2146
1064
716
1727
850
312
1368
2531
1389
406
461
1495
691
291
3732
1404
2551
1016
1137
557
1101
801
2178
2627
390
2637
148
1280
182
495
2633
3679
3214
466
523
1478
1072
597
321
608
227
508
2238
265
1043
2534
146
1459
603
1036
418
595
223
462
58
1550
319
246
531
1488
794
868
722
1286
92
668
331
175
835
2131
845
467
336
742
842
1186
1984
948
949
1606
952
258
1
4474
1390
1403
2632
2290
796
2646
1549
2237
1494
2702
2896
1151
1423
2625
880
458
325
338
1590
954
2630
1295
282
3036
270
1538
517
706
614
926
1600
33
2881
1709
235
611
194
527
421
94
5172
3219
2078
1604
968
1599
814
663
1811
1425
1055
586
598
138
1607
1139
1442
478
935
808
1596
5527
1163
340
20
1210
1035
3330
114
542
946
288
653
1611
530
2635
648
874
645
1816
563
566
540
404
3733
201
1265
1766
1066
269
1980
4381
328
2460
1452
4564
864
1477
177
820
656
1302
746
1152
1614
1217
2169
469
179
1358
8
173
2530
359
1513
80
882
169
1865
1086
4088
1123
1237
707
283
646
323
381
650
2649
1214
4804
1944
185
1673
23
1197
1601
3056
942
153
130
836
2283
1115
197
5
854
2034
1396
924
883
4262
1453
3705
1063
4443
685
1582
957
239
1069
639
2624
951
975
141
933
382
1656
4484
2798
14
765
1710
85
1154
732
2177
793
4441
1024
1224
594
2572
1521
576
1070
139
1728
1134
294
914
1117
32
671
3130
1921
622
1155
5114
798
158
243
667
1482
3652
1219
2050
934
244
2301
1433
811
159
725
992
4191
1695
2879
2749
3212
3277
1227
2342
1558
1621
1828
3422
2053
3451
3225
1704
2235
1315
2454
913
3147
98
4432
4537
1348
2457
1553
719
4859
3018
479
2240
3278
943
1641
3153
1080
2598
4000
3725
822
3331
649
941
1496
1432
1745
1719
891
318
961
1830
2012
17
304
2960
1076
1566
1447
1493
3135
1471
1475
2127
126
256
261
0
3998
171
2511
1923
3166
2783
1335
100
3839
2752
3738
2727
1583
3706
898
3795
2686
4794
1909
2969
2755
717
2400
1015
866
172
1052
4159
1948
5602
132
1667
1476
226
962
2234
3936
2603
198
1987
973
2849
1685
1361
1765
295
1650
82
2558
940
354
910
829
2007
5001
1434
1314
1694
2643
3368
3058
1813
2548
1110
2851
160
1658
1381
2763
2846
2061
1746
5457
273
4359
2026
775
108
963
4150
3370
3464
18
435
4195
403
1436
1116
4037
2639
958
960
932
247
293
3062
1373
731
1988
1526
1720
4042
849
240
140
3111
3241
3499
1570
3179
2915
637
1926
1019
2377
2943
2499
734
4090
2811
2251
248
2411
2945
1971
2394
1171
2767
538
3433
313
1905
260
1168
181
2773
1454
1041
2901
494
221
3446
224
1897
37
1056
959
945
748
1504
21
789
887
4448
1013
262
76
2519
771
795
4611
2640
151
2463
2275
2196
3264
91
263
1839
1757
255
326
301
1221
1731
950
908
3003
4103
1380
1657
2116
102
1181
1837
34
3454
1329
1138
1372
3379
4419
2216
1778
2014
2708
123
2837
1456
2795
2443
3584
1146
729
1218
909
3452
65
241
1365
1278
268
2239
2556
1486
72
3635
2928
1511
281
5112
234
271
3506
3898
42
872
4311
744
3304
1187
1725
1153
178
2339
1747
1457
2063
1563
10
799
298
1775
154
1282
1981
1082
204
3418
1817
1079
4533
631
1199
2272
2959
593
1915
1458
2126
1979
3797
1561
2245
242
879
4972
824
2957
1108
176
1961
1296
1159
3634
3151
133
196
7
4399
63
1406
1502
809
3780
627
2527
3175
1318
736
4438
1021
743
641
873
2550
1912
919
1261
906
4
1343
983
861
1919
1283
1793
2409
366
1803
1627
4845
601
4617
1664
1870
2287
1158
1022
1347
1808
1537
5518
687
350
1078
2681
31
1804
875
5231
1902
1333
1949
152
984
2951
1620
1928
3010
2027
3921
2801
257
628
877
1947
3729
315
1873
1880
1838
4050
994
1585
1914
309
2904
2573
237
661
596
229
188
803
3005
4197
4466
1819
1628
5403
3067
35
16
93
2735
233
1420
3687
630
981
335
1822
2807
660
4985
2845
274
1522
2956
889
245
3752
2594
1922
29
1094
1587
704
1196
3009
2201
2771
4627
2214
905
1692
2000
189
362
2547
1552
180
878
4105
1498
379
3586
3233
1281
1892
3949
1083
1581
488
4358
2224
4373
774
5492
2955
3039
45
804
1861
1437
672
329
2452
1048
186
187
537
3811
844
907
1654
1693
638
4333
3440
147
2671
3737
895
3742
1226
1007
1989
1758
464
577
77
2954
5422
3041
3006
230
3322
1260
1049
5249
2958
136
2667
543
1044
2832
372
1798
264
2785
2401
1649
1253
3432
2490
572
2294
90
48
5447
19
3933
1973
1383
1674
423
816
1480
998
30
3307
2244
3063
2685
1034
2175
2285
2114
539
1918
1760
1029
2182
1969
1272
3667
1609
1963
911
759
1896
1068
2696
3399
1170
1529
2261
3468
1594
1258
2579
1737
1104
855
1755
1266
5401
3096
3810
5603
5116
519
3417
2559
1299
621
2450
2669
2859
1251
3306
2888
1407
4318
2922
2581
620
888
2072
3488
3436
4379
1247
825
5578
1129
903
1588
1815
2741
733
107
2407
2659
1499
373
548
3030
3396
5076
1382
1384
3965
4023
1903
3967
4148
986
1419
2647
1749
3993
1699
1972
5048
411
4991
2568
440
431
514
549
4427
1814
1408
837
4517
5294
724
2996
1200
830
1167
1512
953
1305
1165
352
2665
555
4108
2404
1669
810
2398
1093
2438
3224
3938
184
976
3790
57
967
1567
2855
5031
2751
3090
199
4007
3603
3092
1450
2853
3011
2017
1630
3961
2587
3117
4550
3164
2096
2982
1060
2768
1208
624
1001
1800
3919
3016
544
2799
1157
2775
1515
3022
675
1254
1252
327
1899
1908
990
1209
285
3762
3094
1986
3760
3747
1177
1376
1172
805
2441
266
220
651
468
4774
2563
3870
2016
238
2331
410
2076
2476
1535
334
1541
84
735
708
2661
1337
4984
2578
4237
1920
1183
1592
1206
4004
2019
575
536
4703
1285
3887
1195
1205
438
1487
2130
400
2654
330
574
2103
547
623
790
219
3585
1150
1169
2651
3447
278
3194
703
1593
5363
2891
4553
1264
5053
666
1006
5675
3606
5360
1786
3467
3204
1307
2099
1554
1385
144
4289
3505
4353
4368
4640
2033
506
541
1724
1185
528
2031
137
1490
4429
1204
2663
1418
1140
652
1300
2478
4953
713
277
2074
763
2143
5383
1223
1500
3614
4878
1846
1764
545
170
1401
2048
1308
1306
4643
1414
1955
2006
2898
3647
1327
52
1473
1629
346
231
1700
2149
1353
2018
2150
1821
332
3711
4658
1235
2181
647
4750
1273
276
1194
3083
215
2008
368
3052
429
2198
900
1472
214
3141
714
2390
1506
753
1355
674
1351
5180
3525
3405
858
2722
4470
2841
4577
1505
4174
4001
2725
1339
408
2861
2777
5152
2826
751
686
3303
1791
1646
2003
1345
755
3218
2970
4161
3653
2680
4287
3387
374
2569
1275
518
2380
1352
3251
2920
2115
1136
1523
1911
1114
1701
1360
4618
769
2468
4623
2023
4690
5165
1852
3698
4912
5438
2583
2292
365
166
1050
4226
1530
4409
3579
1527
3248
2715
3427
4027
4250
3239
4052
1751
3618
4644
2451
1686
1893
1321
1009
1124
2310
2779
2066
1461
2774
1312
1269
1429
412
157
128
1130
619
1331
2874
1332
4807
2118
1126
4530
3299
2819
2500
3516
3517
1548
4491
3659
3328
4632
3824
250
131
2992
4862
788
5034
1660
3745
636
3480
5514
1543
2917
228
2204
3211
2495
4202
2611
1084
2619
2701
2875
2876
3857
2610
1462
2698
738
2073
3686
1328
1267
1326
1324
2670
747
2570
2615
2616
5678
995
2825
2046
993
5680
5679
2045
3132
991
2614
1790
1616
3339
3665
2520
3161
3155
4032
1289
4031
5164
5030
1287
3487
5163
857
2717
2056
2760
206
3100
5191
2655
4921
2916
2299
2565
982
4512
3948
2263
2803
4523
5235
1726
3867
4363
212
2668
2087
1589
143
728
741
1580
726
2742
211
4584
1715
300
740
1330
5704
1633
5642
4402
4821
2242
1862
781
2506
4684
2513
5653
1881
61
5644
5229
2054
4811
324
4330
3909
3086
634
3882
3910
3881
5599
5181
3911
2426
3558
681
2427
1647
699
2458
702
5212
3792
83
4809
2167
2165
5540
915
918
920
921
2166
4119
4120
2164
917
183
174
1202
974
1213
4061
4043
848
851
190
1215
1965
5332
4073
303
4375
5635
4207
4210
4230
4235
4239
4243
1797
1779
673
4229
103
2129
3621
2677
2676
3712
2546
3602
2410
203
205
2329
3885
3886
2207
4344
2139
2138
3623
4854
1322
4869
1768
4707
50
3351
3201
4705
812
4728
4527
4730
99
4735
1122
4737
1120
4401
27
1323
3622
1668
4870
3640
3227
2445
3508
1732
97
4738
3404
4736
1121
4731
4729
3202
11
4706
3217
5372
1950
3808
1091
3543
3551
2710
3560
3629
4926
2091
3566
4775
2692
1095
2690
5702
2341
3113
3240
1248
1568
1460
307
786
1910
5431
3963
1907
782
3962
5250
2835
1375
4135
5243
3723
4252
1236
3397
2892
2484
5068
3046
4100
485
4648
5423
4602
4646
2477
3394
5473
317
1784
3048
5266
3524
4106
770
2133
5579
2307
1854
1517
5086
4152
1874
4153
2840
683
4156
3015
4679
912
4661
3200
3611
3702
5385
4010
2905
2297
3476
347
966
1341
2737
360
1336
4666
1369
4223
4472
3677
3802
1107
5629
2028
559
3182
5179
4013
4687
402
5173
2274
5058
4836
2921
4596
2352
2010
1743
1645
3261
901
4571
1644
2971
1739
3254
4574
1643
3250
2953
2361
2364
1890
4261
3093
3884
2107
2109
2154
3843
3826
3806
2232
3770
3757
5415
3668
296
3641
3500
3441
3382
3361
3353
2788
2793
2092
2071
5277
2020
4846
4844
4894
4770
1046
1100
757
750
4464
4426
2854
1438
4367
4357
4314
1706
4182
4177
5236
1951
1974
3960
1479
2932
2080
3125
5669
3159
3156
2977
2229
5696
4719
2311
2312
2317
4754
3669
1025
1023
2322
4320
3663
1017
3662
3661
4765
4766
3660
3675
4743
4741
1010
4701
3701
3700
2280
2282
2288
2291
4742
2293
3689
2298
3682
4733
4734
4739
4740
3690
1008
3657
2333
4810
3624
4816
4817
2374
4822
3617
3626
3616
3615
2381
2382
2383
4833
927
881
4783
989
988
3649
3648
980
4782
979
3646
3645
3628
3627
2358
3600
977
4780
2260
3707
2222
2223
3734
2227
3730
2230
2236
3721
3720
2243
3716
2247
2248
3715
3708
923
2221
922
4850
4890
3559
2412
4896
4897
2415
4889
860
3555
2417
856
3554
3553
852
859
2406
2402
1762
4851
4364
5094
3425
3426
4398
3957
2523
3430
3431
5085
5084
5083
5095
5082
658
659
5081
5079
5078
664
3954
4403
3953
1400
5073
657
5072
3424
640
5122
5121
5120
4391
5118
3411
3412
2542
3413
2538
626
5097
2537
1410
3958
3419
632
633
3420
5102
3421
4397
3423
5098
3416
5071
5070
3437
4141
5139
3392
3969
5135
5134
5133
3966
4415
3964
5125
1901
3401
4423
1366
4424
1364
1363
1362
1916
1357
1354
3951
3402
3950
4406
5146
2576
3357
3358
3359
1882
5176
5175
1883
3362
3363
5145
1885
1399
1398
3372
5162
3373
1395
2555
1894
3381
5147
3366
3356
2504
1346
1316
5045
5044
2453
4914
2213
2212
2211
2210
2209
2208
2186
2161
2155
2142
2141
3740
2137
2135
3749
2125
2119
3761
4689
4688
2105
2102
4683
2219
4682
2220
896
4948
3544
4939
4934
4931
4930
4929
4925
823
4157
4913
3570
4910
3588
3591
4879
4877
4872
4871
884
892
893
894
897
4681
4680
2101
3798
2067
2585
3259
3817
1805
3266
3267
5281
5280
3819
3271
3272
3275
1812
4008
4639
1105
3258
1090
3256
2621
4029
4028
5310
5309
5308
5307
5306
1818
427
5303
5302
5300
1088
4022
4021
2622
1085
5262
5261
2591
5230
5228
1841
3840
5222
4444
4445
3834
1848
4449
5213
4450
5211
1850
3541
3323
3317
4296
4264
4263
1508
4256
4255
4254
4248
4247
1528
1533
1534
1540
4222
1556
1557
4215
4214
1564
4212
1569
1571
4268
1577
4269
4273
4346
1416
1417
4336
4325
1439
1440
4324
1444
1445
1449
4315
4312
4310
1467
1468
4297
2950
4295
4294
4274
4272
4347
1578
4200
1677
1681
1682
1684
1687
4102
145
3894
4996
4995
3504
3783
3782
2013
745
1754
5365
5366
1753
2648
2015
4378
749
3512
356
355
3513
353
5375
351
5376
349
348
3514
5378
5379
3503
3185
3785
4030
5026
4670
3479
3222
709
1304
710
711
5320
5321
3215
1309
4674
3186
4675
5017
3484
3485
3486
1317
3800
3198
3193
3157
5667
4961
5018
1718
1717
1716
4039
4040
5405
3133
5409
5410
3131
3129
1702
5418
2673
2674
4054
5425
5426
3119
3115
1721
333
5389
1722
3461
5054
3462
3463
5051
1288
1290
677
3789
3788
3787
3786
5040
5039
5033
5032
5029
5028
3158
4034
4035
1723
3152
3114
3110
5441
5442
3082
5480
3892
3043
2750
5533
5532
2748
1182
3946
3947
1625
1626
5523
2740
2739
3861
4121
3860
1189
2734
2733
5513
2732
3858
1192
2728
2042
5506
5505
5504
2041
4371
2736
2724
4350
4348
3012
4980
4981
4982
4983
5570
5569
3937
3871
1174
1175
3024
3025
2060
4349
2059
4126
2770
2769
3031
3033
3535
5257
2070
2069
251
2994
2995
3448
3449
2999
3000
3340
4149
3342
1662
4145
4144
2764
5201
2762
2761
3228
3229
3230
2790
3326
2805
3237
5613
2972
5611
5610
2802
2973
5200
4172
5605
4168
2979
4167
1245
2791
5596
5595
5594
1638
5199
5198
4668
5483
4385
2580
1651
5256
4081
2721
2720
2719
3907
3847
3852
3856
2968
1868
2433
1867
4184
4185
96
95
1860
2442
2085
1859
2444
1858
1857
1856
1855
2809
2810
2812
74
2813
5638
5639
4580
2937
3846
2098
4525
4522
5489
5490
1268
222
1966
1270
1967
218
5496
1256
1255
3906
3105
4098
4099
1232
1231
2714
5186
2716
5187
5443
275
2910
28
4609
2470
2469
2467
2466
39
1824
1825
1826
4610
5659
5658
56
2911
777
5546
4587
4586
5547
3348
3349
49
4956
2894
4957
3905
2498
3904
3913
3912
4964
