164
186
563
153
1216
904
572
859
171
460
522
96
315
523
88
313
327
312
314
119
319
389
303
354
307
120
311
126
316
332
358
310
374
317
503
715
305
1212
1105
359
394
378
381
366
385
323
362
376
403
324
337
1157
377
369
363
1229
863
1225
240
92
101
81
25
65
1811
1367
2022
87
334
1350
1812
800
345
707
183
802
80
357
1788
382
1345
339
1915
156
2779
1335
350
341
1333
405
102
1795
1798
300
392
705
1817
669
1329
132
237
592
1007
1337
1295
803
1785
340
1801
195
224
2651
532
1846
1842
1843
987
2030
2017
2985
1353
2020
1346
1804
2036
1107
1838
1263
726
365
2018
2675
1871
4917
1793
1794
1832
1845
1328
798
1825
2038
194
2019
4920
2021
1810
2135
1835
2671
1341
1841
2012
1796
190
1818
4335
1840
4921
1834
1800
471
1814
1240
835
36
474
123
977
995
196
137
704
763
807
1447
497
2031
545
191
344
758
328
441
1355
1154
4563
4843
361
391
1849
322
2474
373
1830
1876
2681
2901
4334
831
761
2033
329
2027
154
348
1786
413
118
2670
367
579
232
2404
1358
371
1318
380
708
85
476
1320
203
1844
869
1340
512
2915
2045
799
2015
4202
1848
1792
1822
318
1799
1218
2732
1360
2037
1787
1445
2040
849
1868
1354
2041
1365
2029
714
1803
1047
236
808
1797
3508
601
1296
2378
1847
1867
1034
1806
1833
3042
1316
1901
809
999
1827
2023
404
1357
1906
160
320
259
1380
2833
599
1268
2676
326
2785
3
260
257
78
458
1642
757
716
2961
993
759
351
1784
100
184
2382
261
249
573
700
2385
1114
5419
994
756
5392
1909
2354
159
15
163
235
816
335
424
275
309
989
2377
412
1780
54
1905
1502
438
3079
121
580
1236
402
755
256
1508
201
425
4333
308
698
5013
2279
233
1167
624
502
1044
448
837
2346
1908
2137
1401
693
40
124
4289
1168
325
427
845
1016
997
64
2991
212
170
63
1171
5393
2386
295
1281
2356
442
1989
762
1910
1896
796
2401
1755
2677
306
1292
426
342
304
384
2013
646
2983
77
2233
429
129
3356
1249
2506
1453
901
89
24
2398
2
434
1147
1001
67
574
1512
724
1303
3461
13
751
717
113
1301
147
841
1613
338
253
125
1019
2554
39
401
612
1049
456
21
984
2101
99
1112
336
806
655
1392
1063
3354
2407
161
130
1412
2300
2559
750
1379
834
4244
3737
3824
1223
2295
138
3088
1254
3967
836
150
692
31
94
902
452
1914
4509
86
1864
552
3423
3418
2488
1138
1977
1193
272
1540
546
720
2138
271
3148
3060
3447
4614
1513
853
1903
368
1235
3946
321
409
251
1491
1244
1339
1618
1152
3126
1043
1030
197
674
2065
688
819
603
1722
3854
3052
1805
765
501
145
205
1187
1078
1560
2581
2986
2379
2351
820
1076
1170
3039
246
626
2344
139
3191
2376
173
4645
3019
57
2380
4479
4358
2383
2954
2726
805
1113
4481
938
935
2937
912
2903
1189
14
59
349
4806
422
1169
1773
3350
2957
971
1748
898
888
608
1298
5079
3307
383
352
1110
1004
296
1387
2177
687
3402
2709
2395
1489
1986
2599
1262
2083
4039
4252
136
1623
142
3435
953
4484
3472
1881
1389
204
463
218
2850
4386
830
732
833
407
3351
3707
2936
1133
5462
2148
3328
2621
2396
1916
169
3495
1396
168
1608
507
771
6
3683
976
158
506
1783
529
895
1116
766
509
1290
2737
3027
301
1299
804
4050
3471
1556
2303
43
2894
604
60
4932
675
1070
774
824
941
733
387
734
735
1476
1455
3355
1729
3750
1933
280
1394
70
594
1547
2854
395
144
2000
3411
209
842
192
961
58
538
291
3915
1308
776
2192
2104
1667
4259
1097
2099
2319
2078
1993
1984
5380
2980
1501
3638
247
786
1931
2293
11
61
1136
2962
2100
4354
5035
266
1306
739
3488
2096
488
2097
899
570
4258
539
4074
1514
193
208
1079
3176
1859
3723
414
827
1368
600
753
189
730
2322
699
2419
284
4487
1672
1408
1897
148
1496
421
1440
2791
2533
613
84
2282
2944
1683
5385
1310
2343
528
2755
678
1686
110
239
1149
654
628
1400
4169
633
134
725
1089
4940
516
928
792
2301
779
5113
812
1069
1767
2087
632
789
2955
1314
4416
1863
439
1687
832
589
4482
690
5191
2241
175
1041
644
2897
892
83
1064
1638
1087
1177
16
3163
565
1084
1689
3306
1926
1779
1179
1441
4631
868
1900
629
623
1014
3131
185
1620
453
131
1071
3313
627
444
860
582
1782
2947
1072
2139
2296
2824
647
3202
4352
1634
1857
1173
4426
1435
1530
3530
146
2267
1856
648
2948
731
2766
625
179
4610
3123
1080
1714
1261
4227
1276
1278
10
1284
1053
4286
1600
370
988
1045
2393
5012
661
974
622
133
2594
992
4167
839
104
187
2757
418
4166
155
127
1123
1743
1403
2125
3159
656
908
2115
2765
857
436
288
178
668
1679
135
3924
2470
998
2297
112
2195
697
2953
3780
1300
672
5455
990
4858
1468
213
482
665
177
2146
1553
630
931
1673
823
440
593
1090
1
2246
73
652
1531
2302
3764
46
33
681
840
1259
27
1565
1919
50
180
3236
4102
1073
210
219
2526
1614
4017
944
510
4242
4962
1570
2238
1463
2224
5327
927
1221
4693
98
2742
2534
817
3830
2736
5170
1456
788
924
4336
818
858
45
214
749
1628
242
828
1964
1148
2990
890
8
49
22
2615
2197
781
1458
103
3421
72
3726
1454
1561
894
1446
2089
1099
1636
107
1061
1457
1752
42
71
2392
1976
2176
3804
2631
1280
1015
1415
3194
221
245
419
649
635
1637
270
108
3897
3584
4127
821
3658
23
2461
1302
2716
2535
9
1999
41
5468
4779
2196
1163
2370
44
1418
3075
2807
3289
2234
4164
4128
1325
1384
435
2394
936
1756
4238
483
1371
801
1342
20
3164
2758
4832
2071
1426
3160
1131
3527
1165
4362
1963
2007
4300
105
2822
3274
2049
3827
2730
854
188
29
1778
1275
1382
4599
1594
75
642
2106
1789
856
172
3899
694
1143
4267
3629
1790
4174
2060
567
4727
1694
1020
4739
3964
1420
1186
1395
1695
543
2253
3709
1599
2653
1273
255
3676
3165
3188
286
519
2831
2754
4372
3578
5351
499
1937
3514
268
128
18
2988
684
4905
355
2258
17
2145
2057
518
5267
651
2223
2940
2132
1718
1220
47
4815
3300
3394
2570
618
848
3859
3158
659
437
1343
3654
1577
2898
2891
2517
1137
3015
3551
3560
496
1959
1940
76
3689
3727
2077
3778
760
1017
2492
4329
3680
3256
3445
1184
3921
1101
1465
469
4375
683
2129
3509
3272
1461
3766
267
4025
2276
1515
1605
1791
1009
2711
1093
1980
584
1206
283
3898
1854
5422
3749
1677
2459
2458
1098
542
610
3248
1956
4235
2182
4462
1884
2714
1484
3017
3084
3047
3576
2841
505
2103
973
3540
885
943
3890
478
2759
4023
331
2790
1563
4236
2688
165
2123
933
2126
166
2519
3492
3178
289
2454
4408
1205
1922
2801
2825
1770
2402
2222
745
5200
3601
1075
486
1923
1657
4119
3414
2783
4580
2455
3187
2771
3714
3684
3292
4420
673
2469
3434
958
2896
2120
3733
5004
2821
1081
5018
2070
3018
222
5005
1582
2769
2597
4533
1222
3910
2141
3469
3452
3450
484
5289
1924
926
226
3320
3866
2541
4875
4622
1388
1712
1293
4347
2867
4151
5238
5237
3169
2184
2578
2183
3755
3001
4988
1010
1406
2547
3073
243
432
2735
2518
2175
4812
2128
4907
2150
2374
3265
1660
2772
5189
3218
4114
4593
472
1719
4345
3765
2425
3614
4809
2166
4889
1062
454
3656
1894
202
1256
4083
2521
3393
2795
2270
2659
3521
330
1507
2660
3392
2259
1668
2010
450
5333
1242
1622
1538
1092
1132
1965
2005
2003
4954
1612
3037
2574
198
1083
1539
4016
3442
1952
4138
3451
4137
2699
1678
2747
2748
2749
896
893
2119
3856
3857
3858
4786
2620
4652
658
662
2727
2088
4863
907
4829
2328
4229
2958
2728
1879
2118
2627
4551
5301
3035
3343
2130
1065
3106
4120
3510
1066
3105
4409
1228
1587
3696
4187
1227
3701
3250
5379
4776
1224
3700
2105
2180
4586
2565
530
2080
4936
3029
5047
1865
4231
3133
3021
4000
3022
4248
2715
5426
1730
2713
4251
2826
4121
3115
3997
4752
3242
3262
4538
5232
1233
4211
3604
3332
5240
3987
970
5242
1777
1534
1776
1775
3995
3244
1567
3996
1707
4500
1615
1972
2698
1929
4494
5024
1372
3296
2652
2877
4753
1955
37
4830
2536
5369
3971
3277
4191
3279
35
299
298
5218
5033
5034
82
4798
5206
4698
3969
292
3278
97
2743
4699
969
416
4992
3479
3609
2433
3528
3237
2316
1008
4003
4002
1266
1022
2845
1571
2155
4737
468
3603
3108
5315
2959
2243
1397
1413
1414
1390
5303
5302
5296
1145
3150
1474
4417
2272
3456
162
1475
2271
5142
1444
787
2780
2777
1201
3711
3151
1202
3719
3906
3712
2231
3565
1485
3911
3717
1996
3564
775
2889
3713
4464
2206
4973
1203
4492
2778
4113
4800
3905
5226
4045
3083
1995
4013
3901
981
4450
3720
1448
3784
3718
4554
1146
3348
2278
2613
3836
228
957
955
947
939
5338
929
2640
3498
4807
3493
2654
215
2172
3912
4834
3261
861
5309
2678
4867
2691
3845
2700
2978
2704
2706
4901
882
2708
211
2605
140
2208
2486
5423
1255
3813
3213
1239
1234
2501
1754
1217
1191
3050
4743
1183
1162
2528
1771
2539
520
736
2816
1685
4201
462
2796
2792
4555
1704
4774
4550
3324
754
5147
3339
4237
2750
5156
2257
4946
722
3284
5464
3873
525
2878
2875
703
4153
2863
5448
710
117
2861
1725
2859
1723
4168
498
2849
3800
4541
2287
2734
1627
5228
2457
1351
1490
4350
3443
2465
1370
1481
5546
3458
4030
1088
569
5270
1603
1085
1429
620
3383
1891
3068
3110
5256
3162
4082
1550
1549
2818
1428
5487
297
1853
4485
3183
1141
3372
536
1469
547
4996
767
1271
3672
558
4993
5086
1581
5284
3618
3205
5484
4651
1888
4034
1918
611
2414
1932
3357
2391
5182
398
3409
3943
3881
2906
5522
1616
1504
4656
4046
4735
4056
3396
1433
2723
3552
2313
2050
1449
541
2926
3046
4299
588
791
4655
2722
3894
4047
4048
1432
4055
4216
4838
590
3553
544
3724
2312
5084
1450
4534
2061
2067
2069
4292
4301
2136
1503
2497
3944
3893
3887
3886
3882
1270
2908
4770
982
4687
4688
4689
4690
2305
2306
4700
966
965
964
4701
3539
3538
3537
3548
985
986
4682
2291
4666
1005
4667
4668
3556
3555
3536
1000
2298
2299
4677
4678
4679
4680
4681
3554
3557
3535
4708
4736
2340
2341
3519
919
4741
3517
3516
911
910
4750
906
905
4751
900
3477
4912
4911
4910
1983
2452
2451
2450
2449
2448
2447
1393
727
728
3398
3399
4897
3400
3401
1391
4892
4891
4890
740
741
742
743
744
4913
4914
4915
2456
670
3817
4948
1410
676
4945
3374
3375
3376
1409
682
1973
4938
4888
4937
2467
691
4931
4930
695
1402
4926
4925
4043
1381
3346
1377
1376
660
3825
4955
3822
4332
1943
3819
4337
1362
4338
1947
3369
4351
4355
2430
4357
3386
3387
3390
3391
706
4967
4363
650
3342
2496
4304
616
617
4306
1917
2491
2490
4991
3843
3842
4987
4985
3839
3331
3838
634
636
1928
4975
641
4974
1383
645
3341
1664
3317
3318
3319
1913
1317
4368
4369
3794
3793
3792
3316
3791
3788
3787
3786
2415
3785
4391
4393
4394
2405
1283
4380
1282
3315
607
5030
5029
5028
3293
3294
5025
1893
586
5016
5015
3314
3303
5010
5009
5008
5007
5006
1902
5003
5002
5001
606
3304
4400
4401
3767
4869
4868
2260
3853
3280
3852
566
568
1874
1882
1883
1885
1265
1264
1258
1253
1252
1250
1246
4423
1243
4424
3855
5042
555
554
2505
2504
3266
3267
5057
537
3268
5055
5054
4425
3269
2498
3861
3271
3860
548
549
551
5045
553
2499
1238
1232
1231
3428
2336
2335
2334
3429
2332
2331
4799
829
2211
2210
3504
3505
4763
4762
4761
843
846
847
2198
851
2193
2189
2186
864
865
3524
2179
4734
2215
875
825
2225
772
773
3467
777
778
3468
4818
4817
3473
2245
4810
3480
2237
797
4802
4801
2229
4791
4790
3489
3490
4780
2256
876
3533
3617
2086
2085
4629
2868
2556
1991
2558
3678
2560
3919
5192
5193
3920
3675
3922
2567
3923
3124
5202
5203
4080
2573
3927
3928
3117
3116
2580
4571
1032
1031
4572
4573
4278
386
3914
3913
2553
3168
5145
3167
4545
4546
3691
3437
4840
4839
2525
3438
3157
1768
1058
3107
2532
410
1057
3152
4553
3448
4200
1178
1192
1194
1195
1196
1197
1198
1199
1200
1204
1213
1214
4273
4261
4249
4234
4233
1176
1422
1174
4446
4518
1100
1104
4497
4496
4495
4493
1119
1122
1134
1135
1144
4461
4460
4453
4452
4447
4443
4519
1423
4193
1499
1500
4136
4135
4134
4133
4130
4125
4124
4123
4122
4104
2838
258
5307
5308
3972
3973
3424
252
3013
250
5313
5314
3425
3426
3010
3009
2644
2645
3427
465
1648
5323
4852
4854
3959
3036
282
281
4860
3034
4620
4621
3031
3030
3028
4856
2624
2625
3965
1654
1653
4855
5300
4853
2648
2649
5326
2668
5102
207
206
3620
1051
2008
2009
3226
2971
2972
2658
2657
411
4001
1067
3999
3998
1602
5347
5346
3627
5344
5343
3415
5340
3146
4879
3982
1619
2995
5329
1068
3983
5332
1617
4878
3413
4874
4873
5331
4004
4660
5370
2170
2169
5400
5401
3259
5127
5131
5126
5124
5407
5408
3258
1082
5415
5125
4642
5132
1575
4012
5109
1544
2686
2685
2684
2683
4536
4537
4041
1555
526
527
5383
3877
3878
1027
2960
1026
2326
1711
1710
2323
1579
3098
514
3097
513
3693
3562
3171
485
114
5077
5076
489
490
1826
492
493
2904
2905
3238
3239
2712
3579
3580
3243
4721
4720
3246
3247
4051
2892
2515
3722
747
3004
3005
3955
3954
3950
3949
3681
3682
942
945
4616
949
950
4613
4612
3668
3667
3666
3665
5474
5473
5472
5450
5449
1497
2883
4607
2884
2610
3173
2608
2607
2601
2600
2591
1498
3041
3043
3044
5090
3217
3216
3215
457
455
5104
3230
748
1809
1808
447
2375
3200
3199
4163
1443
1442
1439
4183
4182
2745
2055
2746
5509
1438
1436
4597
4596
5515
5508
5516
2830
5494
4100
4101
79
4103
3704
3705
2054
3706
2834
4583
5489
5490
5491
5493
2835
3048
1437
5531
3049
5
4
4162
4578
1681
4140
2781
1682
5532
4581
5255
5247
5246
5245
2782
4141
4579
2808
4171
4172
5535
