1267
155
724
527
847
2596
201
123
722
735
322
363
360
388
321
346
389
367
343
336
376
313
362
308
372
342
338
368
413
4332
2690
2962
344
349
345
331
397
352
379
406
341
361
404
433
117
867
385
370
472
371
4330
377
354
4334
340
723
1282
1246
625
85
468
115
365
400
402
355
351
320
314
138
437
387
403
412
424
324
408
425
384
390
358
2074
369
316
310
323
339
2042
858
374
328
378
116
418
430
318
407
332
375
398
874
319
391
337
394
452
335
2685
856
1829
222
1291
566
74
1333
156
651
2669
505
84
93
120
81
64
428
1279
453
129
196
922
357
68
771
180
11
134
392
309
769
141
2494
485
364
417
118
1832
455
312
454
347
205
2963
447
366
194
311
76
254
238
1868
158
1853
1855
135
1837
212
760
950
3081
1083
523
206
1842
220
2066
2060
2041
510
1661
857
457
446
542
1036
788
2405
470
1867
781
42
961
464
303
1952
1950
777
461
1876
104
348
870
431
1957
2053
1125
4335
429
221
776
1850
414
2294
1863
785
1830
1418
3577
2036
1865
466
1877
1611
2961
411
743
1881
1860
1222
327
1219
106
86
2065
2226
1227
897
1879
2045
1236
2035
1306
1849
2044
426
2719
1229
356
2070
317
1122
405
1869
448
2686
784
764
896
906
603
1071
1175
269
714
252
814
1088
601
571
1179
2374
2371
1214
2397
359
1414
401
334
432
326
162
410
263
3600
409
1124
4882
1871
380
493
500
1395
926
2319
444
1266
895
495
1951
3041
815
951
762
382
3716
818
353
1954
2404
2
396
817
763
658
2748
813
2684
949
60
59
1039
2410
868
1955
515
1420
89
580
1067
537
696
259
494
1334
261
514
1066
491
1550
2332
875
1243
2498
1485
887
562
789
2014
2135
262
1241
634
1619
333
602
146
1025
5316
575
1447
482
1086
538
198
641
1292
2398
3350
905
899
1941
1258
251
1055
519
4965
1376
296
1586
2046
637
793
518
1956
224
1128
270
58
226
4929
2641
1293
565
1777
976
2881
1596
957
1129
77
898
3898
798
145
1493
62
890
1041
605
1101
585
1535
1332
686
1193
1296
1011
611
3026
4297
1527
160
1035
853
908
2421
126
2127
727
5315
1453
2123
2128
888
122
3071
2134
1242
1451
1943
3083
893
1560
572
731
143
1709
805
92
1040
4265
161
2753
3668
4290
57
131
30
2491
577
736
3697
1375
4
75
330
200
1410
2056
1373
2716
149
3497
914
177
250
697
257
71
883
608
2266
1387
111
1196
1199
569
900
52
574
1108
2366
2164
2726
236
2908
24
1371
128
1109
902
121
1874
1556
1787
1331
5305
137
3762
606
1113
43
2396
4638
4062
939
3055
1964
2674
936
172
1130
61
826
1008
2126
2607
1289
4392
2761
3625
109
836
1237
2510
192
1966
1133
228
217
1346
616
2001
1524
1038
4028
901
2094
2946
2119
4298
2322
1021
4138
503
687
2095
12
267
517
2870
211
632
660
1668
2615
1204
4478
1417
497
665
3021
2080
3184
2268
25
2092
1015
626
1494
2711
2010
795
142
1075
278
2808
1206
2145
2009
5407
621
3606
66
1325
1234
1006
4055
2194
3309
712
1776
2821
1112
656
393
1442
244
27
264
2399
1383
775
3417
1660
694
917
768
2290
849
953
2809
1824
1435
3887
3703
40
1023
581
3770
698
1254
2978
176
96
2729
248
183
2555
218
2325
1239
3275
8
2116
301
2002
576
620
1655
4086
2774
1310
1687
207
3708
4375
704
1379
4257
107
26
1606
689
49
1944
1973
3576
2416
690
306
1210
1044
744
766
1211
2771
613
1327
1813
350
701
3349
3692
1238
3402
1058
456
2477
790
291
1526
1240
3365
1166
275
181
1116
2025
4449
3504
2704
930
3630
165
925
130
1738
1149
2967
5286
979
2573
1123
1392
933
691
692
1588
4964
2213
1894
1948
570
16
148
1449
79
305
4263
1378
855
1148
3597
1902
2122
199
304
688
1121
249
5031
101
5001
88
2269
271
1361
1612
2338
534
34
3518
1350
2408
2694
3166
973
4590
1445
1437
2569
583
2793
2631
846
4528
1988
1795
3484
558
1945
693
33
1048
1203
73
163
1621
2427
1719
1265
746
872
1253
3203
865
144
210
730
4271
1152
586
1501
974
1433
203
3153
189
213
3084
1478
1408
2470
2707
3257
1534
506
1926
502
1440
3498
1467
2281
1673
2187
2770
127
3637
2160
232
2424
1328
2219
1024
2209
881
125
786
638
2130
3449
811
590
4186
2828
1439
903
182
1549
4069
946
2132
4481
1
832
1191
4371
1481
1725
2138
1168
1822
1735
188
4474
3004
133
4220
3167
1386
892
1201
1283
5057
9
876
1120
854
419
1298
1737
3830
2823
799
1546
1139
2181
767
1271
2350
526
1032
851
816
1739
2972
1308
539
568
1135
3849
904
1288
4184
97
2352
124
1861
1812
2109
1555
520
2811
937
1360
439
3141
476
3129
2941
113
95
195
3173
1137
987
3467
1991
1099
1184
1896
533
1178
1096
1194
373
1117
277
3857
2552
2420
3773
475
990
5258
329
889
1181
3771
3754
3888
1177
247
1110
477
2462
1156
3334
50
2618
1372
941
46
894
1033
504
2656
2007
151
964
299
1362
487
2558
511
3393
861
2019
1028
3438
2584
3222
3889
2575
860
44
2291
2314
2642
2512
703
675
1438
2551
1106
5368
1931
1730
1854
2849
315
827
911
325
2059
420
1459
2571
1840
294
755
782
2724
4333
1409
1623
4506
942
1089
1676
928
1859
70
1630
2744
5304
1864
421
822
381
3848
1517
3472
1905
531
2679
3195
3730
4142
4072
193
1602
4252
3162
3923
99
3713
1119
2058
1052
1622
609
4869
2543
631
1624
416
427
5122
4475
223
1115
255
242
916
1846
383
2845
3501
3991
564
2594
2822
1136
1098
940
3126
980
2912
1918
1290
1866
2173
1520
3270
2549
3145
4030
1820
2733
2528
2904
1916
3395
3398
1898
508
2111
1187
4812
4183
3452
2535
1764
3748
2327
103
1845
2256
2358
2391
3190
395
1398
4902
761
2083
3690
1625
450
1406
5196
4254
1760
3896
1759
2632
2034
1208
241
1629
1558
386
2381
2429
5164
3216
509
1981
2950
1796
747
2979
1562
3036
178
3394
3623
1890
1960
268
600
668
852
1157
4950
1755
51
5107
2117
1649
2755
1221
3383
2747
1366
1628
666
2392
1819
2118
1100
240
2887
1537
166
2791
1726
1700
2129
2536
512
1314
610
532
3125
1151
4898
2627
32
551
2217
684
3475
3015
1897
803
2648
1675
1497
1153
3732
3978
5168
3496
295
5012
4388
4622
528
1934
2323
2475
1802
287
3535
2207
5398
676
806
1147
549
3510
1794
3920
3922
4400
2084
3601
1633
819
3540
3155
1104
3019
2593
2652
3255
3585
2299
3305
3353
3527
3751
4044
975
2339
977
1933
1942
2349
3093
2920
4836
4877
2921
4894
4216
214
3591
559
3796
4845
952
4288
2834
276
480
1352
2198
1426
2926
1287
4887
1161
1158
2342
2346
1887
812
2486
1919
3269
5333
1336
1169
3154
3583
5140
3342
2848
1538
4795
4343
3194
1722
3146
1564
274
4095
4956
944
1026
2140
1397
1029
2423
3283
152
5364
1269
1030
4959
1312
2784
2488
4750
2471
1264
1057
3679
1431
1077
1823
4721
2016
985
4152
2270
2576
1721
3723
2106
1394
2503
4213
2354
474
4808
2353
3840
3013
2318
4776
2900
996
800
596
2114
1496
2728
5233
4124
4188
4185
216
597
4345
3373
5161
673
1064
2772
488
1665
2764
3570
3683
102
3008
2271
1858
4117
4583
1217
992
4714
1456
4807
54
2032
2355
4728
2090
1938
802
804
4203
4647
229
3280
1770
3669
4082
845
4267
5292
2643
2924
525
233
4849
3563
4847
3502
3653
3534
3652
4848
4208
3536
3429
3428
4206
3977
5317
2310
4834
3282
4922
4479
612
507
481
3551
1593
1637
1986
3533
879
907
2274
1699
2637
4209
5321
4729
1772
4204
231
3069
5133
678
1647
1018
2246
644
5259
3738
1160
3957
3880
1544
3149
513
824
2387
3103
4497
3996
4971
2592
5175
2635
3249
3250
5177
4801
3251
4824
3954
4540
3113
4103
4862
4311
4863
4864
1963
5414
245
5416
4312
2768
3662
3522
2199
3115
3421
5279
5388
3038
1081
3221
5386
1162
2388
1163
3333
3272
741
4888
3985
2188
2804
4734
4755
4551
4563
5199
4735
4172
2468
3180
4483
4736
3181
4733
3984
2805
4173
3273
2386
4946
663
4226
132
661
4879
2623
1212
4122
4084
4227
2437
2612
1043
2385
4547
3705
1767
4948
2622
2842
2620
2782
3531
2540
3664
561
1300
1591
754
175
1959
4181
4182
1604
5222
3706
2935
2863
3721
1533
1532
4158
2982
3242
550
1799
5200
1320
5201
3908
3909
4649
2628
2779
4507
4822
3106
1317
5464
1970
617
3701
5194
258
1080
4083
548
4613
3907
778
1189
4592
2864
5151
5223
4180
1598
4427
877
1413
4348
1458
2810
2336
3904
3906
197
2800
1599
5087
3361
1357
3967
2777
3380
471
4242
1590
1369
1381
4624
1384
728
462
2743
3642
954
2393
3409
190
5079
3688
4218
5035
1313
3303
3307
3312
2878
524
649
147
1111
2872
4194
4420
1576
2868
2856
2854
1650
3874
3727
2844
3876
2836
2157
1448
4308
3808
4607
4988
4600
1183
759
4024
756
4854
4327
1423
1826
1825
4011
1093
4153
4006
2481
2006
3448
679
2308
1022
5110
3523
436
3528
4000
3040
2466
5266
1337
4631
3795
745
2434
4053
4054
702
3000
2645
246
2413
3199
4549
4365
2994
4538
4533
1768
4380
3156
2927
2483
1000
4874
1131
1132
3220
3164
3223
4329
4350
4442
3616
1915
1913
1684
1798
1910
2973
984
2191
982
1754
2195
567
4049
614
3778
3769
3865
618
1487
2977
5241
5401
4217
1728
5235
3459
4980
3087
3456
1019
4272
1005
866
2964
3859
2542
3516
1677
5124
3824
4482
5117
1903
968
3511
1173
3936
1670
2422
962
2703
3503
2906
2229
4917
2519
3122
1968
4921
3818
2203
4789
2723
2231
828
2587
2525
1997
2508
1888
3
3060
2722
5310
4788
2721
3882
4374
5461
4918
266
963
2120
1904
2520
2829
1436
1174
2526
3937
516
969
4378
1565
970
1936
1172
5497
2000
1484
2238
4595
2239
2240
2241
2243
3564
1013
4605
2248
3559
3558
3556
1003
4604
4593
1027
4591
3575
3574
2227
3573
3572
4579
4580
4582
2233
4585
2234
4587
4588
1031
2235
1002
2255
3554
2259
945
4664
3514
3513
2306
2307
935
934
4677
4678
3505
924
923
4682
4683
1474
1513
1509
1508
1506
1503
4175
4176
4177
4178
4179
1491
4190
1479
1477
1476
2947
1473
1516
1472
1521
4162
4128
4136
4137
1553
1551
4144
1545
1543
1542
1541
4147
1539
4148
4156
4157
1525
4161
1522
1471
4205
1462
1388
4287
1364
1355
1348
1347
1344
1343
1341
1340
4310
4314
3426
3445
863
2293
2292
4720
4717
878
880
4715
2282
3464
885
886
3444
3465
891
3469
3470
2273
4703
4702
4699
4695
4694
4692
909
910
4690
4709
912
850
848
792
4786
794
796
797
4782
4781
4779
4778
809
810
2328
821
3439
823
825
4761
4759
829
830
1666
833
5030
5043
2524
2523
2522
3204
4462
2518
2517
4463
3207
3660
4686
5029
4247
3212
4248
4249
522
4459
501
5047
4238
3188
3189
4469
3191
3192
3193
484
2537
486
5058
3500
3499
5055
2534
2533
2532
4467
2211
3655
4250
2024
2023
1838
3816
3815
3814
553
554
2487
3812
3811
3240
988
1090
1091
4485
5081
5080
1801
459
4487
4484
3170
3171
465
467
5072
3174
2223
3169
1087
4489
3858
2554
2020
3646
4493
5100
434
4492
3483
5097
438
5096
2548
441
4491
5093
3481
445
4255
4496
4256
1808
3228
1304
5014
5013
1302
530
5010
1305
5009
2265
1134
4445
1297
2865
3243
3244
540
4990
4353
544
545
4987
4354
4984
4983
3768
3263
3264
4968
3784
4967
3787
2426
1809
1262
1261
1260
1259
1256
1255
1251
1249
1248
2445
3799
3797
4337
5008
3788
3265
4369
3268
4927
3299
2360
615
2359
3300
4919
3744
1171
1170
3741
3740
2348
629
630
4928
2082
3431
5155
5156
3432
5159
3436
1698
1697
2562
2563
3437
5169
5170
1705
2567
4554
4555
995
994
2577
2578
2579
5185
4557
2581
2582
1683
1682
2568
1681
1706
3089
3635
3634
3633
3632
3114
3112
3875
4535
4536
4261
4260
5127
5128
1990
1307
5132
3102
5134
3101
3881
1311
3627
1416
3396
4815
4816
726
725
3392
717
4829
4830
4832
4833
707
706
4835
4838
4839
4842
4843
3366
3364
683
682
4860
677
4861
674
4865
3352
4872
3397
3400
737
738
3580
3579
2021
2022
4626
4627
3545
3544
2078
2079
2085
2086
2103
2104
4873
2110
2150
2152
2153
2154
2161
2813
654
4884
4885
4886
642
4895
4896
636
3320
3319
4905
3343
3317
4935
4936
592
591
4942
4943
584
4947
3278
3276
4953
3316
3274
4804
2165
3665
1929
1930
4559
4560
4561
4562
1935
1937
3641
1940
2169
966
3603
3596
3595
3590
3589
3582
3581
2162
4791
4792
742
1958
3666
1197
3963
3964
3966
256
253
5272
5273
3962
3973
3975
3976
2955
2954
2953
5283
2952
3974
3961
2975
5257
5226
300
1284
2998
2997
1285
2993
2992
5239
5240
1294
1592
5250
5251
3956
1589
5256
2616
302
5288
2619
3993
2931
3994
3995
5330
5336
5337
3992
2913
2665
5347
174
173
1068
5218
2670
3728
2668
2890
2891
1713
1712
4021
2897
2898
4027
169
1144
1145
4518
4519
1150
2640
2639
3094
2634
2633
3092
170
2630
2673
2675
2859
1733
2702
3142
5397
2698
3134
3735
3734
5385
2873
3121
2874
4403
4402
4036
4035
139
5376
5375
4500
4501
3731
3729
3733
2629
4115
5295
4064
4065
105
4067
5412
5413
100
4068
1620
1618
4074
4075
2706
90
4116
2708
5441
5440
2825
2718
1614
5435
3016
5434
5432
1615
2713
3052
2830
2831
5433
2824
3017
2940
3053
3049
3048
2625
3695
3868
3867
3696
2624
3884
1672
3885
1674
3704
1644
1276
1275
209
208
2762
5452
5453
2803
2802
53
1765
3918
1763
5466
5467
1065
2731
41
2732
2792
3913
3912
2815
5213
1641
3675
3051
3674
3002
3001
3183
3182
3983
3982
2819
2818
2817
2816
2790
1063
3919
5474
5312
21
5488
5489
5311
3931
1407
2780
2763
3938
5
36
1405
3932
3933
3934
4480
5495
5477
5476
5313
5314
1757
4100
