186
389
772
97
116
195
453
533
746
1076
136
392
40
411
415
366
735
846
2546
49
2531
52
1014
335
593
1632
669
316
362
328
1629
1635
664
79
359
672
1085
302
364
670
277
274
1610
291
315
343
1611
1620
286
299
347
1628
1080
472
471
459
2130
487
578
455
2333
131
109
139
599
1624
81
317
287
295
300
280
303
273
73
290
289
54
278
283
486
1633
1650
1603
319
293
281
683
341
279
1922
1618
1634
360
4572
326
337
587
333
90
306
275
4003
313
458
130
1880
837
1688
1889
1691
1711
2884
1682
1694
115
1885
1886
662
3146
1904
4004
1882
169
1663
1918
563
1601
57
1644
585
4066
671
1705
667
1717
770
4571
1653
1009
1646
430
270
1643
1696
4006
361
1693
1662
3385
1679
234
1900
588
1720
1713
120
2061
101
2141
1887
1246
507
1157
1892
1452
228
1008
1899
668
1890
582
1636
2973
1143
1906
1706
1145
2534
356
1675
1631
56
2781
1617
1602
199
866
1648
1609
2543
1676
357
76
4573
1002
1687
2000
1626
1916
1621
976
334
1896
1684
584
1013
666
209
31
1883
1921
1011
12
2577
1714
2536
1750
1654
1703
2875
1698
1649
1700
1884
1757
1699
1920
1666
1923
586
1012
1670
1751
1716
1877
1677
77
1917
32
1695
161
719
1689
1894
1615
1719
1690
1721
1640
1015
1072
1613
1160
355
363
1910
1637
1895
1661
214
144
1970
2782
216
1798
2
825
3328
1025
4678
70
308
2978
174
1979
155
1969
687
4005
1449
157
908
2456
1800
2618
1604
436
521
663
1901
607
1630
1707
1311
377
1799
729
4164
2327
424
1854
309
618
78
1652
1795
111
148
918
1036
380
4002
2576
304
556
2245
410
1641
1058
358
1781
301
1215
2252
2259
540
1607
2254
1627
1638
2502
2213
4679
5130
419
919
589
910
2216
519
2208
718
733
723
1083
1981
1140
617
282
1038
46
271
583
191
474
284
3917
531
5040
2292
1212
717
44
1878
276
1614
298
917
690
297
104
3918
1365
27
620
215
695
106
1310
294
2392
9
925
665
2677
175
162
1039
1972
3718
447
2654
267
404
1196
39
89
402
147
121
506
379
409
2853
1135
4158
1041
146
2200
1029
3523
1811
37
2270
2144
2052
288
1149
272
1655
285
296
96
2169
483
1209
1881
722
1162
91
725
1170
489
2135
1996
307
4061
105
2717
933
86
2236
2840
1440
1980
857
163
615
2273
399
2614
861
2530
700
1978
21
2234
1296
1514
1792
4352
2207
2242
853
2212
1794
2243
2544
203
60
734
975
28
1211
23
137
2942
172
1122
321
1330
403
608
1480
840
3214
3967
1110
1063
1131
484
2778
571
1421
1732
1533
622
3016
1549
387
762
929
1527
383
438
170
2364
10
1138
905
83
5
158
679
1292
965
1187
2408
269
202
233
3811
2331
631
1420
980
1600
153
677
3218
2603
167
1210
1473
1740
712
159
183
378
1221
534
2486
658
1272
1126
490
1129
603
2697
4743
3966
2330
4677
923
575
1580
129
1433
373
1141
3228
872
1286
619
4055
2757
2176
222
968
652
1331
1205
517
1112
217
516
757
208
1312
108
1309
616
882
3177
55
1746
2881
3960
227
87
1400
1931
848
2575
2612
2399
367
547
765
1846
466
1379
785
1026
3243
3112
450
580
102
2822
988
890
859
807
3522
2324
2422
1866
691
3891
417
85
543
1139
993
82
1788
253
421
518
4390
766
2499
956
809
1444
927
219
869
3425
3586
755
1313
1429
808
431
1490
520
741
613
3689
2683
952
2824
2049
951
934
59
2648
4827
2037
1067
261
1976
541
5123
4168
141
2746
2994
2428
2945
1786
145
3244
420
1136
1787
768
1983
909
1111
1114
2674
2237
864
935
1276
2765
981
368
4160
1084
3144
720
889
567
3909
1938
1760
1031
1584
628
1197
2738
730
119
1287
962
2250
4583
1082
508
2572
604
1016
1865
999
514
2113
2616
1167
2684
2467
499
324
595
2255
1137
1254
2276
3545
3132
1108
1791
3413
150
1218
2343
2116
123
2604
95
1192
4702
1096
626
2145
1191
3903
2749
210
523
3191
855
1806
4547
1189
226
630
1062
740
1128
4023
3481
3281
1642
35
3152
68
3478
132
810
2864
2046
565
71
4577
871
2271
692
713
124
152
2272
2265
1372
649
805
1032
69
742
945
2279
936
2380
1225
292
2651
2812
2266
678
856
928
156
2637
1
1990
2871
3910
930
698
739
2434
1762
803
5176
3930
1130
1328
5028
1340
4856
2465
2257
189
33
1023
2599
1219
4854
405
703
2596
406
1166
704
2897
2584
61
568
1071
2156
3193
2309
143
2442
160
212
66
1020
22
2315
171
2008
1764
916
2137
1425
188
4346
1164
1102
254
2821
3571
655
2758
2389
2740
93
463
4217
3647
2795
1259
784
711
251
2789
1470
597
2705
724
3361
1094
4047
1230
716
1261
3644
461
854
961
847
1206
4264
715
133
849
2413
2011
2256
192
971
268
949
3638
2770
1179
1840
1017
502
1037
983
2944
1280
4555
2387
1589
3887
921
240
2982
2253
398
771
135
2943
817
198
3245
798
559
1243
706
2415
564
710
1413
731
728
989
4308
3246
1572
851
705
1726
225
548
3494
3482
2555
3270
2475
708
1121
3587
2688
4669
1155
1985
2497
4996
1248
551
2588
426
62
1307
3512
701
707
2963
4778
2582
1053
2706
3941
3168
1838
4360
2895
1024
995
947
3628
977
3185
3126
972
562
58
2913
3855
1964
2134
4670
2752
2421
1249
3139
2440
3442
2649
3858
45
2249
3488
1204
5180
437
2078
820
2372
2739
3444
2187
1107
4107
760
3021
1475
3857
3536
1801
1303
2605
530
3251
736
1001
827
2991
4937
1540
997
777
4598
3268
3630
3622
5083
1492
950
4597
2005
2190
833
2160
5134
2179
3449
5153
681
1943
1033
3562
2989
1207
1146
3744
2941
1850
4260
2416
2524
2750
1435
2902
633
5082
4809
3650
4239
3192
4779
3260
1228
1043
3101
3509
960
3635
200
2986
2540
4730
1398
3625
4295
1396
4485
3847
510
4147
527
2196
4961
1853
1802
759
3668
1535
826
2430
1489
3552
1465
3827
884
3568
3248
3506
2967
1395
1040
3734
2776
2374
1848
1891
3794
4210
205
4156
2865
2435
1953
3237
3839
2520
5007
2548
1992
1277
3211
1777
1844
134
3786
2946
196
5099
764
1571
1028
743
841
2077
223
1831
1404
821
442
5039
88
767
650
1099
2587
3109
5129
2274
3167
4117
4922
1044
1405
1550
5077
1437
1494
2321
2044
4672
3624
3455
2082
3117
3626
248
639
815
696
1730
2043
5118
2541
4628
3203
3559
1048
1593
816
744
1399
4301
966
542
1411
3861
814
1125
2818
4222
4671
4019
2693
3570
181
2952
3745
3227
140
2036
246
4121
2393
94
1056
2347
501
959
4166
964
2783
958
3278
3276
3787
3836
494
3473
1871
2418
2050
1528
3209
3073
2724
1874
4684
495
3454
3860
4932
4656
1481
2138
1306
3344
92
3345
4139
943
942
3921
5043
2230
643
4032
2625
173
2140
2139
1035
2631
2275
3601
2131
875
2455
939
3546
2830
940
941
5110
384
5214
3920
4744
3803
3708
3915
2231
957
2974
1302
2170
2286
2041
4463
428
4745
3919
3709
4401
1408
2503
344
2489
1061
4375
3316
2448
3335
4400
1081
439
4846
4410
2344
2342
4411
1010
2310
4423
3441
3446
440
3451
4136
4969
2801
4304
1154
1295
2736
1325
1123
220
1120
1119
4142
1118
3199
2660
2643
2640
259
260
1355
2600
1090
2562
2662
3093
3460
4016
3693
1869
3485
3484
1596
1595
638
5146
4562
4563
4564
3501
3476
4465
751
753
3814
1195
1194
3667
1193
1939
4534
1940
4515
4517
4516
1597
3666
4514
4561
3483
1942
1190
4464
1594
640
752
3815
2280
2336
1776
786
2753
1293
3609
2754
444
3037
1436
416
1989
4939
4800
5061
5013
2290
2294
645
1240
2105
3672
4692
4693
50
4278
4113
4276
538
3017
4441
2056
4991
3006
4757
1086
3928
1622
4119
1245
5000
3645
2552
3927
5194
2756
3765
350
2395
4324
2785
4329
1807
16
747
1234
2620
1520
3173
1519
2958
3164
2244
468
3958
1297
4741
554
4402
2570
987
4753
3151
2581
177
525
1269
3131
190
1539
2802
2611
3125
488
3162
4805
2557
4726
2064
2357
931
3306
4133
3186
2351
5119
605
3459
3472
600
128
3314
5107
3743
2838
2549
3580
970
2848
3760
2794
207
4881
264
2676
5217
4108
2477
2658
2205
1833
830
3520
4610
3221
4095
4097
2641
2742
3830
2501
3492
4901
819
2623
812
5156
3382
3812
1054
370
371
3271
1612
676
2473
3297
2960
891
1512
1536
907
4666
2719
2268
2710
4235
2760
1947
4638
3998
865
1575
1856
1431
2411
3885
480
4269
2893
3123
1765
1727
4481
1078
1178
1103
1229
3727
2109
4044
3357
434
4844
3550
3059
801
4263
1517
1780
4575
4203
2877
1172
2362
5212
4544
1091
4530
1783
782
3762
5206
4519
4582
4
2363
4144
2970
1171
1244
4992
320
3551
2876
2744
2878
1784
1516
2610
1441
1439
1438
3965
1416
1407
1397
2793
1389
1382
1381
4001
1373
4007
4008
4011
4012
1442
4013
3943
1448
3878
3879
3884
1509
3890
3892
1491
1488
1487
3907
3908
3922
3923
3926
1463
1462
3934
1447
3877
1356
1345
4103
4104
1253
1252
1250
1247
1242
1241
1238
4501
2284
3554
644
646
647
2278
3169
3170
3174
3175
657
4622
659
3180
3182
2263
2262
3183
1858
1859
673
674
1861
4092
637
636
635
4661
4659
4082
4657
611
612
4083
4087
1267
2297
1266
1862
2295
624
625
3556
3158
3159
3160
3555
2287
632
4091
634
2149
4442
838
839
2099
3300
3301
3302
4430
3307
3308
4422
4421
3312
4418
4417
3315
868
2079
870
2076
3319
3320
3321
3322
2068
3293
2067
835
3292
3252
3253
4493
4492
780
4489
3261
790
3262
3263
3265
797
806
4467
4466
3277
3279
4461
4460
4458
2112
823
476
3579
3578
2314
2313
2312
546
1771
3081
4078
2308
4712
1235
4710
1233
1773
1774
3575
560
3082
539
4077
3072
2345
3051
3052
4059
3591
3590
4746
1755
3589
3588
1759
1761
3066
3067
3068
2325
2323
4729
4728
3092
1779
4699
4698
1184
2247
4125
4126
1813
1177
3818
3027
3028
3029
3605
3604
3602
3597
3606
3596
1223
505
1220
1216
3050
1214
1744
1224
4773
3608
4775
1709
2361
2360
3009
3010
3621
2356
2355
4792
4791
4786
4785
3616
4783
478
479
3610
1203
3623
1199
1176
1133
1132
3136
3137
4165
1124
4169
1809
4170
4174
4816
2977
4050
3636
4384
4815
446
2976
2990
3003
3004
1173
4123
3566
1148
2999
1147
2975
427
2383
412
413
2378
2377
3642
3641
2971
2373
422
423
4048
2371
2370
2972
2384
4154
4157
1101
1100
4186
4191
3508
1089
4185
3502
2198
3498
4205
2195
2194
2193
2199
2682
2432
2433
2886
1599
1598
3412
4532
312
4531
3841
4529
4319
4325
4934
4326
4526
2450
3705
1585
3706
3707
4330
4521
2861
4933
2462
1606
3686
354
1625
352
3421
4314
3420
3225
3674
3226
3676
3677
709
3678
3681
2901
2900
3682
2898
3229
4908
4909
4910
3230
3854
2950
4848
4849
2948
2947
4857
4858
4859
2940
2935
396
4868
372
2934
369
2932
2931
365
1639
2918
2917
3665
4869
2904
397
2955
4216
4214
1049
1050
1059
1060
3532
3533
3534
1064
2951
1065
3535
1070
1073
1074
4180
4179
4178
4176
1659
1658
1066
2402
4040
3863
1522
1521
5005
4569
4568
2808
4567
1523
5010
4566
4372
2481
2482
2483
5017
2484
5011
2485
1524
2470
4985
3732
3733
4371
1530
3735
3736
236
4570
2817
2816
1525
241
2469
4998
4999
1526
2490
2491
2492
2055
5053
3380
180
179
178
3379
2516
5056
3377
2523
2800
3775
2508
2507
3774
3374
3772
3771
2763
3375
1879
4589
4590
2772
2773
4592
4593
2183
2182
4396
5038
3755
3754
4395
953
2786
3778
2513
5068
5069
3808
3807
4557
125
126
4558
4559
979
978
2532
4272
2529
2787
4273
5087
5086
3445
3788
3365
3366
154
5075
2634
2722
2723
4293
4294
5074
5073
924
4979
922
3400
2168
2167
2165
3465
1569
3464
3399
904
4446
2713
2004
2006
1301
1300
5136
5135
3330
4447
3331
3333
4258
4259
5124
5117
5116
2712
3332
903
2792
4039
4682
4683
2827
4349
1534
4348
4976
4681
2832
4977
3121
4232
4504
4505
63
2573
3866
4233
5164
5165
67
5166
4508
5169
53
2578
2579
2665
2664
4354
4507
1927
1926
5155
4963
4964
4970
4971
750
749
893
892
1547
2847
1546
886
3851
3852
885
75
74
2567
5154
4355
2585
65
3873
5199
5215
2608
996
2639
4230
5183
5184
30
4696
1018
11
2797
2798
2621
4697
3433
3432
2630
