135
549
548
1176
1295
2969
600
666
207
489
81
420
121
68
511
360
107
303
326
388
308
310
373
332
398
338
416
361
341
307
300
301
346
4069
311
807
778
439
296
687
438
1674
325
362
327
313
317
297
299
342
323
309
208
476
512
561
1407
158
115
681
481
184
583
764
86
337
357
331
295
305
106
378
322
397
1727
319
777
423
109
318
506
314
316
403
1686
4609
358
779
343
330
452
450
339
348
324
306
1705
414
345
112
2579
413
302
690
1186
478
722
143
2091
83
154
367
359
1
127
320
161
1687
691
1706
429
177
1696
982
110
846
1526
395
132
2264
417
1707
427
780
3817
660
191
385
124
1676
350
2237
1271
428
1693
386
441
379
64
2581
298
1069
396
96
188
23
312
304
344
333
399
0
1683
1028
294
1006
347
953
335
1726
2193
1694
775
683
1713
352
2309
183
1269
355
2854
9
739
536
156
3147
1709
1678
1717
315
692
84
702
535
1273
1023
1270
870
2996
607
376
1724
73
1602
532
1695
808
1675
328
2724
1433
118
52
18
1024
736
2274
613
633
426
1219
1240
288
804
1228
202
108
1703
737
178
276
875
531
803
4071
21
2815
1896
1105
958
533
2342
2603
401
735
2705
460
471
597
876
1103
321
85
790
152
1104
431
1123
1649
494
1673
77
1182
2604
1821
369
630
741
734
640
636
1000
17
628
185
422
140
186
2109
2395
901
286
463
1220
1266
2340
1106
880
877
805
3831
365
2335
479
259
227
148
229
256
1212
820
738
697
1107
510
1068
774
146
1262
149
1714
941
447
2014
329
262
1217
2308
802
631
1824
1197
2099
113
114
461
946
2186
4351
1087
1206
380
4
2213
1099
740
1260
2369
793
632
235
1063
1566
1287
1149
1258
1739
1135
180
3993
745
1109
3153
932
1265
1666
516
136
4715
1116
810
4038
1124
287
944
2660
2330
653
831
579
155
2567
525
446
2900
3148
24
809
1820
936
1211
688
75
2281
3215
233
1115
4029
3295
1885
794
1038
1195
1804
1300
1194
1432
604
1964
291
459
2745
3006
257
101
1034
1164
134
2323
2479
4421
4387
1431
781
2620
54
2318
990
538
987
410
189
3241
951
1322
1299
1289
42
194
1268
1079
175
3998
1534
3239
272
679
598
703
619
4667
772
174
119
4094
1581
1905
651
224
1781
984
1039
594
2817
182
1242
1599
569
3508
1856
1387
817
704
377
838
881
796
2426
1404
2692
145
488
602
2339
1573
2793
293
542
4752
1565
1162
150
1113
172
672
1280
2525
751
933
2500
3375
280
1658
2043
701
165
1398
2092
3837
903
2746
975
800
56
2809
1032
4214
776
245
2002
1540
2427
2038
910
1010
864
645
1125
71
1537
806
153
1495
129
3489
1225
974
669
3828
1872
475
3327
2457
1628
142
465
2613
3069
3719
1837
766
1486
1222
2434
1720
1402
3012
2719
137
926
26
1030
340
1409
743
2617
1776
1059
196
2602
3549
611
1232
2609
834
714
4088
162
1553
852
2223
1521
1315
811
668
336
221
853
1216
3233
1416
169
1591
912
1213
682
200
937
1037
4697
546
270
2616
5075
1323
1891
126
219
90
509
2165
2844
1390
1343
2087
3342
970
3202
2907
2462
1866
1073
1641
3842
825
581
2496
2142
2214
3182
2583
858
1571
925
199
157
2258
2197
599
1050
2521
448
2088
2752
1465
3392
674
2905
560
1474
592
1008
1489
967
1012
695
2132
1029
4774
3068
499
896
2442
1152
2820
1185
260
956
95
128
3784
3170
2864
792
3050
966
87
4556
1317
3224
1031
520
7
507
1048
3706
576
963
797
1589
277
267
232
1725
1226
3548
1233
2302
179
828
2992
2784
3054
2509
1782
2063
3316
61
1846
1316
1499
3599
1395
3496
1049
2192
1919
1129
1368
4937
4969
1051
763
568
3008
76
3635
3562
13
434
2649
181
1250
1122
2469
2814
2972
356
500
151
3888
555
1231
1745
1121
4202
515
3053
1512
66
879
813
1529
1503
1100
1595
1214
419
3105
712
2993
3640
1321
1227
748
629
716
46
2031
976
1193
1548
2215
1045
2190
860
1058
3488
1588
2216
733
609
2354
3464
92
2964
557
454
2495
3757
2341
1312
1117
3718
2204
453
1119
1060
634
91
2652
1088
4203
960
715
835
2484
2654
3413
1410
656
2483
223
997
2899
1004
2690
2747
3109
885
4365
370
48
1505
2453
2020
2923
3733
1601
1071
237
100
1371
2512
2611
3047
3201
544
98
1120
4665
923
4425
2027
3383
2307
190
4073
4185
212
1633
866
2299
5128
2487
1067
1090
848
1215
2387
4112
3934
3732
1334
3529
4111
2438
1963
418
1156
2164
1464
2160
3505
3435
1042
258
125
723
1084
2226
1981
4735
996
1091
709
2716
727
826
3963
3866
3317
3162
862
123
673
728
45
1332
284
2580
334
4863
192
248
2300
120
1056
4191
1584
2227
1296
2730
2471
2301
366
1427
1329
5001
4209
3938
1379
3930
176
524
1272
246
1504
2060
2502
2001
3440
3502
230
1036
4072
1241
1497
2182
1596
3890
2371
756
3960
699
3696
122
1112
234
231
117
570
281
4205
523
2721
832
566
3793
4629
3703
3064
3010
3698
615
2447
2534
473
1551
3
1851
3220
1062
1778
3667
5002
1378
2333
3481
3066
3337
1157
2727
195
4494
3483
1263
3874
104
3297
3920
375
795
1319
1180
1353
4147
1690
2511
1181
502
3690
3117
574
4628
3932
2712
5153
244
961
2662
1777
3933
2984
3547
1913
2157
3089
1192
2633
198
4926
841
1611
74
4122
4868
4603
2707
1904
3384
3080
2980
2491
1339
3593
833
2420
784
4171
744
1484
1481
3051
210
3996
1651
1813
3801
2409
3688
3326
211
3118
3324
5105
469
2863
2000
671
4625
236
3101
878
2709
2870
1414
3098
1900
4537
2884
2243
3057
3067
3402
526
4182
34
1568
1536
1652
3543
3670
381
5116
3237
201
243
3336
2370
3902
1949
648
3319
3404
2695
601
3463
2248
4086
2086
3334
3689
2348
1040
711
3697
3093
3251
573
503
1047
663
5150
283
2257
3941
1814
2835
1393
4881
514
3140
1143
3356
4598
3734
4451
1847
2065
2852
1971
2571
3989
1541
2384
4082
2638
147
801
3604
4617
2879
2191
2934
1138
1799
2378
2786
2849
2072
618
902
2230
4593
3578
2247
1054
2713
2688
2329
2389
456
909
625
1057
4270
4028
2788
1358
729
4318
4695
4706
4312
1298
1811
2232
4315
2152
1257
3954
3770
501
2493
498
1889
3403
552
4709
102
394
69
2304
3729
3142
3268
2473
442
1646
3534
2627
5040
2283
4839
3926
2481
3444
2004
554
2097
1306
2682
1132
3247
4803
2422
1805
3171
5052
2540
888
2833
1662
2539
1381
3181
1382
4159
279
822
4944
2268
2032
814
4660
1884
5021
2544
2545
2546
4079
3204
3799
4479
2363
891
4158
1383
2538
2383
3892
559
1221
1577
3901
4578
3900
2486
2485
2492
3585
769
3129
2106
2105
2158
2482
539
354
1078
519
1858
4240
253
1498
1775
4726
2816
1845
2973
2902
2480
5233
3388
2452
2169
2826
3407
1539
4424
2822
2821
2842
4326
3650
2986
3916
1764
131
3076
3480
173
3598
5084
5083
4190
1372
5136
4325
3658
4473
2739
954
2737
44
4773
2686
2685
3816
4734
4733
3647
4732
906
4524
5145
5146
4213
4215
4472
4471
4558
1670
2775
1669
1702
1668
1598
1691
3983
3984
1681
3659
1667
907
2738
4731
2776
4470
955
4212
415
5144
2991
2990
2989
4144
2988
657
3091
1766
3712
5209
2100
4220
584
203
4743
1660
421
3978
3500
1630
5179
2459
1457
2428
3372
1035
1033
3545
205
1789
28
493
918
1807
2653
4993
2508
1843
1254
1252
1842
1834
2520
2530
1239
1827
3248
4885
2312
3648
1041
1253
747
732
4221
2524
4769
2275
4245
4744
4075
3174
187
2648
2646
721
3178
197
705
2630
3864
698
2621
693
1815
3205
3810
1833
644
643
2582
3762
3755
3243
759
239
3958
2669
4077
859
855
1531
133
1535
1538
4030
3114
1544
2728
827
4004
4554
3997
3135
798
2697
3985
3974
4576
1624
773
3159
927
3347
608
1420
2954
2953
596
595
4105
3077
2557
3611
4121
575
2130
4253
1361
4131
1903
1348
1350
915
1351
2873
3526
1914
5160
4246
2937
2433
921
93
4871
1344
2220
2830
2287
2770
1026
2022
4367
1988
251
4379
5004
1002
4997
3411
2987
1098
2046
4300
1237
2456
4799
474
1310
1118
468
466
3310
2805
2894
4149
2889
1276
4822
2407
4242
57
4834
53
4276
2878
4277
4796
2198
2184
2971
529
558
2225
2965
518
3360
2006
3351
4779
4781
3427
3429
496
3431
3433
1338
3532
2397
1305
2366
5201
3471
2081
3275
731
4014
993
3394
4350
2143
981
980
4358
3386
4360
2148
3382
3381
2153
4371
962
3396
3397
3398
3406
2103
3419
2108
3416
2112
2113
4320
3371
4321
2117
2118
1014
4330
4331
1009
4334
2116
957
2166
4382
924
4404
922
4405
4410
913
911
4403
2187
4416
2188
899
1399
2083
2084
947
943
942
3367
2079
939
3366
3365
3364
4388
931
930
938
4391
2078
4307
2036
3457
3456
2039
2040
2041
3425
2042
3449
3448
3447
3443
3442
4306
3455
4392
4393
4395
867
4453
3305
851
850
4463
868
4464
3299
4467
3298
2210
2211
4475
844
4000
4703
572
4702
4701
4016
3132
2368
3133
1797
4018
1796
4694
1356
2362
585
586
1355
588
589
1801
4023
3143
1150
1362
3128
2374
2392
3113
4729
4728
4727
4725
3653
3652
2386
3538
4720
4719
4718
3539
3540
1148
1367
1366
4177
3125
1795
1363
2375
3144
1802
1380
3968
3970
3971
1396
1389
1386
1401
3980
1377
1376
3987
3988
3991
3992
3981
3965
3961
1411
3931
3939
3940
3942
3943
1430
1425
3951
3952
3953
1421
1418
1417
1413
1412
3995
4001
4031
1328
1256
4097
4098
1251
1249
1248
1247
1246
1245
1244
1243
4100
4101
1236
2744
782
3257
3258
786
4509
789
3261
3262
3274
3276
3277
3253
3278
812
4485
4484
818
3285
3286
4478
4477
823
824
3288
3279
3252
3805
3249
3228
3229
3230
3231
4545
4544
4536
4535
752
753
754
755
757
760
761
3245
2173
765
4526
767
4525
4523
771
4520
3219
3221
3223
1524
3292
3293
3318
3320
3321
3322
3323
4437
4436
4434
4433
4430
3339
4427
4426
2026
892
725
3217
3216
719
4601
4600
2212
4592
4591
4590
3193
3194
3198
4582
893
4577
4573
4571
4570
4569
4568
3207
3208
3210
3211
717
4574
894
897
2003
4918
4887
1656
371
1655
4274
1173
1172
4893
4894
2455
1874
1875
1171
3693
4886
1647
1314
2463
2940
1170
1645
2467
4908
4909
349
4910
1169
1168
3486
3485
1313
2933
4681
3684
2421
1081
4264
405
4265
1283
2976
2975
1672
1671
3499
1865
3676
1290
3685
1291
1293
3460
3000
2999
2998
1975
3524
1209
1210
4084
1808
1809
4080
3520
4842
3001
4843
4845
4846
3642
3519
411
4068
1230
4262
1828
2960
2959
4875
383
4844
435
3002
3525
4793
4794
4795
4239
4797
4798
1189
1190
1697
3625
3528
4804
4805
3627
3628
3629
3016
3015
2350
1888
1768
3735
3736
268
4986
266
2859
2858
3737
1567
4990
4991
1562
2855
1561
1560
1559
3738
1557
252
261
1556
3052
2866
4957
4958
1277
1278
4771
3561
289
2872
4967
1569
4968
1572
4156
4157
4973
4974
2475
2867
2477
2478
2871
3739
249
3740
3748
3749
4758
1962
4916
4616
3679
3680
4923
4924
3479
3478
2416
1205
4930
2417
4606
4936
4605
2898
2897
4604
4942
655
4931
2891
1200
4623
1161
4109
1165
1166
1636
4876
4877
622
626
4622
4093
4092
4091
4090
1623
2932
1622
1620
1619
2924
1183
1160
4947
658
5015
5016
226
3871
1076
1077
2513
3081
1485
5059
2510
5057
5056
5055
5054
3781
3780
1075
3082
2505
2504
3083
3084
1491
1492
5043
3776
1083
1085
2802
2803
5035
2506
5034
3079
2294
4812
2555
2554
4196
1898
2756
1897
4195
141
1462
4194
2761
2764
2295
2541
2767
2533
2532
2772
4186
5008
240
2840
2845
2846
3717
3716
3715
3714
1550
3705
5009
3704
1153
4117
4118
1772
1133
1131
537
1767
534
4134
4135
1159
5012
5013
5014
3825
2736
2742
662
661
2527
2526
159
5077
2774
3765
3764
1841
1840
4045
4046
5033
5032
3743
213
214
215
216
3928
3063
3065
483
484
485
486
4755
4754
3058
3087
3096
3100
3898
1960
1946
1933
1758
3530
3095
3531
3044
3041
2706
2708
5127
5126
222
2271
2270
2263
3043
2262
2252
2251
2249
2246
3004
2239
3031
3040
2255
5139
1700
3581
3868
3876
3877
3878
3879
3927
3924
4219
4168
5196
4229
3885
4228
4226
4225
2655
2656
4142
4141
5178
5177
4140
4218
4217
4139
5169
5168
4208
72
4207
2677
78
79
2679
2680
3854
3853
4167
2639
3884
2637
3584
3915
3914
5220
5222
5223
3903
3918
2614
5227
5228
5
3904
5230
3586
5232
2615
3919
5211
5205
5204
3896
