51
483
293
334
167
199
821
395
128
254
3
279
206
28
2628
60
2504
53
14
443
105
275
2468
2477
2488
838
2474
2467
2484
2826
2702
56
703
354
2562
2527
2473
2469
772
333
2511
2597
20
2481
2509
798
2595
2472
2478
2615
2722
2475
2479
2540
2581
2471
2530
2499
2480
12
481
198
27
231
415
1436
342
280
518
2470
410
2144
2485
402
58
196
2885
2496
1725
2166
38
84
709
997
538
83
241
11
2506
2494
2495
2492
376
7
359
208
108
1456
32
2489
2491
717
898
726
611
243
2486
1055
2172
418
584
613
727
2456
720
61
2512
154
704
889
1579
503
352
348
1778
416
209
2007
1713
5
678
1281
2487
1143
326
2699
281
509
1741
1397
22
1228
113
122
2490
1507
223
363
346
137
80
2555
304
640
185
157
90
1279
149
1280
314
1276
31
1569
125
2500
129
101
25
1181
2206
2081
319
508
506
2498
1508
29
375
156
72
2620
1258
797
2493
9
724
1957
2887
1665
2156
478
1700
377
1785
984
121
2515
791
188
2513
872
201
442
382
859
507
2625
721
2231
1269
2575
430
634
2782
474
308
263
237
2760
2273
127
1024
358
952
204
2276
417
1320
240
2800
977
1735
432
438
1113
1953
531
2395
133
1707
1415
328
585
516
546
1074
1234
337
424
1875
2032
714
1053
76
648
4
1124
794
1749
1753
109
413
1697
1072
435
590
1687
2029
106
1499
317
723
1412
565
1955
180
460
995
900
1173
1025
2761
993
1310
2907
1650
2514
663
1535
1581
216
1723
2762
1133
307
949
1094
1564
2235
1948
893
10
1106
162
88
2840
1052
2666
820
867
407
1019
2293
1247
1720
1515
2133
411
2759
24
574
30
1997
1394
155
1703
467
1027
667
504
1666
331
860
1610
2610
1904
1593
2617
1483
665
1138
131
95
350
1145
1130
268
2801
846
2828
1586
1257
1064
691
998
597
1047
683
1338
151
444
329
1
78
1979
882
207
523
143
1773
2137
1576
1994
65
1152
2529
1061
2091
671
1588
2560
1374
1769
245
2621
1487
1790
2090
1974
265
2552
1590
2812
1022
2453
929
445
2391
1299
97
598
401
861
322
183
1795
1704
1017
1734
255
1191
230
1669
981
728
153
306
833
1500
425
580
2523
2532
224
1351
310
668
666
33
1710
945
1336
1237
689
730
1293
1212
1444
2365
731
2704
930
2368
2176
2753
905
316
398
1986
1504
111
1311
1992
1189
251
344
679
1471
2424
1158
2370
2149
2281
2400
1050
697
497
1935
370
762
1325
1355
2289
741
2220
751
642
1108
586
66
1878
793
380
1326
138
488
484
866
2100
1092
1596
1170
141
1424
1423
1233
1654
583
303
1638
973
649
1981
2773
276
271
2242
2241
272
2240
253
560
2263
1232
302
1637
1527
1225
104
103
2816
511
510
1891
948
979
699
1855
175
173
1930
1305
150
2851
2852
1302
1029
176
499
2258
2259
658
657
653
1792
1171
535
536
537
2859
734
1184
1764
291
290
1765
1598
735
1465
757
1468
756
393
221
219
1762
2115
733
218
2046
2045
2394
2044
755
732
2043
289
1763
754
1818
1822
126
1502
1821
1819
1820
1195
1908
1910
2116
96
1455
693
975
1451
2004
662
2897
970
805
1530
652
182
372
191
371
2053
837
594
916
36
914
1823
37
26
2291
1087
609
2381
1828
34
2292
23
915
2758
1793
969
978
2002
118
1312
842
614
465
2111
809
814
1288
2728
330
1926
1081
1032
327
1817
2708
77
2282
1114
573
2900
1166
69
300
2061
1809
617
1656
2483
1966
2135
1968
878
880
409
388
2382
172
737
1600
1292
1597
338
2926
921
1882
2359
2465
2849
490
2767
2763
236
759
768
2843
462
2094
140
1088
2839
763
145
1566
2125
1681
252
2139
347
341
1696
1149
2200
1621
2797
2694
1285
1987
1627
2153
225
213
203
2372
1204
1386
2421
1993
1431
1020
890
2879
1418
112
2164
378
2056
1059
2057
2058
1056
2059
2060
2324
2323
1334
1335
1829
2321
739
740
1341
1342
2320
742
356
355
2319
1346
744
2317
748
1352
901
2343
708
1317
1318
710
711
713
1048
2335
1046
719
1045
1308
722
1036
1806
1803
1802
2661
1801
1800
332
1797
1796
1794
1030
1037
323
1584
2363
2362
2360
682
2036
2039
2040
698
700
1782
676
1775
313
312
311
1014
1013
1767
1766
1358
1359
298
1774
675
674
1296
2586
2398
433
1185
2525
239
1399
1400
1402
232
1963
750
1905
476
1408
1409
1410
1411
477
1413
1414
955
2271
1186
965
2300
2298
2297
2296
1379
2295
924
1678
606
549
1956
1420
1421
931
1422
1673
1425
1426
1427
1428
1672
547
932
1888
934
554
603
604
940
1690
939
1887
937
936
1685
2261
2265
434
2556
2268
2269
177
178
2805
2804
912
913
1870
431
919
1663
2462
2458
1199
1200
1201
1202
2778
2777
2776
2089
2088
1210
2450
1907
1632
514
891
892
515
2819
2818
2815
2814
2119
169
170
2118
399
526
528
529
1068
1961
379
1213
1214
1216
1217
1383
1631
1220
1629
2239
2196
1168
1167
1155
1876
1148
1147
1877
2551
1136
1135
439
440
1119
1118
1105
1104
1103
1102
1916
1917
1919
480
485
486
487
494
1178
2260
2000
107
1248
1005
654
1006
650
1999
2857
115
116
869
119
120
2858
645
94
93
2011
638
1931
1932
1448
1447
1446
1445
2147
1224
1284
1363
2434
2077
2076
2430
843
2429
987
986
633
2854
632
1440
1441
75
1971
2161
2162
2904
2905
2406
2405
1439
2017
2853
2850
147
146
2925
592
1618
2377
2376
1607
1608
1609
2924
600
601
2920
2919
2917
2916
1367
248
2367
2366
249
967
968
2715
2714
2710
2709
1616
1617
591
2831
770
769
2386
2387
579
578
2942
2943
2830
1602
2847
2026
2838
1601
874
13
1477
2953
2954
1478
8
1493
2835
2834
2960
