181
28
544
457
595
112
1575
243
306
51
2412
354
2469
2691
2391
2440
2489
2402
2667
2401
2702
2409
2644
2479
2665
2507
2470
2475
2404
758
280
2394
290
130
2410
2433
2486
2389
2390
2715
2467
2730
2385
2487
2434
2582
2379
2424
2398
2670
2608
2461
2713
2453
2387
2474
2653
2406
439
65
20
1574
2464
1377
2709
2445
2506
91
2669
2393
2460
2383
2581
2432
2511
2508
2452
2407
2400
2395
2651
2405
2392
2417
2425
2419
2503
1376
2617
2403
36
68
510
2481
24
2381
2396
2397
431
2485
26
2408
1501
1396
18
2436
2399
190
630
70
1523
284
2525
2437
33
384
2455
235
58
2465
89
2790
827
79
1016
67
1743
292
458
1769
1774
1762
270
10
2466
531
2468
2488
35
265
1767
2494
611
689
1356
1781
1755
343
23
15
172
390
31
1093
2497
658
500
102
209
402
170
636
80
1361
488
323
407
22
385
1056
288
644
952
496
1759
1737
637
2784
2463
1970
302
615
2429
881
2426
3
555
2647
432
2457
83
72
222
535
994
5
704
819
191
16
622
2238
2504
1773
946
1378
1817
2447
380
379
304
666
632
50
598
1958
271
30
1175
56
285
1684
1241
1517
879
818
238
1910
427
675
1185
2416
88
1660
628
64
1834
2781
316
1186
2442
1966
143
1730
278
137
1075
596
877
682
34
313
63
716
1008
1
878
2778
1211
2420
173
2639
2415
498
283
142
718
546
461
2633
455
66
1734
315
416
713
76
725
1825
429
607
604
743
1050
1753
778
118
208
560
231
415
1813
2473
2492
601
2805
2905
450
86
492
1118
357
543
731
2423
757
985
408
119
2660
1355
755
442
667
1414
27
2484
308
1178
387
501
2430
2599
826
301
38
937
2476
2490
509
1785
633
1563
282
1305
1048
988
813
875
2177
2225
1859
1085
1751
2717
715
241
494
40
1877
317
1040
563
624
1926
309
2876
2118
409
505
1233
1538
32
915
545
1268
389
392
1078
2478
1561
149
1313
1036
1128
1037
2449
712
150
287
2733
2384
2734
547
386
300
393
943
2834
634
321
504
964
2208
1264
466
956
1039
891
1033
884
295
497
1265
168
2731
451
324
663
732
483
484
473
551
128
1511
880
668
579
1480
1123
857
1046
935
1607
1111
527
941
2482
1388
662
2716
2388
331
734
1395
129
552
452
882
2538
558
660
2146
1126
2889
2092
337
1120
2161
1134
1366
104
1489
1161
472
274
151
234
1784
184
398
1194
2646
1513
1148
328
2046
1442
1149
1021
711
2827
583
967
951
2386
2201
2030
1687
1675
741
1170
840
742
931
750
749
726
920
1042
1988
1064
2380
1471
1401
2300
1263
195
1398
2413
821
251
2438
1099
348
2893
318
2844
399
2569
474
273
351
700
559
374
1553
523
2159
1029
1681
2450
2451
2692
1089
1864
487
1277
1320
861
1625
2286
1599
727
485
2011
1068
538
232
903
2027
1142
575
1856
475
836
366
2205
1938
779
1573
1035
448
1634
534
635
2922
1071
60
25
99
21
520
479
447
2671
2179
2107
2672
2673
2106
1615
319
1184
1183
1182
481
482
2763
1353
2337
2153
110
1220
2871
109
2156
2154
745
1136
2317
853
665
1668
334
2110
2155
2152
1062
361
2233
2234
902
1146
962
1145
330
1060
938
52
396
2799
2798
397
1650
1636
49
53
1491
1474
1473
760
2087
376
2081
47
1647
1475
2080
1633
370
1672
1714
4
2196
373
2904
13
12
11
9
1310
1312
1308
1309
256
1723
1869
900
933
983
470
572
984
1829
2578
125
1873
1883
847
845
1156
1974
647
2038
811
1004
1297
180
92
2750
2754
435
433
411
1383
1106
78
382
2926
400
29
2163
1296
179
154
503
436
307
858
1005
413
1727
434
2936
116
59
360
96
2281
2126
1217
849
1198
1222
2288
1224
2557
1226
834
823
1051
1836
862
2676
286
991
81
2180
1131
1871
425
955
1532
258
1700
1704
2903
1708
250
2462
247
1179
1463
602
949
1467
1984
702
2839
375
2446
410
174
638
2374
1545
176
1940
2771
2132
710
1251
1630
145
533
294
2101
735
2112
2674
1077
1654
530
1831
2311
122
807
1124
2930
737
114
1683
303
156
381
2102
1076
1013
694
2114
2224
2249
2454
1928
569
570
1929
573
574
1202
580
1935
1936
1937
584
1939
1193
589
590
566
1208
2459
557
524
525
1236
1235
1234
1228
1227
464
2590
2023
1318
1818
1321
1322
746
747
748
1327
395
1329
1330
1333
2022
1334
1336
752
2612
383
1807
2277
1043
1346
1347
372
369
1351
2228
541
542
1177
1176
1174
1173
1919
549
1169
1168
1167
1162
1160
1158
550
1157
1918
1915
471
1865
2510
1221
1219
2502
1917
2498
508
1900
1380
1371
1372
293
2680
291
2681
1373
1374
1088
2066
2250
2247
2688
1133
1190
1726
1725
277
276
1189
1385
1386
2246
2251
1367
2495
1001
327
1562
1102
1103
1108
1109
1110
1112
1115
1116
1119
1135
1137
1138
1141
1143
1154
1155
467
1855
2535
449
1849
1848
444
1847
440
2422
1951
1095
2076
2075
1362
1978
1364
1695
2078
2079
1692
1979
1691
1688
739
1685
940
939
1061
240
239
1690
950
1980
1981
603
599
597
1841
1842
963
2218
1956
1073
1074
1083
1084
423
2575
1789
1248
1249
1250
1255
365
364
1256
1257
1260
1261
347
1957
1063
1962
1963
625
1011
1012
2005
2002
2236
592
2111
2327
1409
166
1408
1280
2232
1405
1404
1403
1281
1282
591
1399
2013
178
1284
182
2382
2322
2321
186
1627
1390
1389
2099
1998
2166
719
810
1631
2765
1632
2091
2090
194
1637
1638
1639
720
2756
1640
907
1648
1649
908
2742
2741
910
911
2737
2736
2755
722
723
2369
609
1569
2136
2829
121
2828
2220
2221
2825
2832
2824
2349
2348
1578
2129
2128
852
2809
2808
2135
2833
1568
2836
1554
1555
1438
1437
2851
2850
2331
2847
2846
830
107
108
837
825
838
1302
2176
2044
1306
2045
229
1301
1677
824
986
1995
1994
2866
2865
2148
2863
2304
2862
2860
2147
1451
1534
1533
803
2309
2318
1443
1444
1529
148
871
804
1448
2884
61
1449
1450
2319
872
2290
55
1524
2796
2883
1456
805
2310
855
856
46
1518
1656
1516
2316
2315
344
1655
45
43
2172
960
959
2371
2372
44
794
795
1711
1550
1549
341
2857
2858
340
339
338
336
335
2048
1459
1458
2198
2916
2915
2911
1272
2908
776
777
2295
2049
2050
2051
2907
1273
2294
8
2189
14
2190
7
1479
2928
17
2199
2929
2933
