765
849
72
467
33
761
829
127
1435
5
307
1432
1448
1433
835
764
1171
1439
762
824
1565
1445
192
298
737
763
1459
1497
75
14
190
1482
1452
1061
784
752
1449
1434
1610
159
98
1022
113
125
1469
474
40
685
1629
1456
1453
1442
196
25
1546
1592
370
312
111
446
672
397
114
96
1455
136
287
586
930
157
37
445
62
1473
265
195
1618
215
1114
333
269
60
102
91
252
254
595
201
15
219
61
1460
712
180
167
1480
1605
45
435
409
1437
1530
301
786
408
197
413
1085
1464
1093
1005
70
1075
1440
222
174
108
698
879
326
599
483
1733
1636
543
406
964
991
676
382
637
475
1051
1555
1463
796
1222
820
1443
541
969
583
790
1149
1454
1466
1438
1047
1491
542
339
1486
555
1318
854
495
256
357
700
1556
1617
291
841
561
242
607
959
1503
228
1740
278
310
598
224
726
1
100
1377
304
1531
1479
940
718
603
294
1762
564
315
26
821
1174
1105
584
530
171
1430
1098
237
1303
331
115
488
926
253
1179
393
55
553
280
303
627
628
36
464
1153
1288
1124
569
552
909
902
1115
104
1054
1297
1477
621
1079
463
419
1648
277
427
756
286
629
178
415
558
1162
44
633
965
28
976
528
986
989
1089
928
933
453
12
232
1662
391
88
1321
887
1099
681
9
6
908
1095
1101
365
1712
669
214
1315
66
653
624
1450
538
39
17
38
110
141
1446
1514
523
527
517
1104
515
692
874
1239
1527
1501
1152
384
614
613
612
1789
1791
746
875
1499
461
1341
1528
1335
330
1700
1415
655
329
545
1667
1666
97
1336
259
99
456
328
546
206
411
1507
1427
59
54
913
912
1483
249
1671
680
1693
1274
1730
64
149
150
3
1559
1407
434
1425
35
983
896
352
646
728
1668
1520
188
247
1160
1291
1225
449
1165
616
673
1125
1330
1228
460
694
537
392
1266
398
367
314
86
888
288
547
513
1416
877
1309
1650
306
667
205
509
845
22
11
949
358
360
848
165
341
803
172
162
754
711
168
666
1594
1504
1414
1411
1423
1409
526
1405
532
535
1410
511
1421
689
839
462
245
244
243
1271
1632
1633
465
1637
1638
1640
1641
678
1644
1645
283
317
1679
179
1678
1677
703
183
184
725
1441
766
1672
1286
1108
1285
1284
193
988
226
225
818
819
423
665
1132
1128
426
664
430
212
431
438
425
1656
1133
1583
1489
980
642
644
645
1661
1660
198
199
1658
1657
418
417
412
407
808
400
973
1685
1684
1084
1682
1681
1277
1276
1091
631
632
1488
802
801
1490
389
388
1246
709
1211
118
1212
1213
1214
124
588
873
1039
589
870
869
1155
1300
1154
1052
1298
300
882
574
109
1029
1030
112
1209
576
1150
580
581
871
441
440
439
106
105
951
759
1524
571
327
325
324
323
559
321
1014
1013
1752
94
93
320
1754
319
1385
1242
1243
1244
1493
164
610
1687
1688
1689
1690
609
597
380
596
273
1281
1447
74
1231
623
622
1333
1334
293
292
892
620
170
52
51
50
1183
1792
1793
1182
1586
954
707
708
41
42
281
282
1324
67
1759
1758
1757
1756
1001
1002
768
769
1372
20
21
772
904
1167
943
19
944
779
778
266
777
776
773
1237
18
905
918
914
911
