45
1575
155
1580
771
1578
1577
289
1584
415
25
591
752
834
356
769
1624
286
1642
1640
284
288
1589
1586
285
1725
184
1596
205
44
1610
299
84
1611
140
1013
282
287
1623
1041
283
203
201
800
86
170
965
519
82
47
1160
22
403
375
703
186
213
214
107
441
163
1020
131
239
1150
698
1432
159
762
1364
1588
506
460
55
1679
116
57
1528
27
974
422
1445
1873
467
1616
125
1457
559
68
323
1713
376
517
1547
1644
29
293
144
979
21
637
64
320
1319
1374
391
218
1615
258
617
894
491
1389
1671
571
15
5
123
731
207
1202
1186
1411
961
516
787
1673
410
357
51
759
543
803
575
43
196
1018
778
406
600
169
294
416
80
846
164
1009
1680
498
1132
88
1473
408
694
363
476
1839
1755
193
541
948
1518
891
1409
905
0
303
77
980
512
871
480
892
1023
1138
231
134
1201
10
971
976
1263
14
924
31
211
399
592
792
62
397
611
612
1175
455
597
17
1724
92
572
63
291
70
940
312
452
1190
829
348
607
1500
292
464
970
690
736
46
774
1267
1467
74
531
882
645
908
280
486
147
1786
73
765
530
1708
955
65
532
1019
1026
1027
1341
1103
1225
1224
1223
996
346
850
995
129
1259
1104
319
1102
1322
1093
588
1439
1065
1907
128
922
533
1702
1703
1704
978
1664
262
353
354
975
297
326
539
1419
933
935
1297
1383
964
1183
1184
1185
1182
252
1326
1688
737
739
1317
1316
1052
251
485
1174
1627
696
584
1420
484
1241
1299
535
1998
565
504
693
564
1433
866
53
1030
236
235
849
101
1900
228
534
648
1738
221
304
274
34
1036
1695
119
1437
1047
1048
126
652
1193
1570
646
1234
1428
1762
546
1165
1218
1007
1626
212
716
487
257
721
349
728
594
589
587
1947
488
317
838
97
91
1385
463
462
465
1387
1386
761
760
496
281
1414
1415
896
500
1505
889
275
1416
900
901
550
824
371
365
364
362
361
836
837
1332
1331
1346
1330
1739
1740
1743
345
344
847
341
1767
726
725
1251
909
1250
1249
1248
727
489
232
1246
1245
490
724
225
224
233
219
903
308
1405
472
477
478
1231
1424
1404
708
1607
1606
1605
1604
208
206
1425
928
1403
1401
741
330
1757
162
1440
1760
310
1761
1764
1765
173
687
175
688
1196
943
179
942
1197
786
939
121
386
1908
152
153
747
389
1171
1172
390
1771
1450
1176
1777
1778
1373
1783
1784
932
1785
115
127
1699
1698
640
132
133
641
644
578
1693
1692
1787
1788
1274
1273
1272
1271
263
1262
1507
113
1131
1706
1705
1350
1351
633
112
634
636
255
254
458
457
775
454
635
1810
1466
557
700
701
448
449
105
104
103
102
1568
1567
1392
606
1471
1472
1381
1950
602
601
598
1511
1551
1199
986
576
66
1510
1658
990
991
71
192
1399
869
56
997
54
414
1541
1987
1530
586
1879
324
582
581
798
797
1489
1490
50
1491
1492
42
41
40
325
39
1217
692
401
1043
1044
1045
2002
1046
536
537
404
405
35
36
37
38
1662
1394
1208
1209
1750
1751
1522
1654
1655
1647
1038
1037
1032
1031
1003
