1359
181
418
1459
183
1362
1
13
789
364
1356
185
216
116
973
62
98
221
404
88
184
1385
1366
1414
911
277
1394
435
1395
119
14
75
1397
1360
508
1349
127
671
1496
29
237
167
91
783
379
42
148
718
426
856
278
198
917
28
444
1398
657
12
599
80
528
302
376
4
1566
324
1007
196
102
1553
846
69
26
163
129
665
133
637
220
126
101
71
3
490
132
23
143
63
260
519
1152
58
55
66
212
17
195
524
825
307
951
287
139
1199
602
644
1391
160
317
124
918
424
210
419
9
103
579
899
851
611
442
44
1593
1402
109
610
488
510
534
1378
8
1383
706
543
94
518
438
434
638
485
693
309
213
494
533
486
521
410
214
670
437
1034
523
84
702
319
1451
1419
306
134
156
53
697
1125
499
316
512
598
373
896
21
1256
1246
615
1226
573
128
1263
1646
691
857
936
73
865
177
433
64
312
412
601
916
915
15
498
440
1614
388
683
114
649
784
777
48
50
1289
836
197
79
332
1597
1040
755
1049
446
589
445
1215
591
744
733
5
25
430
1111
311
301
480
482
1591
754
483
1548
1195
537
72
1549
481
1097
1453
548
239
768
767
1361
240
1358
1231
775
45
1283
1427
1428
653
233
1529
1498
581
1221
1222
1420
406
1148
224
582
423
1110
1029
1433
1474
1028
1027
225
1300
280
279
1330
742
650
647
135
415
1176
1021
429
962
1237
67
188
110
269
712
1022
270
173
514
112
956
341
111
773
174
271
1644
1023
1309
451
1521
175
172
169
1303
1543
484
1296
685
681
1516
1165
120
505
190
547
725
273
854
772
1390
1167
530
1085
736
622
56
662
1253
60
296
1093
1418
409
594
303
833
1145
330
699
677
947
786
19
428
1095
283
1437
96
933
234
242
1229
1154
504
826
515
106
704
575
703
1083
1270
1204
527
1206
1209
1210
1220
1227
1228
502
501
500
493
1241
1242
1244
1271
1312
1132
218
217
739
1472
1473
740
741
1134
1308
1307
208
207
1306
893
748
747
580
1487
401
1015
200
201
1314
1315
735
731
727
726
1128
1269
1506
1505
751
1500
1499
1150
1149
187
1144
1143
1328
1329
378
752
722
1429
1403
136
538
785
539
1552
416
1175
967
968
1539
414
675
776
130
1527
161
162
372
371
368
367
995
996
1119
1118
1117
1116
1115
1114
692
1604
1617
867
281
1523
1522
1520
1519
154
1514
1513
325
603
604
315
314
226
955
957
958
1162
1161
1413
1158
758
1157
1381
1037
1038
673
672
1041
1051
83
82
923
664
791
1196
1197
276
275
656
655
910
909
65
1450
427
946
625
905
904
1081
1080
1079
479
1185
806
1613
807
1170
895
894
1255
617
472
471
1248
1272
1273
295
294
293
292
291
290
289
288
230
842
764
763
762
761
931
932
1563
1562
1560
1559
938
939
229
652
651
1060
643
852
16
850
636
635
11
40
10
633
7
6
632
621
