72
46
48
64
14
235
1269
630
1463
187
18
151
15
32
636
2301
524
186
2233
631
2286
223
2287
2462
2295
2264
2247
2318
23
355
2475
691
122
733
344
198
2440
253
2236
2252
2373
70
2450
2241
2369
2366
2249
446
2305
2230
2313
2017
2508
2297
438
242
2261
2316
867
2321
2292
386
290
62
2229
2263
2312
2273
54
2346
257
2296
94
2283
2285
261
2242
2277
2238
2244
2360
2330
2468
2323
2294
2328
2298
58
2010
3
2560
194
120
429
1518
776
1027
1346
2237
458
274
262
170
304
83
263
2002
244
5
195
645
2317
2326
1524
2013
21
505
2721
427
2311
2309
165
1516
2325
376
471
548
268
539
1342
265
131
1973
1401
742
196
2331
119
167
535
421
960
546
1324
575
448
2361
528
56
85
764
59
299
739
1333
1154
1508
335
1142
542
514
2109
134
545
695
483
169
342
168
872
2290
1358
71
499
455
485
61
902
88
1912
828
2348
447
637
93
258
2416
544
37
1228
10
693
1805
494
389
432
291
68
394
80
969
874
936
1189
914
1345
465
2582
139
127
1337
731
31
1128
220
613
19
433
1615
133
34
97
478
63
354
20
75
773
373
898
937
2090
475
1204
601
69
1262
95
411
1454
2719
346
1301
319
435
1439
347
420
348
1447
67
453
17
328
192
495
279
1948
467
247
1442
443
1634
974
100
1147
1086
267
753
1364
1452
283
325
1575
294
887
250
226
457
1506
913
407
1818
641
897
101
1887
1787
2548
1737
184
369
2342
190
1700
802
323
2014
193
320
459
1501
2335
269
770
534
823
278
1140
537
1043
2056
639
330
2188
350
1656
1099
694
1351
1053
234
1153
832
272
270
115
260
771
1502
6
1523
678
1326
116
266
643
1988
174
377
155
140
786
510
188
481
2533
2324
2239
1329
2093
285
282
1226
706
1332
1256
1677
102
932
87
660
1933
886
905
388
2747
1327
111
964
464
1672
1500
331
107
831
129
836
1347
834
1000
1553
437
1444
863
2675
105
1640
1802
686
1126
50
1529
449
956
1178
2641
1922
1340
332
150
1002
962
895
1986
428
2089
1119
77
1774
1180
280
1794
39
714
1812
818
2634
2322
445
2173
1196
741
1049
1029
1085
1194
81
86
2088
2551
76
952
797
671
2448
65
1886
1414
1947
9
2336
1096
675
673
2556
1201
991
779
761
582
479
997
553
484
1828
1683
245
1007
2458
1353
1357
1522
1499
910
476
1431
2308
1040
1456
1449
1041
2378
1418
2281
1207
1177
909
1432
1173
2432
378
2708
1034
1033
1172
341
1464
372
1139
1282
2775
1398
919
1081
1160
1175
1232
1233
1314
775
1315
1355
264
1406
1558
1305
774
743
1561
361
99
98
2540
729
730
732
2640
2655
2672
2696
123
1982
1981
1980
1734
1735
1736
2728
2744
586
698
2745
531
1
1663
2
529
2446
2480
2553
2554
2555
2552
175
597
541
397
1517
91
1549
1421
1125
293
1192
866
1051
1643
1050
1419
289
295
1403
1465
221
113
1526
799
2610
109
106
104
2611
110
1729
2341
594
1876
996
1863
1279
513
2408
2411
1873
567
1220
2329
1210
1898
1906
1185
647
1181
237
57
1692
338
2614
1940
696
682
225
1826
162
357
1131
41
2452
2456
434
808
173
2643
677
2638
791
362
1056
200
424
703
2561
2619
36
680
710
931
382
844
2151
1990
1614
1611
980
490
1490
940
1164
246
363
1836
410
1168
1840
2223
953
2414
1176
296
1397
159
894
967
1319
2442
2625
2438
1557
1321
2627
2454
2626
1824
1320
2045
1322
2455
2437
2008
2009
893
1720
1275
1170
752
1869
1868
1097
1098
1867
1100
511
1864
1859
2357
1857
1847
489
488
519
474
466
463
1823
2395
1822
1146
2399
452
1817
450
746
1069
1070
1076
1082
1091
1092
1093
2388
1815
1814
1804
1800
1067
1161
2067
415
1773
406
405
404
403
2445
399
398
2447
396
814
2221
1676
1260
1261
2220
2219
1673
1266
1267
1671
1964
1967
2210
2209
2208
651
652
1678
2222
1681
1682
1237
1955
2527
2529
2530
2071
219
218
392
1891
662
663
391
1890
207
900
203
1309
1310
899
800
1993
1294
1008
928
927
1647
240
239
380
1635
381
1459
876
182
183
1995
879
880
1879
1880
884
2622
2621
885
1006
875
1005
522
526
1972
1971
360
359
1732
629
1728
1727
229
615
1572
1573
2000
2639
2175
2176
871
619
618
616
1064
614
608
607
603
602
232
233
1248
2226
2227
1243
1242
592
591
1570
1202
813
679
114
374
816
2144
2520
812
2519
2517
958
1941
125
126
1942
128
2518
2022
2023
2697
1368
1367
2033
1365
1363
1362
712
1687
1688
2499
312
321
1714
336
340
1724
1725
343
1058
1057
1042
1039
1038
982
981
978
2511
977
2523
2538
1513
1514
132
2163
934
2038
2039
2542
2725
2726
1474
2730
2731
2732
930
1538
768
929
66
2737
2738
2046
2047
60
2120
935
51
2531
1492
2660
1923
1199
1440
1905
2652
2699
2062
2061
1191
1450
2248
1453
1457
1200
558
1567
1566
854
853
2653
851
1555
850
849
848
153
152
29
30
1910
2771
2772
725
724
1911
722
721
719
2085
720
1394
1393
804
2100
2101
7
