1234
28
230
589
592
391
436
389
141
476
192
546
487
385
413
1500
322
91
1488
1366
660
2254
95
139
2233
338
63
1235
101
2236
2225
2448
2253
2252
2234
2240
2229
2249
2260
2349
2220
2467
2259
2262
2226
2283
2294
2301
2217
2238
2282
2318
2223
2270
1236
184
368
2224
107
2237
2232
1140
2221
2241
2222
2235
2328
992
2230
2438
2263
2274
2297
2296
2256
2242
2275
2261
2446
109
2408
2358
2227
2278
2257
612
2216
35
1233
388
2268
1797
67
2228
37
290
2295
903
2231
410
2258
39
2619
2299
564
2287
51
390
90
1570
513
99
713
209
2239
804
850
2266
722
810
324
1124
616
1221
2245
827
426
399
726
2284
171
384
130
688
1996
2437
715
379
1494
333
1429
2581
681
123
1302
73
148
246
41
1237
1907
382
2255
23
829
497
361
159
49
2298
1145
198
1746
406
1389
666
149
1557
112
299
1339
1658
2648
2557
508
131
407
57
888
2518
524
331
976
498
1347
772
2580
133
2582
771
548
961
1911
340
2578
429
15
395
103
694
83
2250
898
371
104
315
586
265
66
851
84
1914
2247
1252
2086
419
1338
1987
2554
526
861
636
196
2286
499
634
447
899
956
2215
2521
2443
120
830
2056
614
220
423
36
611
529
45
124
902
504
2219
2277
1330
2265
135
317
465
1209
256
2312
9
7
527
2539
266
764
1828
1900
353
355
2530
535
483
2426
1350
558
2733
2288
2366
773
2119
2382
2389
1042
374
146
31
1152
1433
116
1832
641
1802
200
1046
574
1153
991
2351
2269
761
1944
609
2280
2402
2441
671
2218
2478
2344
2439
2281
2480
271
218
475
1079
5
858
2092
1335
629
348
1075
1187
569
270
2244
881
2331
2300
2304
549
2303
2392
779
336
2003
1135
1919
8
1972
56
72
537
151
906
540
1623
784
1532
136
521
74
1493
430
2393
792
210
909
595
724
1356
1816
481
725
314
1850
44
765
936
316
1852
2606
2320
646
405
708
610
1304
2208
1123
721
649
593
342
1739
1207
418
553
552
132
0
613
1818
1117
1782
493
1065
1173
711
615
532
940
354
1441
1289
1200
1202
29
648
1462
1745
292
412
215
1164
2482
1266
2095
1217
560
664
11
1414
707
222
93
2515
1495
1334
1710
415
409
490
2248
1467
1251
897
1808
357
356
702
703
1277
1993
1999
704
1994
1995
21
2045
1898
1516
1844
1806
1791
1536
1464
896
127
1792
823
1253
2352
427
396
890
2534
1242
257
1241
264
1542
2039
2069
1378
2068
1695
2066
1535
1786
852
1243
281
1214
1518
1756
1755
1952
1953
2517
1320
1653
1156
608
607
605
604
1659
1318
241
1584
1848
234
1760
1580
1654
809
197
1269
2193
1268
802
1670
606
803
603
814
834
366
1446
1053
1787
812
811
1142
435
432
1052
1144
294
1635
1150
1738
1771
1770
1151
339
714
362
2525
836
33
598
505
152
544
470
1669
1239
1671
156
150
1057
1238
1672
157
788
2005
1908
2720
661
2323
1119
2158
2171
1909
720
697
563
567
1981
1921
1503
2568
417
1170
1352
420
2251
349
1199
519
1265
1422
240
1012
1358
2029
2548
55
1294
2018
204
2016
884
1341
1839
1078
38
313
43
986
1567
47
2532
318
669
2476
1681
1929
1382
1114
1072
1661
678
975
2101
800
1182
854
1315
844
2062
821
2279
1048
577
1045
24
168
1041
1037
657
284
1364
2012
289
1192
1552
1275
1279
2387
2422
183
1986
2391
1040
1434
166
1551
1047
1259
79
2696
2722
743
511
1814
1815
1092
517
522
1083
1082
1824
1825
1827
1077
518
510
1813
1812
1120
482
484
1116
2307
1800
1149
327
1682
325
1223
1224
1225
1226
2147
955
672
1677
1684
1676
675
951
950
308
2139
2138
304
682
683
1663
685
1675
686
1460
1063
1805
495
1068
1069
2302
1781
466
1102
1769
1768
2332
1062
1107
1108
1766
1765
438
1754
2353
428
425
424
2359
1130
2372
572
2688
1449
2489
1625
1917
1622
2495
2496
1621
1619
1617
1920
2503
2504
1248
259
1249
1250
2135
2488
1627
2483
655
627
628
1895
235
1934
223
668
2535
1935
2537
408
1939
1273
1274
1945
2551
2552
1838
1948
2126
226
227
228
394
652
653
536
1851
981
892
1959
1303
2597
2596
1960
2440
1540
1541
582
1297
164
165
1296
154
2588
1543
1544
2187
1546
1547
584
585
2186
2185
2577
2576
335
2604
1305
2189
1526
1527
824
1529
2605
2213
1530
2602
1306
2601
1295
826
1533
2106
832
833
377
985
984
1950
2599
2615
2616
2617
372
2574
2573
2571
2570
2562
856
857
864
865
2164
2165
2166
2167
866
2176
2177
2531
566
565
2204
2206
1258
2207
624
2131
105
701
2423
2421
2420
2412
2037
1060
1059
364
365
2424
1058
1050
1022
1021
1020
1019
1016
1015
972
971
1051
1692
1690
1688
1486
1308
965
1975
2000
789
2002
1456
813
1454
1146
2094
2093
1976
1147
1973
908
2678
2679
2680
2681
907
966
778
1863
1974
963
762
1977
692
2022
728
727
716
2040
2041
2042
2051
2052
699
698
2021
1385
2072
2073
647
645
633
632
2210
2211
111
108
106
691
1990
1424
26
27
1348
1419
1420
1427
1656
1655
1398
1491
1484
1483
1482
2630
2631
1481
97
98
1490
1397
933
1381
1387
1386
1360
1380
1176
1174
