70
32
64
153
2221
84
46
292
149
15
652
188
401
99
173
118
510
2568
2620
2469
2502
2548
2450
2507
2541
2481
2479
2726
2463
357
2499
1829
2433
2706
1096
2533
2725
2501
2412
2471
2504
2492
2505
2527
2683
2523
2437
2448
2714
2457
2427
2414
2549
2468
2473
2478
2550
2467
540
867
3
2537
269
1779
2646
2428
2465
1257
471
496
190
2432
1517
2585
2544
2562
2647
2628
2506
2539
2525
2418
2509
2445
2666
2482
2697
2426
2542
10
2534
2458
2417
2521
459
651
2536
19
650
257
1528
1133
1637
423
2480
728
2690
2513
2453
2438
1386
1504
43
2656
145
865
2466
1622
655
8
2441
254
193
597
995
1149
1655
132
2788
158
299
327
335
141
177
773
333
1138
405
834
920
110
267
183
2430
301
255
376
12
259
294
1598
24
406
654
323
13
22
2675
239
2617
331
552
1485
162
701
548
440
108
878
2535
2021
216
9
122
302
1550
415
882
20
874
146
931
2407
490
753
457
1027
113
129
226
4
1144
7
703
2886
1604
648
627
824
85
1103
444
315
136
334
87
159
2435
16
574
66
233
412
481
262
469
151
26
38
711
817
2766
581
1184
340
128
297
1353
307
2705
143
2338
137
1366
754
855
768
1273
608
1033
554
1379
942
2674
317
1890
550
2500
2820
1143
2145
2899
2421
2449
657
94
89
72
1282
176
414
339
723
2152
2446
203
2737
521
800
560
1441
21
2728
1852
764
477
765
1310
206
33
2278
1212
2282
868
156
691
272
266
539
23
1301
356
1375
2496
547
572
2493
1419
2870
180
1498
397
564
130
258
1224
1124
56
147
275
1285
1588
2558
165
98
191
436
556
2488
609
2522
2456
638
543
157
2747
1291
1186
2530
2241
1337
303
1664
2452
2025
34
316
314
663
759
1542
207
243
231
812
1052
2669
2555
2475
39
1824
2556
712
1799
1188
1590
2103
2554
2238
2557
763
559
1270
1537
2355
2305
1262
432
2151
342
250
382
2110
1409
399
353
2474
345
2490
336
1593
816
398
194
766
2459
1054
350
742
104
1114
121
296
774
265
114
1121
1227
2622
2510
781
2569
994
1875
1434
441
442
2367
341
2518
1306
715
2514
95
1164
2163
212
2545
731
2045
2354
2489
313
41
2710
2209
1696
2036
460
1266
458
783
1584
1081
2563
907
505
224
1111
1428
1252
2311
1651
2702
2462
2265
553
394
780
236
371
1554
1104
910
1699
264
1287
714
228
785
2373
823
263
475
227
171
2150
1429
2948
912
494
468
846
2980
1177
508
853
424
849
347
1750
2129
152
618
740
1368
150
2066
2235
937
793
796
473
2222
1987
939
1691
2192
0
2297
2050
2511
1393
486
1876
1801
125
1065
1392
416
1802
1376
1023
708
192
501
1935
470
2802
60
585
474
2058
2059
462
74
1847
644
873
310
493
887
607
2154
1906
14
1013
792
2075
1974
2423
1497
1308
2074
2422
1653
1020
1560
1019
1687
464
466
2363
2362
2027
2026
1194
2369
844
465
467
1277
2211
285
390
2498
410
321
1329
890
902
1369
1127
933
954
957
2296
2924
1008
1902
2951
1851
1602
599
598
596
915
1240
1899
1268
1406
1904
2952
2231
1300
1407
1403
1426
452
1269
453
2953
2852
160
1278
2851
1241
1900
2357
2033
184
181
1458
2195
2194
1453
1452
1448
1447
174
63
101
2031
1410
1192
519
1387
524
1383
2159
2880
561
2000
2002
575
280
2671
1028
1856
1336
2672
116
1652
2055
811
2673
1659
1442
1335
276
2118
2078
102
1196
2088
692
105
2116
687
1235
107
1245
1248
676
673
2470
1689
2126
202
2131
1966
828
613
616
1738
2264
1332
1961
215
820
80
2307
809
2247
1414
1465
2928
1950
2472
2793
2276
456
427
835
2731
2942
1525
1051
384
179
662
856
1913
2226
51
393
756
329
1501
889
1620
1026
2865
402
1578
1984
134
131
2317
1988
1395
746
420
601
1009
838
840
847
851
736
485
1321
509
2052
1356
1513
919
2051
185
2345
2180
1547
515
2346
845
2179
2347
1523
186
234
1893
2321
735
1401
2068
732
733
1850
1849
379
378
2071
2072
1345
1346
2073
738
1349
1350
739
2668
1062
2670
363
743
361
2076
2343
2342
2341
1361
352
1991
1391
623
2724
2434
1210
1396
1397
2531
1990
2093
290
289
1209
2436
286
2735
2736
2528
282
1207
1122
1123
1408
1390
2308
1792
1796
1808
2937
1183
892
690
1825
1040
698
1039
2361
1814
1813
2360
1038
1037
704
705
326
324
1034
2700
1032
318
713
717
1364
689
309
348
1828
789
894
891
2175
2176
2177
2188
2189
2190
869
2198
2199
2205
2207
2208
2213
2224
2225
2230
826
2237
819
818
2249
2250
806
805
2257
795
426
661
2381
665
666
668
669
675
1761
1760
1758
1756
998
1370
1371
1372
1746
996
2748
2749
660
993
2382
2386
1283
1284
2018
2023
1049
1962
1871
1102
2109
2108
2107
1681
946
2106
2816
1101
1219
2813
2812
1220
195
2101
2327
2618
1862
2794
213
960
2796
1872
2797
1695
408
2329
1200
1431
2123
2844
161
533
534
1425
1424
1661
537
538
392
2847
928
2114
2113
2828
2827
2826
391
1671
1672
389
935
936
388
929
2848
2774
238
1723
1724
244
1730
1731
2757
251
252
2756
2755
1733
1734
237
1735
1737
260
2398
2399
2403
2404
1312
614
2411
1303
603
2030
2419
1707
2148
1197
1440
1439
1198
1437
1436
1444
2143
2879
2878
2877
2875
2874
2301
2302
2142
2303
1445
2291
82
83
1932
1933
2907
2906
1455
1195
77
96
2898
1692
93
1083
1084
2016
2017
2911
2912
2913
78
2897
1982
1093
1094
455
454
2921
68
67
1180
65
1179
1095
1462
1703
1463
1886
917
2384
1073
2552
1239
1918
2932
2933
2936
1163
587
1160
1159
1909
1157
916
520
2153
909
1977
1976
495
2854
2853
1381
1380
1156
138
772
1147
1896
897
771
580
1546
1534
1535
1545
1146
1109
1131
1130
100
2601
1882
