72
1145
1156
1146
63
50
175
1148
653
270
602
814
593
16
1150
946
74
66
667
333
25
102
230
628
185
47
1140
297
119
79
182
3
289
107
108
110
372
1155
579
60
1255
15
601
1212
1095
443
105
61
916
146
616
1142
75
144
64
573
178
42
470
1172
65
97
1272
85
1169
219
49
711
1201
590
1059
1223
1158
139
1363
1175
239
353
121
317
320
1007
716
759
227
642
500
115
9
596
729
1163
112
1152
43
415
537
1167
59
128
81
1141
130
295
1188
810
719
210
717
95
161
304
768
100
445
159
647
961
641
416
250
117
186
1
461
568
368
909
99
1296
125
122
1138
782
490
377
370
685
965
152
267
718
726
371
1111
1112
750
1294
171
737
375
76
609
1261
168
543
196
1011
1280
148
249
1157
1143
1164
176
179
11
202
1190
401
1075
173
958
136
1045
1051
35
509
708
38
315
709
736
91
380
384
396
745
226
744
465
53
54
55
735
1070
713
1072
1071
327
307
482
481
479
305
306
8
660
167
390
630
1040
1286
386
14
532
928
361
363
631
243
1165
882
851
485
90
330
431
229
567
1343
316
1021
324
399
502
209
20
457
741
923
1359
839
225
1010
319
150
999
301
837
300
545
408
255
187
5
45
132
484
256
0
383
382
1050
1053
1054
376
373
1058
1064
1049
1065
1078
453
505
506
507
510
511
623
622
513
514
515
191
192
1055
264
263
565
566
260
254
253
252
1161
1162
575
576
734
265
549
555
562
563
887
266
886
874
1182
1183
224
213
1197
1196
1194
1193
1192
1191
212
995
220
221
1139
1137
1046
1249
1248
1247
1246
1243
1240
1239
1236
1235
143
1232
163
529
640
639
638
113
114
637
636
635
456
120
528
1263
398
134
135
309
137
944
140
141
940
939
828
599
1100
193
1133
1135
1136
786
785
494
495
913
436
497
912
194
58
424
972
763
1301
1302
1303
1304
973
1306
291
290
646
350
488
489
767
766
848
849
970
971
1206
1205
414
413
1012
164
165
754
70
69
68
67
845
1252
57
56
402
777
662
661
533
40
1332
1048
731
732
392
1323
1322
393
1029
1202
1017
204
1131
1130
1129
1127
1126
450
1123
1122
449
1023
1022
448
447
1107
1106
1105
990
991
1001
1002
1108
1032
1370
1366
1362
