46
397
24
190
296
32
2084
543
396
151
93
185
2092
415
3278
3251
3305
3428
3254
3257
3334
3280
3224
3317
3259
3303
3352
3481
3298
3261
3262
3318
3281
3290
3436
35
791
3292
946
2345
1307
329
1561
197
260
61
17
3460
3274
102
372
1
21
3295
2287
3238
3260
3291
3309
1156
3308
3263
118
3312
3473
3250
193
3236
3304
3243
284
3301
3246
76
184
3815
3270
3490
3239
336
84
3265
3315
529
1218
811
308
130
3279
115
75
1085
3302
34
422
116
264
300
1124
94
183
554
3540
412
727
3283
724
3277
3230
2426
322
426
654
3237
3275
33
863
3299
2431
2459
3474
1642
488
181
3581
520
3240
99
658
404
1921
748
671
257
223
3245
416
158
3252
276
149
689
414
148
332
991
445
380
660
651
3235
3264
2418
3234
2032
1928
19
851
1920
180
3286
2276
850
240
370
1222
47
647
1602
212
153
429
3249
1189
306
428
565
2935
273
1941
646
452
2338
648
234
456
781
771
379
5
778
182
3326
2310
3225
233
858
2693
2306
2411
252
113
398
1221
45
645
3712
770
274
772
210
613
548
595
1748
509
3271
3713
547
204
433
1426
1422
338
1203
2950
3780
375
3231
3273
1173
44
345
2530
323
2180
331
1254
1128
3256
1864
344
1413
155
1310
3742
302
2483
324
3637
1317
1241
384
1610
417
341
664
652
849
339
701
639
374
1590
1534
3516
3306
2658
3374
337
1861
3446
3232
1195
28
864
141
3635
601
1183
1206
207
8
280
1603
507
3643
3644
2070
23
2809
3733
2952
1586
179
3548
540
430
38
959
602
538
1458
512
3423
1559
198
3486
593
2196
929
1721
608
295
2297
1984
3618
933
1931
2587
355
986
206
1899
1200
859
1074
596
2533
2830
3576
1337
1324
753
172
518
3432
200
460
1027
170
1176
43
1404
1158
1035
2458
383
290
807
1465
1463
162
1186
906
927
4
715
3267
3241
954
3294
1137
680
161
2201
659
522
427
289
386
435
1050
3715
1621
3616
2273
558
3258
910
809
1424
949
129
186
42
1029
394
736
1538
3269
1986
868
1104
3879
64
528
3654
315
1341
2851
3805
688
7
584
2156
325
303
12
738
425
1661
1493
1362
1753
896
2430
1500
817
321
86
1400
83
553
95
1190
1755
333
282
941
448
2355
173
309
969
1532
3751
1830
2752
51
3628
617
2298
749
139
555
2145
2
316
1608
650
812
1483
598
1044
1702
283
1412
74
285
105
3639
79
1198
953
737
1457
2542
1382
464
101
2051
1652
1924
1814
597
2357
357
1051
703
1756
721
3063
2154
692
458
373
163
1122
908
3322
14
714
330
1056
1184
82
592
640
871
955
874
1132
437
381
2043
2850
434
1054
534
112
2134
704
1234
766
620
837
2480
2191
1488
2096
187
2803
6
1361
3297
2164
3325
3112
96
945
268
683
997
1230
3468
678
944
1059
1325
686
887
90
202
2132
299
2544
1112
439
2018
571
3734
716
3425
1752
1607
1113
1103
705
3547
2433
632
1874
3858
2403
313
3430
1155
20
1352
3266
2738
3044
1115
739
353
663
636
577
1323
1494
3627
3623
3868
3272
1049
564
690
1606
100
1639
152
2385
1342
1032
228
3054
2778
1657
1565
615
342
2169
1188
1707
1691
1824
423
546
2449
1757
3672
676
668
667
9
1181
670
610
673
2843
1720
1562
1256
902
532
1305
2774
1217
3694
78
2848
1365
1563
2361
552
1820
1423
232
624
1651
485
1985
1446
1130
1161
1129
453
2342
288
693
1196
73
550
525
768
3711
2649
2131
1524
231
931
679
171
164
1117
471
1555
713
1527
2558
1368
3324
3657
3500
1119
472
72
1971
1740
2561
1738
1075
988
3268
672
2114
3758
3458
856
556
3475
560
3477
281
913
909
1060
2211
702
2015
3012
2519
1295
635
1154
517
1519
587
1894
513
3545
10
1055
2776
622
1842
2150
1567
2564
1322
3285
3537
1070
1031
2970
3311
1030
535
1749
2520
3201
3506
1450
1449
480
477
1082
3710
1010
2116
167
1945
1950
3508
1742
3033
3034
478
1048
2494
801
894
1061
1063
2286
3709
614
110
1287
826
70
827
573
103
3789
1067
3865
882
77
1036
80
1589
2185
2045
3422
1733
286
2161
1002
1513
2020
2714
626
1028
1006
563
911
145
1086
1084
1080
3629
914
48
2907
1850
3217
1037
662
1953
2636
3586
2537
2397
2788
1582
229
1673
919
1374
1646
361
3093
3047
3836
2233
243
926
922
2010
1237
784
15
642
797
1251
25
3652
436
3676
3690
1263
304
1264
1047
432
661
431
1136
340
674
1033
1034
1038
1349
2735
2734
2732
2733
1667
1347
1343
1916
1372
3739
623
413
1981
500
1664
1668
1976
266
1252
196
1182
2475
493
1666
1612
3839
3682
1369
1133
3602
1963
1379
951
917
3215
3216
2395
3022
3021
3016
3601
2315
2317
3009
627
1765
1601
1569
2551
2425
2552
2214
1784
2316
3598
756
2462
2688
2270
519
1489
2687
1462
2166
2369
2167
366
2435
516
2029
2028
1283
523
219
536
2888
2887
65
365
222
993
1929
1923
1385
81
1758
878
1696
1528
875
2670
825
2672
1384
2417
1635
1100
2141
3568
2142
272
271
3573
2140
1949
1171
1987
1167
1160
2991
1153
2006
1799
411
3007
609
3811
408
618
2014
407
1101
3704
2067
1520
3075
2050
3071
1459
1763
2567
2506
1078
400
2024
1091
2386
1204
2949
1453
2893
1845
708
669
71
1021
3157
1658
3844
3187
1660
292
3247
1435
502
981
1442
2157
1499
1026
1041
2632
3755
1545
3282
3551
327
481
486
895
747
1638
2124
2817
1645
2138
3162
1268
828
883
1936
1619
2812
2666
1957
2183
1236
368
364
2657
2187
779
1244
3604
2944
3610
3614
239
1316
3136
1938
3138
1550
1533
2781
1227
1624
37
1680
474
1394
1686
3498
3771
3484
1735
1273
3765
1419
1737
2532
1654
1724
1019
3748
2826
699
3749
3651
2033
666
3004
2583
2825
1018
3116
2828
1199
287
98
3747
940
698
3146
816
1759
979
1747
1746
3455
3454
980
2401
511
968
1744
1001
1357
3037
1805
3544
1804
1587
1356
989
1360
3170
1798
1797
2710
2709
2713
3549
3171
2716
3024
3173
2332
2333
3026
1003
388
3027
3218
3172
1583
393
2525
1585
3032
3045
3046
418
419
2973
1566
2528
1557
1556
3296
1553
684
685
657
1552
1543
1542
1540
2545
709
711
712
1526
1548
2556
656
2510
606
607
1617
1616
1615
1611
621
2491
3321
1598
1597
1596
1595
3339
1593
2073
3515
2701
3083
2702
2703
3521
3522
3078
421
3525
3077
3527
3528
2707
3514
3074
928
932
3060
2319
2318
3056
1773
1774
1776
942
943
1781
1783
1312
1751
1311
3085
3511
476
3102
1706
1229
2359
977
2360
1238
3210
3011
3010
3122
1852
1853
1854
1855
270
269
1856
267
2362
265
2363
1689
3005
1843
591
1841
1242
2764
2472
1250
305
1249
1825
1826
1827
966
1829
261
298
2037
2744
2745
743
2751
2441
1232
1231
2597
3221
744
3222
2205
2204
2203
1835
1837
3666
3667
3668
1838
1219
719
2429
2739
3198
904
320
319
905
907
2731
2614
2250
2740
2249
3613
1260
211
3674
2578
2577
3678
3679
3680
3681
3673
2575
3684
3685
3686
2574
2573
2572
2571
3683
2579
2580
524
2625
2621
880
881
3622
297
2404
2405
2406
496
900
901
2408
2409
504
505
1209
1475
3723
194
2798
775
2151
2152
2793
2792
2791
2790
2559
2160
2162
217
2170
221
2171
3095
438
1625
446
861
2372
3724
866
1348
454
1185
2570
2569
224
867
848
3725
3002
1432
1895
2891
2986
2987
160
2994
2995
2996
2997
2118
169
174
175
176
359
1142
1143
1150
1151
3509
3510
1627
3512
1636
822
1121
1120
2102
147
2890
3793
3792
2962
2079
2080
2963
1431
967
123
2900
3128
3129
3130
3131
3132
2686
1718
1716
2681
789
1711
2677
2674
1700
1699
1698
1697
2668
2667
1257
1710
3592
3127
3119
1077
1893
108
1892
1891
2971
2972
1886
2976
3120
2832
2831
2075
2268
3332
3333
3818
3819
3820
2864
2865
1502
2262
1910
1911
3833
1912
1913
2955
1915
1917
1672
62
3842
3843
1269
56
1510
1267
2271
2042
1297
819
820
603
2300
3762
2301
2278
335
334
2920
2885
1514
2469
2470
1991
1438
1927
1926
1993
39
40
1994
1437
1656
1684
588
2048
589
2655
2654
1515
581
580
582
1979
2846
2049
3
1456
1468
1469
2910
11
1452
579
1975
1974
3880
3883
1944
